Crime ID,Month,Reported by,Falls within,Longitude,Latitude,Location,LSOA code,LSOA name,Crime type,Last outcome category,Context
3199b406c35e6989bc2fdc5618740e9f429dbf80b8ce4c96185eee61e7d12268,2021-05,Durham Constabulary,Durham Constabulary,0.154120,51.561849,On or near Gosfield Road,E01000061,Barking and Dagenham 006C,Violence and sexual offences,Status update unavailable,
c39582f4c3ca76d02ed16f0eca55dc90d35d3574f55f599cdf352095ab8554a1,2021-05,Durham Constabulary,Durham Constabulary,0.154120,51.561849,On or near Gosfield Road,E01000061,Barking and Dagenham 006C,Violence and sexual offences,Status update unavailable,
,2021-05,Durham Constabulary,Durham Constabulary,-1.727867,54.906261,On or near Park View,E01020634,County Durham 001A,Anti-social behaviour,,
,2021-05,Durham Constabulary,Durham Constabulary,-1.730899,54.907724,On or near The Fold,E01020634,County Durham 001A,Anti-social behaviour,,
,2021-05,Durham Constabulary,Durham Constabulary,-1.727487,54.904858,On or near Magnolia Grove,E01020634,County Durham 001A,Anti-social behaviour,,
ac6400b0988214b18f3b9ff157400126d6c2c6d7ebb33de258847e480fe6d713,2021-05,Durham Constabulary,Durham Constabulary,-1.726947,54.899393,On or near A692,E01020634,County Durham 001A,Burglary,Investigation complete; no suspect identified,
b5bcf6996441879ef150187d521512cb170d2d39cdffd6db29a244999a41e467,2021-05,Durham Constabulary,Durham Constabulary,-1.750831,54.902653,On or near B6310,E01020634,County Durham 001A,Criminal damage and arson,Investigation complete; no suspect identified,
ba721da087d4c70086c65f140b456c9c78f4221e4395b86dcabc379f3b2146bb,2021-05,Durham Constabulary,Durham Constabulary,-1.740027,54.907060,On or near The Copse,E01020634,County Durham 001A,Shoplifting,Investigation complete; no suspect identified,
e57c710035bbd49a510530c0d317f5a6475272b7cd4eb70a3448d6cacfa1c5d5,2021-05,Durham Constabulary,Durham Constabulary,-1.740027,54.907060,On or near The Copse,E01020634,County Durham 001A,Violence and sexual offences,Unable to prosecute suspect,
ddb32a2b3e0723d499f500d943c206abfcbbf621070d85164120e0e6b3878d52,2021-05,Durham Constabulary,Durham Constabulary,-1.724500,54.906065,On or near Front Street,E01020635,County Durham 001B,Public order,Unable to prosecute suspect,
49f8ec973913c3384c01a96e42b249a2116d414cfce3254c6333314005a355c3,2021-05,Durham Constabulary,Durham Constabulary,-1.721622,54.907253,On or near Raglan Place,E01020635,County Durham 001B,Violence and sexual offences,Investigation complete; no suspect identified,
,2021-05,Durham Constabulary,Durham Constabulary,-1.741883,54.904701,On or near Crathorne Court,E01020636,County Durham 001C,Anti-social behaviour,,
f6651abfdf470f4b2c98ef87f4a202f5a9fbaddd19469d2f8693bdb829d2d9f0,2021-05,Durham Constabulary,Durham Constabulary,-1.741883,54.904701,On or near Crathorne Court,E01020636,County Durham 001C,Criminal damage and arson,Unable to prosecute suspect,
d6322602ed5a396795df886275101523e44b3ff50f01c8f2eac0c81626ea194a,2021-05,Durham Constabulary,Durham Constabulary,-1.738932,54.905234,On or near Maple Terrace,E01020636,County Durham 001C,Public order,Unable to prosecute suspect,
341241f2eb7d15c9041c59b030a31a251bdabbba102ec17eca32c81505465c82,2021-05,Durham Constabulary,Durham Constabulary,-1.742925,54.902591,On or near Albion Gardens,E01020636,County Durham 001C,Violence and sexual offences,Unable to prosecute suspect,
430c9d7811946d3401d8fda0d9ff9bd3e63be04decfe33b587926615886dfbdb,2021-05,Durham Constabulary,Durham Constabulary,-1.735190,54.893157,On or near Front Street,E01020654,County Durham 001D,Public order,Further investigation is not in the public interest,
678c66e760a10c293dcdcc4a9b86bbd39488d1afcf7c01619118b50ac80dc64b,2021-05,Durham Constabulary,Durham Constabulary,-1.749892,54.883097,On or near Palmer Road,E01020654,County Durham 001D,Violence and sexual offences,Unable to prosecute suspect,
,2021-05,Durham Constabulary,Durham Constabulary,-1.681487,54.900038,On or near Parking Area,E01020676,County Durham 001E,Anti-social behaviour,,
,2021-05,Durham Constabulary,Durham Constabulary,-1.725303,54.886548,On or near Unity Terrace,E01020676,County Durham 001E,Anti-social behaviour,,
,2021-05,Durham Constabulary,Durham Constabulary,-1.726536,54.886335,On or near Front Street,E01020676,County Durham 001E,Anti-social behaviour,,
a796be1f413434cd688fae33fdb271503320bb9b58f141080d76307c40785311,2021-05,Durham Constabulary,Durham Constabulary,-1.712346,54.893653,On or near St Margaret'S Drive,E01020676,County Durham 001E,Criminal damage and arson,Unable to prosecute suspect,
a780be9a20f631f4bd889631ace8b82ebcf2edf4a2dd40463e169dabfb06722a,2021-05,Durham Constabulary,Durham Constabulary,-1.681487,54.900038,On or near Parking Area,E01020676,County Durham 001E,Criminal damage and arson,Investigation complete; no suspect identified,
2342a79206918aacd9f7a29a1ce83fcee7c47effda2a4e19c6968f62c588623b,2021-05,Durham Constabulary,Durham Constabulary,-1.681487,54.900038,On or near Parking Area,E01020676,County Durham 001E,Violence and sexual offences,Investigation complete; no suspect identified,
ad306e2ebee17433ea747e0111a1a874fd6318e4f1a303eceddb187fbbf6ef9c,2021-05,Durham Constabulary,Durham Constabulary,-1.725303,54.886548,On or near Unity Terrace,E01020676,County Durham 001E,Violence and sexual offences,Unable to prosecute suspect,
ad04c88a17a3d73dab2d3648394c6e12e0e9daa7bda943f446e048b3beb01382,2021-05,Durham Constabulary,Durham Constabulary,-1.712346,54.893653,On or near St Margaret'S Drive,E01020676,County Durham 001E,Violence and sexual offences,Unable to prosecute suspect,
,2021-05,Durham Constabulary,Durham Constabulary,-1.595593,54.888091,On or near Turnberry,E01020613,County Durham 002A,Anti-social behaviour,,
,2021-05,Durham Constabulary,Durham Constabulary,-1.600104,54.887513,On or near Alford,E01020613,County Durham 002A,Anti-social behaviour,,
7d3ae868ec72f43614947a5e71d0529c823b9859d3ff4d7bd91c4adb839a7533,2021-05,Durham Constabulary,Durham Constabulary,-1.600494,54.887433,On or near Angus,E01020613,County Durham 002A,Criminal damage and arson,Court result unavailable,
658a1fc3f4c52365d872a28806c70633d05d039097c36a032de19e96013ef536,2021-05,Durham Constabulary,Durham Constabulary,-1.595593,54.888091,On or near Turnberry,E01020613,County Durham 002A,Public order,Unable to prosecute suspect,
444b404bd3ab3a40cb16cc32e1ddf4e2e6986ace360b4e80afb9ec7f8882bff6,2021-05,Durham Constabulary,Durham Constabulary,-1.598598,54.886906,On or near Viola Crescent,E01020613,County Durham 002A,Violence and sexual offences,Court result unavailable,
322827f42ff61e4bf9439b3b02f5b6974425ff49e253046926dc8d9707b556a0,2021-05,Durham Constabulary,Durham Constabulary,-1.598598,54.886906,On or near Viola Crescent,E01020613,County Durham 002A,Violence and sexual offences,Court result unavailable,
ca60144746347efe3b56c98a3531be81862bf1668e46ed72464841a490f11ca7,2021-05,Durham Constabulary,Durham Constabulary,-1.600728,54.877998,On or near Ouston Lane,E01020613,County Durham 002A,Violence and sexual offences,Unable to prosecute suspect,
83d8c3bc21c5b42a32a0a1fab61385679f888b99ca431e0836b37c8110fd6355,2021-05,Durham Constabulary,Durham Constabulary,-1.594661,54.881528,On or near Milbanke Close,E01020613,County Durham 002A,Violence and sexual offences,Action to be taken by another organisation,
,2021-05,Durham Constabulary,Durham Constabulary,-1.598141,54.882618,On or near Petrol Station,E01020614,County Durham 002B,Anti-social behaviour,,
d43f796115facd675986aac7b848d240cf4966204bbc85cef4f1e673b6c3e5ee,2021-05,Durham Constabulary,Durham Constabulary,-1.599459,54.884896,On or near Parking Area,E01020614,County Durham 002B,Criminal damage and arson,Further action is not in the public interest,
e70d69546039b864eeb811df95702a97067fa90b6ac5733c4332cd2f0211ebe1,2021-05,Durham Constabulary,Durham Constabulary,-1.599459,54.884896,On or near Parking Area,E01020614,County Durham 002B,Drugs,Further action is not in the public interest,
6ad41024c4d46812f8a6df45bf21f22f5101af35896f80163ab8437d26fa53e9,2021-05,Durham Constabulary,Durham Constabulary,-1.598141,54.882618,On or near Petrol Station,E01020614,County Durham 002B,Other theft,Investigation complete; no suspect identified,
52842e2e7159de4bf25fc80b81c56365e4be29b7823bf5d6e03d3ff2452245d9,2021-05,Durham Constabulary,Durham Constabulary,-1.598141,54.882618,On or near Petrol Station,E01020614,County Durham 002B,Public order,Unable to prosecute suspect,
e074858e299091823547eca4f7da50bc434c6143b751a66187ab037b1911dfb1,2021-05,Durham Constabulary,Durham Constabulary,-1.601538,54.884363,On or near Arisaig,E01020614,County Durham 002B,Public order,Unable to prosecute suspect,
b4b173c21abbd10bba21e8cf442a313da516964f9619aa4b93c6e4f797df143b,2021-05,Durham Constabulary,Durham Constabulary,-1.600458,54.883246,On or near Abington,E01020614,County Durham 002B,Violence and sexual offences,Unable to prosecute suspect,
a032388ef048715383dc976f6b03d790454b2211a35fef5305fa36112f18a2ab,2021-05,Durham Constabulary,Durham Constabulary,-1.599459,54.884896,On or near Parking Area,E01020614,County Durham 002B,Violence and sexual offences,Further action is not in the public interest,
e217c58526031fa7269bd86756adbbca90aeb8bd9d3e0d3958a90b3c0216f463,2021-05,Durham Constabulary,Durham Constabulary,-1.602440,54.882991,On or near Ardrossan,E01020614,County Durham 002B,Violence and sexual offences,Unable to prosecute suspect,
a9ce902720ca91afe8c63ba177a087d18fb169b38066ef887081480689ce205e,2021-05,Durham Constabulary,Durham Constabulary,-1.601538,54.884363,On or near Arisaig,E01020614,County Durham 002B,Violence and sexual offences,Awaiting court outcome,
,2021-05,Durham Constabulary,Durham Constabulary,-1.654047,54.877677,On or near Birchwood Close,E01020622,County Durham 002C,Anti-social behaviour,,
,2021-05,Durham Constabulary,Durham Constabulary,-1.613022,54.886413,On or near Abbotside Close,E01020622,County Durham 002C,Anti-social behaviour,,
f80b8a622b6b269bc3ca29d2dedb5534f9561a521ddd7b328866a327be5dde87,2021-05,Durham Constabulary,Durham Constabulary,-1.634565,54.872623,On or near Poplar Street,E01020622,County Durham 002C,Violence and sexual offences,Unable to prosecute suspect,
c9352dc97c0df4888eaabdd751175f990bab2f5bdc7b432be49b8fa378a27931,2021-05,Durham Constabulary,Durham Constabulary,-1.635413,54.873569,On or near Sydney Street,E01020622,County Durham 002C,Violence and sexual offences,Further action is not in the public interest,
54e0d5c16740330046a3acfe524bfe4ce8470c38ab7e17ccd384548936de7de1,2021-05,Durham Constabulary,Durham Constabulary,-1.634565,54.872623,On or near Poplar Street,E01020622,County Durham 002C,Violence and sexual offences,Unable to prosecute suspect,
,2021-05,Durham Constabulary,Durham Constabulary,-1.611105,54.886380,On or near Bradley Close,E01020623,County Durham 002D,Anti-social behaviour,,
f431a0c7af56389af37e3c5d74423dff40adf7d54dd6f0e26ebbd48c4ad39e7c,2021-05,Durham Constabulary,Durham Constabulary,-1.611105,54.886380,On or near Bradley Close,E01020623,County Durham 002D,Burglary,Court result unavailable,
e79cbdbde39236b73e2398d6a1bd24eff8ec4179d7a9915776235549eb37e8dd,2021-05,Durham Constabulary,Durham Constabulary,-1.611105,54.886380,On or near Bradley Close,E01020623,County Durham 002D,Drugs,Court result unavailable,
4c3361bb499cf46882ec195c6c6cb984a8e4bdd8dc1e2106a004e328c45c3387,2021-05,Durham Constabulary,Durham Constabulary,-1.611105,54.886380,On or near Bradley Close,E01020623,County Durham 002D,Violence and sexual offences,Court result unavailable,
6a030302348932e72414207d1658ba512c6d516692bec7c997205e46be621432,2021-05,Durham Constabulary,Durham Constabulary,-1.854465,54.865752,On or near Surtees Place,E01020627,County Durham 003A,Criminal damage and arson,Investigation complete; no suspect identified,
f52a4ef9cfb3c1bfe541140c2cc9534ea705be93600de40b4b2a59a952c9ea21,2021-05,Durham Constabulary,Durham Constabulary,-1.851630,54.865641,On or near Greenacres Road,E01020627,County Durham 003A,Violence and sexual offences,Further action is not in the public interest,
6165f04eaf4e1dae0c9b3d440481866631be6c047461d874073cd93d070e48b9,2021-05,Durham Constabulary,Durham Constabulary,-1.851630,54.865641,On or near Greenacres Road,E01020627,County Durham 003A,Violence and sexual offences,Further action is not in the public interest,
603579a8b951dbbdeec1a5d8164da9b9b29a01c94613812e3c026d9f904fd636,2021-05,Durham Constabulary,Durham Constabulary,-1.857302,54.865378,On or near North Stead Drive,E01020627,County Durham 003A,Violence and sexual offences,Unable to prosecute suspect,
e6b4f0d94907f4b8336c6effdac24a213378753de423df311aa75564593a7261,2021-05,Durham Constabulary,Durham Constabulary,-1.856292,54.864712,On or near Newstead Rise,E01020627,County Durham 003A,Violence and sexual offences,Unable to prosecute suspect,
1e212694b616ba404d49075796bc09616781600e92afed3c4d10ae97bb69cc43,2021-05,Durham Constabulary,Durham Constabulary,-1.857302,54.865378,On or near North Stead Drive,E01020627,County Durham 003A,Violence and sexual offences,Unable to prosecute suspect,
cab5d5abcb0251b2f525f28aa6e33bc476ebe8b35ea7644dde57f0693afccbc0,2021-05,Durham Constabulary,Durham Constabulary,-1.852456,54.865417,On or near St Cuthbert'S Avenue,E01020627,County Durham 003A,Violence and sexual offences,Unable to prosecute suspect,
796dd8fd37e6427c02571ade2bf021853a3cd2bed45d057eb3125cf612e68f02,2021-05,Durham Constabulary,Durham Constabulary,-1.852456,54.865417,On or near St Cuthbert'S Avenue,E01020627,County Durham 003A,Violence and sexual offences,Unable to prosecute suspect,
,2021-05,Durham Constabulary,Durham Constabulary,-1.847766,54.869887,On or near Glenside,E01020628,County Durham 003B,Anti-social behaviour,,
e791e8b042f2a037ae51d18ab297af81bc3a5b514471e0c73f4ae3330d73fa7e,2021-05,Durham Constabulary,Durham Constabulary,-1.851247,54.868166,On or near Ashfield,E01020628,County Durham 003B,Criminal damage and arson,Investigation complete; no suspect identified,
377e2987f6e8290cb342804b381f8564f9b30d1f567e7a7569699ea66fb52e37,2021-05,Durham Constabulary,Durham Constabulary,-1.842868,54.871211,On or near Hospital,E01020628,County Durham 003B,Public order,Investigation complete; no suspect identified,
,2021-05,Durham Constabulary,Durham Constabulary,-1.847134,54.863901,On or near King'S Road,E01020629,County Durham 003C,Anti-social behaviour,,
,2021-05,Durham Constabulary,Durham Constabulary,-1.852993,54.867808,On or near Benfield Close,E01020629,County Durham 003C,Anti-social behaviour,,
6ca461082fd17ec9a3d7f94f3bc8f998dd3715ffd382da4ba366e04ab6e2670d,2021-05,Durham Constabulary,Durham Constabulary,-1.852899,54.863531,On or near Moorlands,E01020629,County Durham 003C,Burglary,Investigation complete; no suspect identified,
ab2d03a32d807044404e21a60e2a87bfbbbb91715b8145cbd0453aef28bc5890,2021-05,Durham Constabulary,Durham Constabulary,-1.850717,54.863870,On or near Princess Avenue,E01020629,County Durham 003C,Criminal damage and arson,Investigation complete; no suspect identified,
f92571ad4cbf3417ebba7f9d2ce9d53640091695d43d8e5618530089c4f7dc0a,2021-05,Durham Constabulary,Durham Constabulary,-1.843289,54.867041,On or near Oakwood Gardens,E01020629,County Durham 003C,Drugs,Local resolution,
1dd0166e0a58f61689e0a38f42d7be293d45439aedee057dec429b95296d7d9a,2021-05,Durham Constabulary,Durham Constabulary,-1.843289,54.867041,On or near Oakwood Gardens,E01020629,County Durham 003C,Other theft,Unable to prosecute suspect,
5ec232b506453aadd59a61b8e09db02b99171f0ac446145558358e395472edc9,2021-05,Durham Constabulary,Durham Constabulary,-1.851766,54.862568,On or near Newlands,E01020629,County Durham 003C,Other theft,Investigation complete; no suspect identified,
,2021-05,Durham Constabulary,Durham Constabulary,-1.820977,54.902390,On or near Derwent Crescent,E01020655,County Durham 003D,Anti-social behaviour,,
,2021-05,Durham Constabulary,Durham Constabulary,-1.820977,54.902390,On or near Derwent Crescent,E01020655,County Durham 003D,Anti-social behaviour,,
2fb03507dce4e2fc0e4fccf16ccd0bcaaad7523cef70a3fbf908ece925d81d68,2021-05,Durham Constabulary,Durham Constabulary,-1.820832,54.896396,On or near Lonsdale Court,E01020655,County Durham 003D,Criminal damage and arson,Investigation complete; no suspect identified,
483ced3cb48bcf6141bfb290e6f3c2669598073de7e6ffa82143e75a9d1602cd,2021-05,Durham Constabulary,Durham Constabulary,-1.820977,54.902390,On or near Derwent Crescent,E01020655,County Durham 003D,Public order,Unable to prosecute suspect,
a73bea0604bb6be333bbc1b64f8f638037a2970a149c5e6cf9bc545402f4de53,2021-05,Durham Constabulary,Durham Constabulary,-1.815449,54.904035,On or near Coltpark Woods,E01020655,County Durham 003D,Violence and sexual offences,Unable to prosecute suspect,
9f4d564adf80b294e3ace79866c7576eeab23afc64278ac520c5bc7f85594209,2021-05,Durham Constabulary,Durham Constabulary,-1.820977,54.902390,On or near Derwent Crescent,E01020655,County Durham 003D,Violence and sexual offences,Unable to prosecute suspect,
309b18f79bf5f90144fb6c8fb4842067846cbbddf5b005f792efcd545992bf7b,2021-05,Durham Constabulary,Durham Constabulary,-1.820977,54.902390,On or near Derwent Crescent,E01020655,County Durham 003D,Violence and sexual offences,Unable to prosecute suspect,
2d59e5f52f2300a7ccb97e456f85a6ba9c86ab6ac5a6189b2214826165eb241f,2021-05,Durham Constabulary,Durham Constabulary,-1.820977,54.902390,On or near Derwent Crescent,E01020655,County Durham 003D,Violence and sexual offences,Unable to prosecute suspect,
ea497b4177d4b3dd3f7d180ce5ac7796944a7abfaac84f7e1062c8dce138de8e,2021-05,Durham Constabulary,Durham Constabulary,-1.815932,54.883430,On or near B6310,E01020655,County Durham 003D,Violence and sexual offences,Unable to prosecute suspect,
9c4aa05f2aa3cad67e72c3f60bc27495cd211062a8218838c75cb8dcb15b2d4b,2021-05,Durham Constabulary,Durham Constabulary,-1.820977,54.902390,On or near Derwent Crescent,E01020655,County Durham 003D,Violence and sexual offences,Local resolution,
92c6bcc15ef057dbf78f6591c31641603d9b9b4fbf4410f48ff1fd84b37f75af,2021-05,Durham Constabulary,Durham Constabulary,-1.820977,54.902390,On or near Derwent Crescent,E01020655,County Durham 003D,Violence and sexual offences,Unable to prosecute suspect,
0f60668571bfca89d432bc3559b878254f40bc3917b2606707491f8eb193053a,2021-05,Durham Constabulary,Durham Constabulary,-1.820977,54.902390,On or near Derwent Crescent,E01020655,County Durham 003D,Other crime,Unable to prosecute suspect,
16c46263315092188db279e14a0168492e7f56f249f55113f706bd8b85230cfc,2021-05,Durham Constabulary,Durham Constabulary,-1.817884,54.903571,On or near Dene Court,E01020655,County Durham 003D,Other crime,Investigation complete; no suspect identified,
,2021-05,Durham Constabulary,Durham Constabulary,-1.840819,54.888803,On or near Spring Close,E01020656,County Durham 003E,Anti-social behaviour,,
,2021-05,Durham Constabulary,Durham Constabulary,-1.836511,54.894126,On or near Dixon Avenue,E01020656,County Durham 003E,Anti-social behaviour,,
3599f1ec699f7ad50530186a96082f4f593d7061ad9eb7378334ae46ec632ce1,2021-05,Durham Constabulary,Durham Constabulary,-1.834313,54.886395,On or near Ebchester Hill,E01020656,County Durham 003E,Other theft,Unable to prosecute suspect,
f100e502af7b198941da88abe709618b6c9182e98eaae21350df425856f1e71b,2021-05,Durham Constabulary,Durham Constabulary,-1.836511,54.894126,On or near Dixon Avenue,E01020656,County Durham 003E,Violence and sexual offences,Unable to prosecute suspect,
633f18ef09704499837c8dbd88682e5195de9e39f53a132a1985368b6e4057b8,2021-05,Durham Constabulary,Durham Constabulary,-1.836511,54.894126,On or near Dixon Avenue,E01020656,County Durham 003E,Violence and sexual offences,Unable to prosecute suspect,
b28eb45e8f216bcb0106b86865d77496d63b09e1efb8d68f2dc9ba516f860598,2021-05,Durham Constabulary,Durham Constabulary,-1.841540,54.891823,On or near Cohort Close,E01020656,County Durham 003E,Violence and sexual offences,Action to be taken by another organisation,
,2021-05,Durham Constabulary,Durham Constabulary,-1.818605,54.878402,On or near Fines Road,E01020657,County Durham 003F,Anti-social behaviour,,
,2021-05,Durham Constabulary,Durham Constabulary,-1.841080,54.873985,On or near Elm Park Road,E01020657,County Durham 003F,Anti-social behaviour,,
117e980d0c33d375007736b65499cea4d25f2392fa04eb93ec6b049abb1b398a,2021-05,Durham Constabulary,Durham Constabulary,-1.816348,54.881103,On or near South Magdalene,E01020657,County Durham 003F,Drugs,Offender given a caution,
3d8a503b41b648c73cbdf2cba1f5dc3b2da1d6bf3633080d7dce8daaedffe8d0,2021-05,Durham Constabulary,Durham Constabulary,-1.816348,54.881103,On or near South Magdalene,E01020657,County Durham 003F,Public order,Investigation complete; no suspect identified,
b18840e5c9fe740ef11ed1d0e8a7f434131cc4e03813f281ea77dd87614ccf42,2021-05,Durham Constabulary,Durham Constabulary,-1.828761,54.875873,On or near Prison,E01020657,County Durham 003F,Violence and sexual offences,Formal action is not in the public interest,
ff3ce37bd0840dd4228a527a05017466be80294d5fa7de59534431a559dff414,2021-05,Durham Constabulary,Durham Constabulary,-1.828761,54.875873,On or near Prison,E01020657,County Durham 003F,Violence and sexual offences,Unable to prosecute suspect,
6a3b633e12e6f117e159c659bb2fa99cc1492138e0191963a42a38f0039d0217,2021-05,Durham Constabulary,Durham Constabulary,-1.828761,54.875873,On or near Prison,E01020657,County Durham 003F,Violence and sexual offences,Formal action is not in the public interest,
bbe47e70581fb713a76071d7c480f7fc5f13fea66e506c7439855d79f6897bed,2021-05,Durham Constabulary,Durham Constabulary,-1.828761,54.875873,On or near Prison,E01020657,County Durham 003F,Violence and sexual offences,Formal action is not in the public interest,
61d47c0835556f5cb501c49e9643e9efec394d9414aed3069c0852742739b31b,2021-05,Durham Constabulary,Durham Constabulary,-1.828761,54.875873,On or near Prison,E01020657,County Durham 003F,Violence and sexual offences,Investigation complete; no suspect identified,
c7c744c4b98ebe647225322c711c627bb5a064d7c8350a296fd1388573196e7b,2021-05,Durham Constabulary,Durham Constabulary,-1.828761,54.875873,On or near Prison,E01020657,County Durham 003F,Violence and sexual offences,Formal action is not in the public interest,
650c91e39d1ad23af25286b8730bff1280d350da5bc85cb0d1eaddb0a0123db3,2021-05,Durham Constabulary,Durham Constabulary,-1.828761,54.875873,On or near Prison,E01020657,County Durham 003F,Violence and sexual offences,Formal action is not in the public interest,
b25e5c0ddf0d294d9c01e85d64aa533629d48d79fa50b8f8e43d0e197b681c60,2021-05,Durham Constabulary,Durham Constabulary,-1.816348,54.881103,On or near South Magdalene,E01020657,County Durham 003F,Violence and sexual offences,Unable to prosecute suspect,
33531dc552e5ca1fe7bccdc0a49f9911834f717c1938e25d2242147bc6030679,2021-05,Durham Constabulary,Durham Constabulary,-1.844839,54.873253,On or near Newbury Drive,E01020657,County Durham 003F,Violence and sexual offences,Investigation complete; no suspect identified,
,2021-05,Durham Constabulary,Durham Constabulary,-1.698985,54.870463,On or near Shopping Area,E01020661,County Durham 004A,Anti-social behaviour,,
,2021-05,Durham Constabulary,Durham Constabulary,-1.695416,54.870562,On or near Thorneyholme Terrace,E01020661,County Durham 004A,Anti-social behaviour,,
,2021-05,Durham Constabulary,Durham Constabulary,-1.696898,54.870341,On or near Parking Area,E01020661,County Durham 004A,Anti-social behaviour,,
,2021-05,Durham Constabulary,Durham Constabulary,-1.705654,54.868431,On or near Heather Way,E01020661,County Durham 004A,Anti-social behaviour,,
,2021-05,Durham Constabulary,Durham Constabulary,-1.697368,54.872149,On or near Royal Road,E01020661,County Durham 004A,Anti-social behaviour,,
,2021-05,Durham Constabulary,Durham Constabulary,-1.698966,54.868864,On or near Bus/Coach Station,E01020661,County Durham 004A,Anti-social behaviour,,
,2021-05,Durham Constabulary,Durham Constabulary,-1.698966,54.868864,On or near Bus/Coach Station,E01020661,County Durham 004A,Anti-social behaviour,,
,2021-05,Durham Constabulary,Durham Constabulary,-1.695416,54.870562,On or near Thorneyholme Terrace,E01020661,County Durham 004A,Anti-social behaviour,,
,2021-05,Durham Constabulary,Durham Constabulary,-1.701041,54.868491,On or near Front Street,E01020661,County Durham 004A,Anti-social behaviour,,
,2021-05,Durham Constabulary,Durham Constabulary,-1.698985,54.870463,On or near Shopping Area,E01020661,County Durham 004A,Anti-social behaviour,,
,2021-05,Durham Constabulary,Durham Constabulary,-1.698966,54.868864,On or near Bus/Coach Station,E01020661,County Durham 004A,Anti-social behaviour,,
,2021-05,Durham Constabulary,Durham Constabulary,-1.695587,54.868586,On or near Pedestrian Subway,E01020661,County Durham 004A,Anti-social behaviour,,
,2021-05,Durham Constabulary,Durham Constabulary,-1.698985,54.870463,On or near Shopping Area,E01020661,County Durham 004A,Anti-social behaviour,,
,2021-05,Durham Constabulary,Durham Constabulary,-1.698759,54.871550,On or near Anthony Street,E01020661,County Durham 004A,Anti-social behaviour,,
,2021-05,Durham Constabulary,Durham Constabulary,-1.695587,54.868586,On or near Pedestrian Subway,E01020661,County Durham 004A,Anti-social behaviour,,
,2021-05,Durham Constabulary,Durham Constabulary,-1.702807,54.867795,On or near Braidwood Mews,E01020661,County Durham 004A,Anti-social behaviour,,
,2021-05,Durham Constabulary,Durham Constabulary,-1.698966,54.868864,On or near Bus/Coach Station,E01020661,County Durham 004A,Anti-social behaviour,,
,2021-05,Durham Constabulary,Durham Constabulary,-1.698985,54.870463,On or near Shopping Area,E01020661,County Durham 004A,Anti-social behaviour,,
,2021-05,Durham Constabulary,Durham Constabulary,-1.698985,54.870463,On or near Shopping Area,E01020661,County Durham 004A,Anti-social behaviour,,
,2021-05,Durham Constabulary,Durham Constabulary,-1.695416,54.870562,On or near Thorneyholme Terrace,E01020661,County Durham 004A,Anti-social behaviour,,
,2021-05,Durham Constabulary,Durham Constabulary,-1.705276,54.868924,On or near Bracken Close,E01020661,County Durham 004A,Anti-social behaviour,,
,2021-05,Durham Constabulary,Durham Constabulary,-1.700755,54.869218,On or near Scott Street,E01020661,County Durham 004A,Anti-social behaviour,,
,2021-05,Durham Constabulary,Durham Constabulary,-1.697633,54.874207,On or near Barn Hill,E01020661,County Durham 004A,Anti-social behaviour,,
,2021-05,Durham Constabulary,Durham Constabulary,-1.705276,54.868924,On or near Bracken Close,E01020661,County Durham 004A,Anti-social behaviour,,
,2021-05,Durham Constabulary,Durham Constabulary,-1.698985,54.870463,On or near Shopping Area,E01020661,County Durham 004A,Anti-social behaviour,,
,2021-05,Durham Constabulary,Durham Constabulary,-1.701041,54.868491,On or near Front Street,E01020661,County Durham 004A,Anti-social behaviour,,
,2021-05,Durham Constabulary,Durham Constabulary,-1.696898,54.870341,On or near Parking Area,E01020661,County Durham 004A,Anti-social behaviour,,
b5f68411a89b16ffe80b541cc33e844ab96414212965bff70273832bda7a2228,2021-05,Durham Constabulary,Durham Constabulary,-1.699046,54.874894,On or near Sunny Terrace,E01020661,County Durham 004A,Burglary,Investigation complete; no suspect identified,
66c0f03f8936649138df2fa864826a9003676ba28cee67e127b375631bccd210,2021-05,Durham Constabulary,Durham Constabulary,-1.696267,54.873476,On or near Church Bank,E01020661,County Durham 004A,Burglary,Investigation complete; no suspect identified,
8bca73cb96e03b9000351750beedc1416ec879dc2c1a27c62a72a99ade057ae0,2021-05,Durham Constabulary,Durham Constabulary,-1.697874,54.869077,On or near Mary Street,E01020661,County Durham 004A,Criminal damage and arson,Investigation complete; no suspect identified,
f2aff210e44e203a555afdee755199bb2a1fdfa7d61ab3ad529118484c956f3b,2021-05,Durham Constabulary,Durham Constabulary,-1.698966,54.868864,On or near Bus/Coach Station,E01020661,County Durham 004A,Criminal damage and arson,Investigation complete; no suspect identified,
2a1392671d817d9e2def3e7d839f16d68fe2f26923483cf45a0678c429e39371,2021-05,Durham Constabulary,Durham Constabulary,-1.702807,54.867795,On or near Braidwood Mews,E01020661,County Durham 004A,Criminal damage and arson,Investigation complete; no suspect identified,
f7232735c17ec0e9807298a1735a3d559604b034866cbf171535107fc92b43d2,2021-05,Durham Constabulary,Durham Constabulary,-1.697874,54.869077,On or near Mary Street,E01020661,County Durham 004A,Criminal damage and arson,Local resolution,
f7ba503fdd705358dc476920b3ee92b97dd1d8ec20761ff9fe9f13f14005fe7c,2021-05,Durham Constabulary,Durham Constabulary,-1.698985,54.870463,On or near Shopping Area,E01020661,County Durham 004A,Criminal damage and arson,Investigation complete; no suspect identified,
91b2e5399c9f32377d1733114a06bed3ce26ce8566b7b43e1e2b122ac7441229,2021-05,Durham Constabulary,Durham Constabulary,-1.693080,54.874573,On or near Kay Street,E01020661,County Durham 004A,Criminal damage and arson,Investigation complete; no suspect identified,
b3b822d3368cc772cf74645473fbb15135b361361b5ab7939d1b1d4563f60b0c,2021-05,Durham Constabulary,Durham Constabulary,-1.698985,54.870463,On or near Shopping Area,E01020661,County Durham 004A,Criminal damage and arson,Investigation complete; no suspect identified,
8e6f74bcc2022f19077c2fae2531c914919642afed70244569bc6ab750caf018,2021-05,Durham Constabulary,Durham Constabulary,-1.701041,54.868491,On or near Front Street,E01020661,County Durham 004A,Other theft,Unable to prosecute suspect,
a063d7a77980bb884f6e4f517402d8d384480189ea30170d4e7a77f4c46c786b,2021-05,Durham Constabulary,Durham Constabulary,-1.702807,54.867795,On or near Braidwood Mews,E01020661,County Durham 004A,Possession of weapons,Court result unavailable,
79b0cf8885eb21b8655f1f68c9e501acbf226baf452baf8f68ac59774c51c3a2,2021-05,Durham Constabulary,Durham Constabulary,-1.697608,54.877505,On or near Orchard Grove,E01020661,County Durham 004A,Public order,Unable to prosecute suspect,
8f68b25b355fd1529045c5d0ef715b6f0f3be87ed5626bccf7fc1833ea40b2f2,2021-05,Durham Constabulary,Durham Constabulary,-1.698985,54.870463,On or near Shopping Area,E01020661,County Durham 004A,Public order,Unable to prosecute suspect,
248fc8262181cea48d6b4974f9dbbcde87e2a6796e0b8b938c1ea571c4078587,2021-05,Durham Constabulary,Durham Constabulary,-1.699381,54.875928,On or near Sunny Terrace,E01020661,County Durham 004A,Robbery,Unable to prosecute suspect,
477daff3aee52cc0f6a30b2f428d17b202a157cb1fb6496797d714482b3e38af,2021-05,Durham Constabulary,Durham Constabulary,-1.697610,54.868932,On or near Ritson Street,E01020661,County Durham 004A,Shoplifting,Further action is not in the public interest,
5fce6787f7c28a1ea54c707fa3fbdb5784255cbb4eaf6a12f57c220735b73089,2021-05,Durham Constabulary,Durham Constabulary,-1.701041,54.868491,On or near Front Street,E01020661,County Durham 004A,Shoplifting,Investigation complete; no suspect identified,
8f47fd8c5cd8b869669970a3f2313fd43ba3907e7552e87ff9e16118c83ce062,2021-05,Durham Constabulary,Durham Constabulary,-1.698985,54.870463,On or near Shopping Area,E01020661,County Durham 004A,Shoplifting,Court result unavailable,
6211dfbf6f861d047dd01eacef27064390cf8ff13a59631307d08e0e48efc7ff,2021-05,Durham Constabulary,Durham Constabulary,-1.701041,54.868491,On or near Front Street,E01020661,County Durham 004A,Shoplifting,Local resolution,
fbeff84ec8fe934c253c0e0136c8c6e9e84927122faddddbd32395874beb99b5,2021-05,Durham Constabulary,Durham Constabulary,-1.701041,54.868491,On or near Front Street,E01020661,County Durham 004A,Shoplifting,Investigation complete; no suspect identified,
253f8a69006596e6ff0d8c3ee63b6091dd26f8bdf59ab8fde420c198846842cc,2021-05,Durham Constabulary,Durham Constabulary,-1.701041,54.868491,On or near Front Street,E01020661,County Durham 004A,Shoplifting,Investigation complete; no suspect identified,
1c8320a8cabf288b705b210de12c0b0cd85be697579bff53a1b51519464b589e,2021-05,Durham Constabulary,Durham Constabulary,-1.701284,54.869355,On or near Parking Area,E01020661,County Durham 004A,Shoplifting,Investigation complete; no suspect identified,
3db197346fc23f417e737958a503a3940c43c0877c6b57964a7a6a8543a9d0ab,2021-05,Durham Constabulary,Durham Constabulary,-1.698985,54.870463,On or near Shopping Area,E01020661,County Durham 004A,Theft from the person,Investigation complete; no suspect identified,
e84ea81f38db51a0b4046ee5da2b3d3e3114ee6a9b7e6af5547beb343da2185f,2021-05,Durham Constabulary,Durham Constabulary,-1.697610,54.868932,On or near Ritson Street,E01020661,County Durham 004A,Violence and sexual offences,Offender given a caution,
ae50e9c69639ba3122a803d53f01b0810ecbda7891e07c1fd6380b1fbe4f6674,2021-05,Durham Constabulary,Durham Constabulary,-1.696267,54.873476,On or near Church Bank,E01020661,County Durham 004A,Violence and sexual offences,Court result unavailable,
4ece0c274de16a2c791ec48c9d7e8343645936cbeca79ad2530a2cceeed83cb0,2021-05,Durham Constabulary,Durham Constabulary,-1.697608,54.877505,On or near Orchard Grove,E01020661,County Durham 004A,Violence and sexual offences,Unable to prosecute suspect,
7ee815843792fedfc1913a49e800ba861bff28d0d2f5a21cc3b29d5ab152e171,2021-05,Durham Constabulary,Durham Constabulary,-1.692974,54.874079,On or near Ridley Street,E01020661,County Durham 004A,Violence and sexual offences,Unable to prosecute suspect,
d9768032680efb7374406bf563eaa5e1b2a73a86302924a0c34640efacd6b5a8,2021-05,Durham Constabulary,Durham Constabulary,-1.699046,54.874894,On or near Sunny Terrace,E01020661,County Durham 004A,Violence and sexual offences,Action to be taken by another organisation,
2701e4ee3b9d69c9df4cad7f5fa1c2744819c7ec2f336676e52213892d62ff0c,2021-05,Durham Constabulary,Durham Constabulary,-1.696267,54.873476,On or near Church Bank,E01020661,County Durham 004A,Violence and sexual offences,Court result unavailable,
,2021-05,Durham Constabulary,Durham Constabulary,-1.691551,54.876825,On or near Robert Terrace,E01020662,County Durham 004B,Anti-social behaviour,,
4883de700feeab21f23110400ef75ab620959d3993f9d00bd67dffb18fe48bb5,2021-05,Durham Constabulary,Durham Constabulary,-1.682379,54.873908,On or near Bourne Court,E01020662,County Durham 004B,Burglary,Status update unavailable,
ecd6427e1fa9f733e55a53e2b548d1dd3771cd312d5edafbf90ed46e48195ed7,2021-05,Durham Constabulary,Durham Constabulary,-1.691182,54.876132,On or near Catherine Terrace,E01020662,County Durham 004B,Burglary,Investigation complete; no suspect identified,
19ea8df50ea1491cef9ee6d2e341f99a371fbb580894f327365708b6ce8da21e,2021-05,Durham Constabulary,Durham Constabulary,-1.682379,54.873908,On or near Bourne Court,E01020662,County Durham 004B,Criminal damage and arson,Local resolution,
b14484b39361057c84d99ac8311651197ac492dbd0a64415c5a8108194b95f66,2021-05,Durham Constabulary,Durham Constabulary,-1.691551,54.876825,On or near Robert Terrace,E01020662,County Durham 004B,Criminal damage and arson,Unable to prosecute suspect,
3cb5de5478d5cb97e5f9ffe9f91368d08c515de773c8d5a3aa09f0da27b3a546,2021-05,Durham Constabulary,Durham Constabulary,-1.692224,54.876404,On or near Sylvia Terrace,E01020662,County Durham 004B,Other theft,Investigation complete; no suspect identified,
033bf64e6f49069f228ac4f6059e6ca1804fa51ea602d4fd39d3ee9e92250d76,2021-05,Durham Constabulary,Durham Constabulary,-1.692867,54.875966,On or near Wylam Terrace,E01020662,County Durham 004B,Other theft,Unable to prosecute suspect,
aae3597e75ae2f60b290c6c5e62ed65834533632a1d3e55d69c2cdae856c8595,2021-05,Durham Constabulary,Durham Constabulary,-1.688437,54.872414,On or near Petrol Station,E01020662,County Durham 004B,Other theft,Investigation complete; no suspect identified,
14e37e0f62180175905271119c83bd2c19b17fa30d741fb65818762dfe7cf5ed,2021-05,Durham Constabulary,Durham Constabulary,-1.689112,54.875839,On or near Wylam Road,E01020662,County Durham 004B,Public order,Unable to prosecute suspect,
3883b774f75e49e8f1f7863153ac37976c063608d9eb3fb88508e3118e6a6d48,2021-05,Durham Constabulary,Durham Constabulary,-1.691182,54.876132,On or near Catherine Terrace,E01020662,County Durham 004B,Violence and sexual offences,Unable to prosecute suspect,
1ef0a004de9b93ab13ac82dee288d9b2f54c5eae9a32b5b0d0b68bc62ff6f0b4,2021-05,Durham Constabulary,Durham Constabulary,-1.691144,54.877111,On or near Watson Street,E01020662,County Durham 004B,Violence and sexual offences,Action to be taken by another organisation,
2e2cd5045f1c39299bc1aa6a8d1458f010eed61f5a227bc0f783a22b81e56c15,2021-05,Durham Constabulary,Durham Constabulary,-1.691144,54.877111,On or near Watson Street,E01020662,County Durham 004B,Violence and sexual offences,Action to be taken by another organisation,
,2021-05,Durham Constabulary,Durham Constabulary,-1.696498,54.880072,On or near Oakeys Road,E01020663,County Durham 004C,Anti-social behaviour,,
,2021-05,Durham Constabulary,Durham Constabulary,-1.690747,54.878072,On or near A6076,E01020663,County Durham 004C,Anti-social behaviour,,
,2021-05,Durham Constabulary,Durham Constabulary,-1.677150,54.886726,On or near Parking Area,E01020663,County Durham 004C,Anti-social behaviour,,
59d9642d9b93e7412673991dce6718c6e879682c9b43536e5e3b2b229677bdb2,2021-05,Durham Constabulary,Durham Constabulary,-1.688510,54.879055,On or near Kiphill Court,E01020663,County Durham 004C,Criminal damage and arson,Investigation complete; no suspect identified,
fc947ffa4029b2cfc671fd64097a3d2e1d67adf5955fe787e93ddf7f55edb30e,2021-05,Durham Constabulary,Durham Constabulary,-1.696498,54.880072,On or near Oakeys Road,E01020663,County Durham 004C,Criminal damage and arson,Investigation complete; no suspect identified,
2e4da0f774fd3af6bd572ccab78f4fb6acf7d7d7e4fa673de47d92859c38c8e5,2021-05,Durham Constabulary,Durham Constabulary,-1.688429,54.879450,On or near Petrol Station,E01020663,County Durham 004C,Other theft,Investigation complete; no suspect identified,
21cae03a885a324d9c0d2fba4d16371cf5833ebca788f1d1e45819cf20e8c90c,2021-05,Durham Constabulary,Durham Constabulary,-1.664597,54.874022,On or near John Street,E01020663,County Durham 004C,Other theft,Unable to prosecute suspect,
fdad80618ee387df2614ea237e662b9137abe8e4a98f012357fc07eb82590ee0,2021-05,Durham Constabulary,Durham Constabulary,-1.688429,54.879450,On or near Petrol Station,E01020663,County Durham 004C,Public order,Investigation complete; no suspect identified,
86dcccbb8e4fd81299fed68edf243768bcccc3ec2ebf883e461d1e7322f40f3d,2021-05,Durham Constabulary,Durham Constabulary,-1.696498,54.880072,On or near Oakeys Road,E01020663,County Durham 004C,Violence and sexual offences,Unable to prosecute suspect,
ccdbb1801fd4a5c35e57e6ab3068291bbffb0905dd96c7e0a9fb8ae9397c574e,2021-05,Durham Constabulary,Durham Constabulary,-1.688451,54.880636,On or near Causey Road,E01020663,County Durham 004C,Violence and sexual offences,Unable to prosecute suspect,
305e3933d44a145b37090faea63d8e3e81463f0a315e793e50e6b40ec9459f1b,2021-05,Durham Constabulary,Durham Constabulary,-1.690747,54.878072,On or near A6076,E01020663,County Durham 004C,Violence and sexual offences,Unable to prosecute suspect,
734316f7dd544ddfe003ce4167ab98951edacbc1821263e5bce43b9cc0b64431,2021-05,Durham Constabulary,Durham Constabulary,-1.665235,54.874167,On or near Roseberry Street,E01020663,County Durham 004C,Violence and sexual offences,Unable to prosecute suspect,
7f4ef3f44eab1af72c3990792244b541b45aa339a1aefffa484e80c3120b3771,2021-05,Durham Constabulary,Durham Constabulary,-1.684577,54.883798,On or near Beamishburn Road,E01020663,County Durham 004C,Violence and sexual offences,Unable to prosecute suspect,
f060337a59fb72dd5b263e70449f17bde681da4211e06a7b10afe6fabe45ece0,2021-05,Durham Constabulary,Durham Constabulary,-1.688451,54.880636,On or near Causey Road,E01020663,County Durham 004C,Violence and sexual offences,Unable to prosecute suspect,
,2021-05,Durham Constabulary,Durham Constabulary,-1.675733,54.868966,On or near Gullane Close,E01020674,County Durham 004D,Anti-social behaviour,,
f69dc1bb339c36b2fa16160f0ccce1a6c55c5397c2523d9517b8c9592a73043c,2021-05,Durham Constabulary,Durham Constabulary,-1.676545,54.870720,On or near Sports/Recreation Area,E01020674,County Durham 004D,Criminal damage and arson,Investigation complete; no suspect identified,
2cf12fc634e786c5f3839f48013c8ae36269405c94fcd88c5fa2b9a32c0fc0a4,2021-05,Durham Constabulary,Durham Constabulary,-1.673800,54.872950,On or near Beamish Rise,E01020674,County Durham 004D,Criminal damage and arson,Unable to prosecute suspect,
b85d5944c5e9eed403a6adb33ad6b3e6a87492a29410eff09dec1efcd34f99ed,2021-05,Durham Constabulary,Durham Constabulary,-1.675305,54.868030,On or near Forres Court,E01020674,County Durham 004D,Public order,Unable to prosecute suspect,
dab805fe97c6c64f0dc05e260fb318aabd5a16c02251eab1b41429ee9f99da38,2021-05,Durham Constabulary,Durham Constabulary,-1.673800,54.872950,On or near Beamish Rise,E01020674,County Durham 004D,Violence and sexual offences,Unable to prosecute suspect,
032c404cf551762f7774b4cc67e221be2036f3099c92584b5b7457b0b839eac0,2021-05,Durham Constabulary,Durham Constabulary,-1.686179,54.872174,On or near Chester Road,E01020674,County Durham 004D,Violence and sexual offences,Unable to prosecute suspect,
a49f9376039bfbdbc6c4738425fb629f83a42d5a60a8ae4ad028f1a52edccaa4,2021-05,Durham Constabulary,Durham Constabulary,-1.676545,54.870720,On or near Sports/Recreation Area,E01020674,County Durham 004D,Violence and sexual offences,Investigation complete; no suspect identified,
4ffeef282d505e1a0489ba5c57262315d5daf38802f8dfb1195c853259b30da9,2021-05,Durham Constabulary,Durham Constabulary,-1.686179,54.872174,On or near Chester Road,E01020674,County Durham 004D,Violence and sexual offences,Unable to prosecute suspect,
c9324d723aa916e5ead88175528f34adb083ea19db764d276f9d2a192eefcd30,2021-05,Durham Constabulary,Durham Constabulary,-1.674924,54.868865,On or near Kinross Drive,E01020674,County Durham 004D,Violence and sexual offences,Unable to prosecute suspect,
92820a066379211e323fcfba9f6a64e0e62f3f24ba9eac7e5d712178f456cbd4,2021-05,Durham Constabulary,Durham Constabulary,-1.673800,54.872950,On or near Beamish Rise,E01020674,County Durham 004D,Violence and sexual offences,Unable to prosecute suspect,
1d06a564bee7e90395e7caca063eea3b2aad409b6993b5d94e6755fb9d955872,2021-05,Durham Constabulary,Durham Constabulary,-1.673800,54.872950,On or near Beamish Rise,E01020674,County Durham 004D,Violence and sexual offences,Unable to prosecute suspect,
9c657572a793218b5a86e83a0c34aaf60f8d05158fdcd2e74b3aa84c2a11bbf0,2021-05,Durham Constabulary,Durham Constabulary,-1.685135,54.872171,On or near Chester Road,E01020674,County Durham 004D,Violence and sexual offences,Court result unavailable,
2fb4094c27a7afe82dee8924b6c3131c8ea255ea2e2d58057aa9b4994211c642,2021-05,Durham Constabulary,Durham Constabulary,-1.678394,54.871354,On or near Sidney Close,E01020674,County Durham 004D,Violence and sexual offences,Investigation complete; no suspect identified,
f8f82f8585f59604616a014bd762fef2ea7ebab7a40de6830cd4731fac357fca,2021-05,Durham Constabulary,Durham Constabulary,-1.673800,54.872950,On or near Beamish Rise,E01020674,County Durham 004D,Other crime,Further investigation is not in the public interest,
45ca130a808c5334588be95bea9525735de2f42e736c4ad9712891213db1a3b7,2021-05,Durham Constabulary,Durham Constabulary,-1.673800,54.872950,On or near Beamish Rise,E01020674,County Durham 004D,Other crime,Further investigation is not in the public interest,
,2021-05,Durham Constabulary,Durham Constabulary,-1.707924,54.875598,On or near Sports/Recreation Area,E01020678,County Durham 004E,Anti-social behaviour,,
,2021-05,Durham Constabulary,Durham Constabulary,-1.714154,54.878309,On or near The Bungalows,E01020678,County Durham 004E,Anti-social behaviour,,
,2021-05,Durham Constabulary,Durham Constabulary,-1.704610,54.876929,On or near Good Street,E01020678,County Durham 004E,Anti-social behaviour,,
,2021-05,Durham Constabulary,Durham Constabulary,-1.707924,54.875598,On or near Sports/Recreation Area,E01020678,County Durham 004E,Anti-social behaviour,,
,2021-05,Durham Constabulary,Durham Constabulary,-1.704610,54.876929,On or near Good Street,E01020678,County Durham 004E,Anti-social behaviour,,
,2021-05,Durham Constabulary,Durham Constabulary,-1.707924,54.875598,On or near Sports/Recreation Area,E01020678,County Durham 004E,Anti-social behaviour,,
,2021-05,Durham Constabulary,Durham Constabulary,-1.714132,54.876997,On or near Bowmont Drive,E01020678,County Durham 004E,Anti-social behaviour,,
ff8ccf38a467e70780e8261406036ff44528d37827e7bffe613f2271dbf6579c,2021-05,Durham Constabulary,Durham Constabulary,-1.704610,54.876929,On or near Good Street,E01020678,County Durham 004E,Bicycle theft,Investigation complete; no suspect identified,
7547f333442c941f1c0ed370133f5ac3b71dba1c9b8bf01aa20c776f6f38bc80,2021-05,Durham Constabulary,Durham Constabulary,-1.707924,54.875598,On or near Sports/Recreation Area,E01020678,County Durham 004E,Burglary,Investigation complete; no suspect identified,
69370e090a8f6cb8a0c20ca1e268377d8b88573faecb4aa4608017fc68c0c29d,2021-05,Durham Constabulary,Durham Constabulary,-1.707924,54.875598,On or near Sports/Recreation Area,E01020678,County Durham 004E,Criminal damage and arson,Unable to prosecute suspect,
8648e09dae317f5985771a7268b3cec5e9331bc3f0129583413fdc695b947f8a,2021-05,Durham Constabulary,Durham Constabulary,-1.711547,54.878860,On or near Campion Drive,E01020678,County Durham 004E,Criminal damage and arson,Investigation complete; no suspect identified,
219628619075ea1761e5539dd981699efb8057260e7116baa11fabafbdcbebfc,2021-05,Durham Constabulary,Durham Constabulary,-1.704610,54.876929,On or near Good Street,E01020678,County Durham 004E,Violence and sexual offences,Unable to prosecute suspect,
,2021-05,Durham Constabulary,Durham Constabulary,-1.634824,54.862883,On or near Grange Court,E01020606,County Durham 005A,Anti-social behaviour,,
,2021-05,Durham Constabulary,Durham Constabulary,-1.637362,54.863106,On or near Queen Street,E01020606,County Durham 005A,Anti-social behaviour,,
,2021-05,Durham Constabulary,Durham Constabulary,-1.634824,54.862883,On or near Grange Court,E01020606,County Durham 005A,Anti-social behaviour,,
,2021-05,Durham Constabulary,Durham Constabulary,-1.636130,54.863201,On or near West Street,E01020606,County Durham 005A,Anti-social behaviour,,
,2021-05,Durham Constabulary,Durham Constabulary,-1.634824,54.862883,On or near Grange Court,E01020606,County Durham 005A,Anti-social behaviour,,
,2021-05,Durham Constabulary,Durham Constabulary,-1.634824,54.862883,On or near Grange Court,E01020606,County Durham 005A,Anti-social behaviour,,
,2021-05,Durham Constabulary,Durham Constabulary,-1.637885,54.863835,On or near Pine Street,E01020606,County Durham 005A,Anti-social behaviour,,
,2021-05,Durham Constabulary,Durham Constabulary,-1.640810,54.869505,On or near Orchard Close,E01020606,County Durham 005A,Anti-social behaviour,,
,2021-05,Durham Constabulary,Durham Constabulary,-1.637362,54.863106,On or near Queen Street,E01020606,County Durham 005A,Anti-social behaviour,,
6274168b60b35ac7ff6727c462fbac958752fb05b6f4da8ca63692059ef3ddc2,2021-05,Durham Constabulary,Durham Constabulary,-1.637362,54.863106,On or near Queen Street,E01020606,County Durham 005A,Criminal damage and arson,Investigation complete; no suspect identified,
a1d9714ad0b74c7397407a8b8c4349e9d50216d9748a59f15c96cfc8f2d54498,2021-05,Durham Constabulary,Durham Constabulary,-1.640810,54.869505,On or near Orchard Close,E01020606,County Durham 005A,Criminal damage and arson,Investigation complete; no suspect identified,
adcb96efea45fd38d7f0534d4550def07702d3b2bf9ab8f7dec5a5d0dd6a717b,2021-05,Durham Constabulary,Durham Constabulary,-1.636754,54.863149,On or near Albert Street,E01020606,County Durham 005A,Drugs,Court result unavailable,
7e5f17ac3cfe9a1f03a448765a9d6a95988ba74aa2f0dc3e936c57d4f29c253a,2021-05,Durham Constabulary,Durham Constabulary,-1.637362,54.863106,On or near Queen Street,E01020606,County Durham 005A,Other theft,Unable to prosecute suspect,
e0d294dc078baed7420548c32da9a5d1ad23df138959acf88be90dd0e8038cdd,2021-05,Durham Constabulary,Durham Constabulary,-1.640810,54.869505,On or near Orchard Close,E01020606,County Durham 005A,Other theft,Investigation complete; no suspect identified,
b97daf0d7ad53e9d6f8f3d00d1f55e5a08b8d71e756b380f8e58b4a4250a30e6,2021-05,Durham Constabulary,Durham Constabulary,-1.636754,54.863149,On or near Albert Street,E01020606,County Durham 005A,Public order,Unable to prosecute suspect,
75bf43717b39cc387aa19cec120d04ea0d4b1df9e39b58c8bccb42c3bbaa1b33,2021-05,Durham Constabulary,Durham Constabulary,-1.637362,54.863106,On or near Queen Street,E01020606,County Durham 005A,Public order,Court result unavailable,
6b8ccadfa8962849d245f5c7b50a789c6e2816d6e75dee52e932f6a3f816f1d0,2021-05,Durham Constabulary,Durham Constabulary,-1.637362,54.863106,On or near Queen Street,E01020606,County Durham 005A,Public order,Court result unavailable,
8cfc07c90e4d0eee2b3dd54a7769140f0d33810e26c05b0d25e20560738bae3f,2021-05,Durham Constabulary,Durham Constabulary,-1.637362,54.863106,On or near Queen Street,E01020606,County Durham 005A,Public order,Court result unavailable,
876d91b853e0d8c8411b079b637d9b829265afbb83fc8588dd2ad7bdcc0983c1,2021-05,Durham Constabulary,Durham Constabulary,-1.641244,54.871493,On or near Edenfield,E01020606,County Durham 005A,Violence and sexual offences,Unable to prosecute suspect,
702cdbff2a8724a674c2687b64720a2aa00fe46f5740c7ad3774b00adf8af286,2021-05,Durham Constabulary,Durham Constabulary,-1.634824,54.862883,On or near Grange Court,E01020606,County Durham 005A,Violence and sexual offences,Unable to prosecute suspect,
5b684c0c65d0a42541ae79fae9c3b41ac8cc075dafa56ca726574bb85faff6af,2021-05,Durham Constabulary,Durham Constabulary,-1.637362,54.863106,On or near Queen Street,E01020606,County Durham 005A,Violence and sexual offences,Unable to prosecute suspect,
,2021-05,Durham Constabulary,Durham Constabulary,-1.606708,54.873686,On or near Ernest Street,E01020615,County Durham 005B,Anti-social behaviour,,
f6a6224792da286d2d88c7335d6b3563a15a9e32fdf45aee988d4ae96fedefb1,2021-05,Durham Constabulary,Durham Constabulary,-1.599536,54.877141,On or near Conway Place,E01020615,County Durham 005B,Drugs,Status update unavailable,
54b410d5c9deadcfcb3f081ad3a8f576a9cd203e9ffd18d04d4fd85cfab76ff9,2021-05,Durham Constabulary,Durham Constabulary,-1.599536,54.877141,On or near Conway Place,E01020615,County Durham 005B,Drugs,Court result unavailable,
6eba1d160ea7417179f3be4fbcccbcb13677c7b1b6f9da1d6fd40ba39a1f9b47,2021-05,Durham Constabulary,Durham Constabulary,-1.606708,54.873686,On or near Ernest Street,E01020615,County Durham 005B,Other theft,Investigation complete; no suspect identified,
f80c2fb7699edeb2c16346a7c6e93daa88041f10a07494ea6045376191477b28,2021-05,Durham Constabulary,Durham Constabulary,-1.598653,54.875107,On or near Gairloch Drive,E01020615,County Durham 005B,Public order,Unable to prosecute suspect,
92b430e3b3bff18a51c04c763e1c3dfc94efe9f8ce452f8e17f175a30e99d9c0,2021-05,Durham Constabulary,Durham Constabulary,-1.598653,54.875107,On or near Gairloch Drive,E01020615,County Durham 005B,Public order,Unable to prosecute suspect,
9147b762dbfce33db66f75864f68eae5bbf776718db988ab5ab151f5a207bc30,2021-05,Durham Constabulary,Durham Constabulary,-1.599536,54.877141,On or near Conway Place,E01020615,County Durham 005B,Public order,Unable to prosecute suspect,
39f86a1a79ae41cdb0f957fa6513438f72fad4cf395e0dca1bbdd292740ff7da,2021-05,Durham Constabulary,Durham Constabulary,-1.602010,54.874444,On or near Pedestrian Subway,E01020615,County Durham 005B,Violence and sexual offences,Unable to prosecute suspect,
5eb9c641008d4c265d6782c5eb582305eb8bd1226bc17d1e0d20baed0d14e064,2021-05,Durham Constabulary,Durham Constabulary,-1.599536,54.877141,On or near Conway Place,E01020615,County Durham 005B,Violence and sexual offences,Action to be taken by another organisation,
84710c44d96d1c32a7b6b98159df79943210343b87773d6254906caf6cf3341a,2021-05,Durham Constabulary,Durham Constabulary,-1.600110,54.875867,On or near Ascot Place,E01020615,County Durham 005B,Violence and sexual offences,Unable to prosecute suspect,
4941d797f4866e4a1fc50588c505b2b885441e147ef7f076b09d51048c7e5ba8,2021-05,Durham Constabulary,Durham Constabulary,-1.601981,54.875738,On or near Wansbeck Close,E01020615,County Durham 005B,Violence and sexual offences,Unable to prosecute suspect,
a476732c0e3361752c5640cc12e25c2c4d47fdc543652ee68d99f79e8f9e07cd,2021-05,Durham Constabulary,Durham Constabulary,-1.599536,54.877141,On or near Conway Place,E01020615,County Durham 005B,Violence and sexual offences,Action to be taken by another organisation,
b6c86b66c7bf33bcde1e262e84fc9ca7221805483a9eb0e819b7885d88d970c4,2021-05,Durham Constabulary,Durham Constabulary,-1.598046,54.876597,On or near Brecon Place,E01020615,County Durham 005B,Violence and sexual offences,Unable to prosecute suspect,
,2021-05,Durham Constabulary,Durham Constabulary,-1.608928,54.871348,On or near Elwin Place,E01020616,County Durham 005C,Anti-social behaviour,,
,2021-05,Durham Constabulary,Durham Constabulary,-1.608928,54.871348,On or near Elwin Place,E01020616,County Durham 005C,Anti-social behaviour,,
,2021-05,Durham Constabulary,Durham Constabulary,-1.607752,54.872099,On or near Grange Street,E01020616,County Durham 005C,Anti-social behaviour,,
,2021-05,Durham Constabulary,Durham Constabulary,-1.605071,54.872153,On or near Southfield,E01020616,County Durham 005C,Anti-social behaviour,,
,2021-05,Durham Constabulary,Durham Constabulary,-1.604054,54.871009,On or near Brackenbeds Close,E01020616,County Durham 005C,Anti-social behaviour,,
,2021-05,Durham Constabulary,Durham Constabulary,-1.609675,54.871413,On or near The Garth,E01020616,County Durham 005C,Anti-social behaviour,,
346e78eec7242c9026b230f9d9089b2518fca712d5a75da66da229af3a265e60,2021-05,Durham Constabulary,Durham Constabulary,-1.608638,54.873854,On or near Hylton Terrace,E01020616,County Durham 005C,Burglary,Unable to prosecute suspect,
49a9643242a0ae364431f856809af972fc6cf376b8605d9382c135a3f15d2f80,2021-05,Durham Constabulary,Durham Constabulary,-1.613486,54.873708,On or near Greenacres,E01020616,County Durham 005C,Burglary,Investigation complete; no suspect identified,
1c59f74567806f5f730177289463fbc82b27dafa5648f76fd689e994f432ffc5,2021-05,Durham Constabulary,Durham Constabulary,-1.608631,54.873046,On or near Police Station,E01020616,County Durham 005C,Shoplifting,Court result unavailable,
e586f457b54b91a7a9bed7939d5bd776436bbbf090d9f01bd86bcef0dc656e4a,2021-05,Durham Constabulary,Durham Constabulary,-1.608631,54.873046,On or near Police Station,E01020616,County Durham 005C,Shoplifting,Court result unavailable,
97806fa226403206af25f4be0d4eb047f5447878c4aad4d5006e78dc6c707030,2021-05,Durham Constabulary,Durham Constabulary,-1.608859,54.873559,On or near Ivyway,E01020616,County Durham 005C,Violence and sexual offences,Unable to prosecute suspect,
09ea78ed7ab1e2cd642a3c9a5663eb008e72dbcd3c072f5ba6fed11c49f501f1,2021-05,Durham Constabulary,Durham Constabulary,-1.604054,54.871009,On or near Brackenbeds Close,E01020616,County Durham 005C,Violence and sexual offences,Investigation complete; no suspect identified,
312705d012c65e65ce973734424e7c7bdf11313a29d982939409450995cf7a72,2021-05,Durham Constabulary,Durham Constabulary,-1.608859,54.873559,On or near Ivyway,E01020616,County Durham 005C,Violence and sexual offences,Unable to prosecute suspect,
a853b17b6c2be852d135935947a88efeac5d81d5946835957942e4666bae86ee,2021-05,Durham Constabulary,Durham Constabulary,-1.608859,54.873559,On or near Ivyway,E01020616,County Durham 005C,Violence and sexual offences,Unable to prosecute suspect,
104f4e5d0d5943aa1db5057354682dd049a7d83303c1351c1fd583694da92e5f,2021-05,Durham Constabulary,Durham Constabulary,-1.611759,54.873460,On or near Sandyford,E01020616,County Durham 005C,Violence and sexual offences,Unable to prosecute suspect,
5909a5b41325ce56addec814b6f5928226885061850b8748c8de317fb70776e7,2021-05,Durham Constabulary,Durham Constabulary,-1.609998,54.871828,On or near Vicarage Close,E01020616,County Durham 005C,Violence and sexual offences,Investigation complete; no suspect identified,
ba1fae6baebd44fdae70254fc30c91d0f154fbb58a918df67542e16092260691,2021-05,Durham Constabulary,Durham Constabulary,-1.604054,54.871009,On or near Brackenbeds Close,E01020616,County Durham 005C,Violence and sexual offences,Unable to prosecute suspect,
cc13e18a918aa4afd21fda26784f5eb67c6d3c0f5bbefa226fb7375416b97730,2021-05,Durham Constabulary,Durham Constabulary,-1.604054,54.871009,On or near Brackenbeds Close,E01020616,County Durham 005C,Violence and sexual offences,Unable to prosecute suspect,
fdbc7c6b5934cbed8464a7d71cbd531bcad46320dde1b203316819a2146a369c,2021-05,Durham Constabulary,Durham Constabulary,-1.608631,54.873046,On or near Police Station,E01020616,County Durham 005C,Violence and sexual offences,Further action is not in the public interest,
b9507049778e5cecea3eb60223681f52208204df672536238b9ccf40c12fc577,2021-05,Durham Constabulary,Durham Constabulary,-1.611759,54.873460,On or near Sandyford,E01020616,County Durham 005C,Violence and sexual offences,Unable to prosecute suspect,
,2021-05,Durham Constabulary,Durham Constabulary,-1.615645,54.872870,On or near King'S Lane,E01020617,County Durham 005D,Anti-social behaviour,,
,2021-05,Durham Constabulary,Durham Constabulary,-1.614984,54.871844,On or near Pedestrian Subway,E01020617,County Durham 005D,Anti-social behaviour,,
,2021-05,Durham Constabulary,Durham Constabulary,-1.620460,54.871160,On or near Oak Terrace,E01020617,County Durham 005D,Anti-social behaviour,,
,2021-05,Durham Constabulary,Durham Constabulary,-1.620460,54.871160,On or near Oak Terrace,E01020617,County Durham 005D,Anti-social behaviour,,
809517c3bf4c43404e8ff3ab22e13953a5a60c987789c65602a105f986064fa0,2021-05,Durham Constabulary,Durham Constabulary,-1.621774,54.865700,On or near Roseberry Villas,E01020617,County Durham 005D,Drugs,Court result unavailable,
f883250da9f53326c1f713866ba3ce36596f5c1f9d839ec43199f879b5918b13,2021-05,Durham Constabulary,Durham Constabulary,-1.616414,54.873924,On or near Thorntons Close,E01020617,County Durham 005D,Public order,Unable to prosecute suspect,
454645eb22734d86cc58fea77c310c80b716c82a1b67a5b1d7e20fc20f284a16,2021-05,Durham Constabulary,Durham Constabulary,-1.621774,54.865700,On or near Roseberry Villas,E01020617,County Durham 005D,Public order,Unable to prosecute suspect,
9016c73aef857b5242d2e35268d874567b830d760a20643b5df3e30c703d11bf,2021-05,Durham Constabulary,Durham Constabulary,-1.617250,54.871249,On or near Front Street,E01020617,County Durham 005D,Public order,Investigation complete; no suspect identified,
9d339fde9f3bab66737057b785b7079901ba21b067705a19028049f6cda9b3ca,2021-05,Durham Constabulary,Durham Constabulary,-1.638486,54.871574,On or near Green'S Bank,E01020617,County Durham 005D,Vehicle crime,Investigation complete; no suspect identified,
c607ad1b6f40d372e77fcf2c7f63f9a56272c0d3375fdba497541aa67f6c57a5,2021-05,Durham Constabulary,Durham Constabulary,-1.621449,54.870435,On or near The Parade,E01020617,County Durham 005D,Violence and sexual offences,Investigation complete; no suspect identified,
6c2a7c86ca314bc938ea51779f6cc4aefb1628d7fefc1312d48c2e6a6cba3f64,2021-05,Durham Constabulary,Durham Constabulary,-1.621774,54.865700,On or near Roseberry Villas,E01020617,County Durham 005D,Violence and sexual offences,Unable to prosecute suspect,
66fc6b9a942b73ab9fed3460aee2a09e2c9caa68997eb93c38a386cdeeb18e71,2021-05,Durham Constabulary,Durham Constabulary,-1.622657,54.867833,On or near Pelton Lane,E01020617,County Durham 005D,Violence and sexual offences,Unable to prosecute suspect,
2fb004e83f76dfb44ef6f4fe7bdce5a40c20075e7eae9157a0956ddce01fc4cb,2021-05,Durham Constabulary,Durham Constabulary,-1.617250,54.871249,On or near Front Street,E01020617,County Durham 005D,Violence and sexual offences,Investigation complete; no suspect identified,
,2021-05,Durham Constabulary,Durham Constabulary,-1.744523,54.857124,On or near Snowdon Court,E01020626,County Durham 006A,Anti-social behaviour,,
,2021-05,Durham Constabulary,Durham Constabulary,-1.744523,54.857124,On or near Snowdon Court,E01020626,County Durham 006A,Anti-social behaviour,,
,2021-05,Durham Constabulary,Durham Constabulary,-1.744523,54.857124,On or near Snowdon Court,E01020626,County Durham 006A,Anti-social behaviour,,
,2021-05,Durham Constabulary,Durham Constabulary,-1.740895,54.859210,On or near Staindrop Terrace,E01020626,County Durham 006A,Anti-social behaviour,,
,2021-05,Durham Constabulary,Durham Constabulary,-1.743099,54.855611,On or near Sports/Recreation Area,E01020626,County Durham 006A,Anti-social behaviour,,
,2021-05,Durham Constabulary,Durham Constabulary,-1.736821,54.860594,On or near Stanhope Gardens,E01020626,County Durham 006A,Anti-social behaviour,,
,2021-05,Durham Constabulary,Durham Constabulary,-1.740895,54.859210,On or near Staindrop Terrace,E01020626,County Durham 006A,Anti-social behaviour,,
,2021-05,Durham Constabulary,Durham Constabulary,-1.739152,54.861399,On or near Clowes Terrace,E01020626,County Durham 006A,Anti-social behaviour,,
,2021-05,Durham Constabulary,Durham Constabulary,-1.736821,54.860594,On or near Stanhope Gardens,E01020626,County Durham 006A,Anti-social behaviour,,
,2021-05,Durham Constabulary,Durham Constabulary,-1.736821,54.860594,On or near Stanhope Gardens,E01020626,County Durham 006A,Anti-social behaviour,,
a440f38fc62de0b8a7dadf745389dfee0db206f1b8b8b738bed89e7f888201e3,2021-05,Durham Constabulary,Durham Constabulary,-1.739173,54.858128,On or near Hutton Close,E01020626,County Durham 006A,Burglary,Investigation complete; no suspect identified,
c9d3506c570f47e04625aaa2d7ceca6d7ae02ed68997763155c7c9cb262707bf,2021-05,Durham Constabulary,Durham Constabulary,-1.739173,54.858128,On or near Hutton Close,E01020626,County Durham 006A,Violence and sexual offences,Investigation complete; no suspect identified,
14909e9b2247762bb81659c81d6f797a19f4fbbd53f9426d9572bef6588e730b,2021-05,Durham Constabulary,Durham Constabulary,-1.739173,54.858128,On or near Hutton Close,E01020626,County Durham 006A,Violence and sexual offences,Unable to prosecute suspect,
0c196e751e760f64882cd114ec54d92abdfa7eb1dc90915af07fa5f48e028b1c,2021-05,Durham Constabulary,Durham Constabulary,-1.744523,54.857124,On or near Snowdon Court,E01020626,County Durham 006A,Violence and sexual offences,Court result unavailable,
b4f990f1ac00654b5c381d28f4175ea6333a84dc1241e48fdfa979b19e170ee1,2021-05,Durham Constabulary,Durham Constabulary,-1.741088,54.860738,On or near Queens Parade,E01020626,County Durham 006A,Violence and sexual offences,Unable to prosecute suspect,
6c11dda7e7780856ed0a6ce4314cc7a4ced9f204b4748d02ace149687fbaff7f,2021-05,Durham Constabulary,Durham Constabulary,-1.744523,54.857124,On or near Snowdon Court,E01020626,County Durham 006A,Violence and sexual offences,Court result unavailable,
cec2c0b05a7013a099d19c18918558f464416c890c70c1c12f78784476e0fbde,2021-05,Durham Constabulary,Durham Constabulary,-1.733970,54.858180,On or near Elizabeth Street,E01020626,County Durham 006A,Violence and sexual offences,Unable to prosecute suspect,
22c5a612d5edc0c5235f6aa0f9438fa63af7998a2a4029f5d7159656ae2ecb62,2021-05,Durham Constabulary,Durham Constabulary,-1.738351,54.862502,On or near Fines Park,E01020626,County Durham 006A,Other crime,Unable to prosecute suspect,
,2021-05,Durham Constabulary,Durham Constabulary,-1.748113,54.863404,On or near Trowsdale Street,E01020638,County Durham 006B,Anti-social behaviour,,
,2021-05,Durham Constabulary,Durham Constabulary,-1.747430,54.865568,On or near Tollgate Bungalows,E01020638,County Durham 006B,Anti-social behaviour,,
,2021-05,Durham Constabulary,Durham Constabulary,-1.743932,54.859360,On or near Sports/Recreation Area,E01020638,County Durham 006B,Anti-social behaviour,,
9d667d322057ac1c8e871e9e6a4dbb025ff07853b9848078d490685eae988261,2021-05,Durham Constabulary,Durham Constabulary,-1.744051,54.862802,On or near North Road,E01020638,County Durham 006B,Criminal damage and arson,Further investigation is not in the public interest,
c6c99b6af670f39126e9a3c758fbb92feae326214f4905c980c80ff1738cd5d0,2021-05,Durham Constabulary,Durham Constabulary,-1.743932,54.859360,On or near Sports/Recreation Area,E01020638,County Durham 006B,Public order,Unable to prosecute suspect,
1aababcd20103aef73cfe7f3d29a5d8977bb8f38646c6a552b76bbfc62d0fd58,2021-05,Durham Constabulary,Durham Constabulary,-1.743932,54.859360,On or near Sports/Recreation Area,E01020638,County Durham 006B,Public order,Unable to prosecute suspect,
67596c4944552f40ffe69d9789f9559070c9894d110d73cdbcab5c1fe25fc166,2021-05,Durham Constabulary,Durham Constabulary,-1.743932,54.859360,On or near Sports/Recreation Area,E01020638,County Durham 006B,Violence and sexual offences,Unable to prosecute suspect,
,2021-05,Durham Constabulary,Durham Constabulary,-1.748313,54.868814,On or near Carrmyers,E01020639,County Durham 006C,Anti-social behaviour,,
,2021-05,Durham Constabulary,Durham Constabulary,-1.749462,54.869499,On or near North Road,E01020639,County Durham 006C,Anti-social behaviour,,
,2021-05,Durham Constabulary,Durham Constabulary,-1.749462,54.869499,On or near North Road,E01020639,County Durham 006C,Anti-social behaviour,,
,2021-05,Durham Constabulary,Durham Constabulary,-1.749462,54.869499,On or near North Road,E01020639,County Durham 006C,Anti-social behaviour,,
,2021-05,Durham Constabulary,Durham Constabulary,-1.746277,54.862969,On or near Oak Terrace,E01020639,County Durham 006C,Anti-social behaviour,,
,2021-05,Durham Constabulary,Durham Constabulary,-1.749274,54.864682,On or near Greentree Lane,E01020639,County Durham 006C,Anti-social behaviour,,
,2021-05,Durham Constabulary,Durham Constabulary,-1.749462,54.869499,On or near North Road,E01020639,County Durham 006C,Anti-social behaviour,,
0b0afb4313a80d8dbc8862dbfc369f4c6d7e48a812b3e5a97e134fc59c5ceccb,2021-05,Durham Constabulary,Durham Constabulary,-1.746818,54.863698,On or near Swan Street,E01020639,County Durham 006C,Burglary,Court result unavailable,
22db4eaf5f52bb9f4ac776a92dd3e85ea4717a9e2d61098f501822eaad9cd5b5,2021-05,Durham Constabulary,Durham Constabulary,-1.746818,54.863698,On or near Swan Street,E01020639,County Durham 006C,Criminal damage and arson,Investigation complete; no suspect identified,
84055f294c8ddf6d1013c661d8a855d81c5bc429cc7ddb55b2219bd63b655355,2021-05,Durham Constabulary,Durham Constabulary,-1.737048,54.866292,On or near Harperley Road,E01020639,County Durham 006C,Criminal damage and arson,Unable to prosecute suspect,
fe81b633131704a571c8f001a1fc289280386519ed3631cbe7b7e143e2bbd669,2021-05,Durham Constabulary,Durham Constabulary,-1.749462,54.869499,On or near North Road,E01020639,County Durham 006C,Criminal damage and arson,Unable to prosecute suspect,
616ef356a68b05bb2b6433d7e0ece60b15b30fc93908f73784605b9abc228939,2021-05,Durham Constabulary,Durham Constabulary,-1.747687,54.864203,On or near Taylor Street,E01020639,County Durham 006C,Public order,Unable to prosecute suspect,
b8f38d52c2c6d90ac778d6c5d997ae69140e57239705a46f3cc4333ad448db75,2021-05,Durham Constabulary,Durham Constabulary,-1.744976,54.864305,On or near The Ridings,E01020639,County Durham 006C,Violence and sexual offences,Investigation complete; no suspect identified,
d7bdb7f5d918a772b6f5ec80b4807353b22218f5bb67fe8b5c0cac09f38a7fe3,2021-05,Durham Constabulary,Durham Constabulary,-1.745480,54.865906,On or near Balmoral Avenue,E01020639,County Durham 006C,Violence and sexual offences,Unable to prosecute suspect,
ad01dfdc1dfb5b5b2c795ac99ea7768c40fac5f5ae3fad2b4559c333bfbf015c,2021-05,Durham Constabulary,Durham Constabulary,-1.747687,54.864203,On or near Taylor Street,E01020639,County Durham 006C,Violence and sexual offences,Unable to prosecute suspect,
99998e60f22267614ffd18507f6cce8d3d152ca70982e4b22aaa0cf89065a66d,2021-05,Durham Constabulary,Durham Constabulary,-1.744976,54.864305,On or near The Ridings,E01020639,County Durham 006C,Violence and sexual offences,Investigation complete; no suspect identified,
5597148d7bcc2c14b9bd1e25eac80161d2e6115d056abedaec011244f0c98e80,2021-05,Durham Constabulary,Durham Constabulary,-1.745480,54.865906,On or near Balmoral Avenue,E01020639,County Durham 006C,Violence and sexual offences,Unable to prosecute suspect,
cb01253bfb6557e3f13513db44cf5c0dc66bc4c545141baab9ed96920fbc06e2,2021-05,Durham Constabulary,Durham Constabulary,-1.745480,54.865906,On or near Balmoral Avenue,E01020639,County Durham 006C,Other crime,Unable to prosecute suspect,
,2021-05,Durham Constabulary,Durham Constabulary,-1.765536,54.873252,On or near Sports/Recreation Area,E01020653,County Durham 006D,Anti-social behaviour,,
,2021-05,Durham Constabulary,Durham Constabulary,-1.766824,54.874270,On or near Pontopsyde,E01020653,County Durham 006D,Anti-social behaviour,,
,2021-05,Durham Constabulary,Durham Constabulary,-1.776800,54.870919,On or near A692,E01020653,County Durham 006D,Anti-social behaviour,,
4d07a0cae32171530e41202ef1e3e5b24e86a79fc4c142503b265b455c9cd701,2021-05,Durham Constabulary,Durham Constabulary,-1.765536,54.873252,On or near Sports/Recreation Area,E01020653,County Durham 006D,Criminal damage and arson,Unable to prosecute suspect,
8b2dc99c353a1d445ae4fd59b4d690a5edfd27c5a284744cd24723c7b6ed4877,2021-05,Durham Constabulary,Durham Constabulary,-1.748927,54.880291,On or near Lily Gardens,E01020653,County Durham 006D,Criminal damage and arson,Investigation complete; no suspect identified,
2d7c55c7ecbd44bdf5112c37723cf7851b6442e3fd3d44605056a3a991486845,2021-05,Durham Constabulary,Durham Constabulary,-1.776800,54.870919,On or near A692,E01020653,County Durham 006D,Public order,Further investigation is not in the public interest,
dee15a0b4ecf93f51fe1a555e4378068fc8a4309b220a3cc5539e955e53f6c19,2021-05,Durham Constabulary,Durham Constabulary,-1.776800,54.870919,On or near A692,E01020653,County Durham 006D,Public order,Investigation complete; no suspect identified,
cae98056ca273e0ca62c83ff9863a94d5e40e57c3a83caac1b7d00903cddf944,2021-05,Durham Constabulary,Durham Constabulary,-1.765536,54.873252,On or near Sports/Recreation Area,E01020653,County Durham 006D,Violence and sexual offences,Unable to prosecute suspect,
8d3982ae91dd4178a2f01fdd7cab9a809c1e55b037a2bfca1f3a35b7192e9817,2021-05,Durham Constabulary,Durham Constabulary,-1.766824,54.874270,On or near Pontopsyde,E01020653,County Durham 006D,Violence and sexual offences,Unable to prosecute suspect,
f50cb84902b13c5ff6484aef029387f68c7ce58f47be46b7a5f524bbf26e6089,2021-05,Durham Constabulary,Durham Constabulary,-1.766824,54.874270,On or near Pontopsyde,E01020653,County Durham 006D,Violence and sexual offences,Further action is not in the public interest,
11d2283d277cf3e36a738ebaf0089ae8eef8969bd2914c145a4a9afecfce73e1,2021-05,Durham Constabulary,Durham Constabulary,-1.751342,54.875380,On or near Unity Terrace,E01020653,County Durham 006D,Violence and sexual offences,Investigation complete; no suspect identified,
5c22c389424c529350258b4abdc02f0afbd8a5c5eea66ea2e655ab51af26b337,2021-05,Durham Constabulary,Durham Constabulary,-1.766824,54.874270,On or near Pontopsyde,E01020653,County Durham 006D,Violence and sexual offences,Further action is not in the public interest,
4c9467f55a6957772dcd3ec853e3fba9bbd651f366406728b7e88572a7590a6e,2021-05,Durham Constabulary,Durham Constabulary,-1.765536,54.873252,On or near Sports/Recreation Area,E01020653,County Durham 006D,Violence and sexual offences,Court result unavailable,
bfbb41a7ee0eb5bcdd85ec45d88cd3224c59b59750ff751969d47c34441e7873,2021-05,Durham Constabulary,Durham Constabulary,-1.765536,54.873252,On or near Sports/Recreation Area,E01020653,County Durham 006D,Violence and sexual offences,Unable to prosecute suspect,
7289c643c52ebe0bac011e497cd99d631d7d15fc634f570502de6bf7260acd8c,2021-05,Durham Constabulary,Durham Constabulary,-1.761505,54.877611,On or near Parking Area,E01020653,County Durham 006D,Other crime,Unable to prosecute suspect,
,2021-05,Durham Constabulary,Durham Constabulary,-1.716977,54.882350,On or near Good Street,E01020677,County Durham 006E,Anti-social behaviour,,
,2021-05,Durham Constabulary,Durham Constabulary,-1.728819,54.871351,On or near Kyo Lane,E01020677,County Durham 006E,Anti-social behaviour,,
f915b12b061bd0704af74b1df6bebccaef01b8e09fe03a2e06f8dd1a18e569a0,2021-05,Durham Constabulary,Durham Constabulary,-1.716977,54.882350,On or near Good Street,E01020677,County Durham 006E,Public order,Unable to prosecute suspect,
94f45e7379381db5ae7bc52ae7ce24eb78715a1d7dc82f406b31e442ba1cbb7c,2021-05,Durham Constabulary,Durham Constabulary,-1.728819,54.871351,On or near Kyo Lane,E01020677,County Durham 006E,Violence and sexual offences,Court result unavailable,
3bc28c11d61a7a1cedabf2fb9892d9d5183501ff8079a97d59baaff484c7e329,2021-05,Durham Constabulary,Durham Constabulary,-1.728819,54.871351,On or near Kyo Lane,E01020677,County Durham 006E,Violence and sexual offences,Unable to prosecute suspect,
6ab1a131b9babe808d507cbbffa84bde1b0048b95f8348d16fe2e6b499f6b3a1,2021-05,Durham Constabulary,Durham Constabulary,-1.718923,54.878338,On or near Woodburn,E01020677,County Durham 006E,Violence and sexual offences,Unable to prosecute suspect,
9c075c642847e31222015a36bba1e85da3ad519e3f5c771b61cd74b7839f103d,2021-05,Durham Constabulary,Durham Constabulary,-1.716977,54.882350,On or near Good Street,E01020677,County Durham 006E,Violence and sexual offences,Unable to prosecute suspect,
00697e080503a79495ecf8f3bd9bc2d1908f456bd2be7dffef89c55a13e1ed31,2021-05,Durham Constabulary,Durham Constabulary,-1.715480,54.882464,On or near Parkside,E01020677,County Durham 006E,Violence and sexual offences,Offender given a caution,
caea0854f7e3e47c504264c25e7fad2464875f82a8c8e30a510cc676323e8a8d,2021-05,Durham Constabulary,Durham Constabulary,-1.715480,54.882464,On or near Parkside,E01020677,County Durham 006E,Violence and sexual offences,Unable to prosecute suspect,
,2021-05,Durham Constabulary,Durham Constabulary,-1.583254,54.866168,On or near Firtrees,E01020596,County Durham 007A,Anti-social behaviour,,
,2021-05,Durham Constabulary,Durham Constabulary,-1.585361,54.864350,On or near Pelton Lane,E01020596,County Durham 007A,Anti-social behaviour,,
23073e9f63f2693845f1b9fddd283c6d9185be5afb59e12df19fcfbf945009ce,2021-05,Durham Constabulary,Durham Constabulary,-1.581656,54.863978,On or near Pelaw Square,E01020596,County Durham 007A,Other theft,Investigation complete; no suspect identified,
73339258994f1b992a8ca1350604467c2f289af58d333f561947babf4d595172,2021-05,Durham Constabulary,Durham Constabulary,-1.580318,54.865385,On or near Pelaw Avenue,E01020596,County Durham 007A,Public order,Unable to prosecute suspect,
3c95b981bcd41d8ddac90af29e4fca779941225afd85b163d0e41247dd5e53c2,2021-05,Durham Constabulary,Durham Constabulary,-1.585361,54.864350,On or near Pelton Lane,E01020596,County Durham 007A,Shoplifting,Local resolution,
1a6abb94129d5b8d67d67831de5514e430b9cca7e98fc2d416d1b29d6bddbeca,2021-05,Durham Constabulary,Durham Constabulary,-1.580729,54.864730,On or near Conyers Road,E01020596,County Durham 007A,Violence and sexual offences,Unable to prosecute suspect,
e034cd755ea94331bdea7e3fe517ca68c00c0261040c688d658915809f20475e,2021-05,Durham Constabulary,Durham Constabulary,-1.580931,54.861774,On or near Hilda Terrace,E01020596,County Durham 007A,Violence and sexual offences,Unable to prosecute suspect,
d0771d1b9f8bdc3ddf26734ed08ea4666e6837fa9b011098467c249d305fd9ed,2021-05,Durham Constabulary,Durham Constabulary,-1.585361,54.864350,On or near Pelton Lane,E01020596,County Durham 007A,Violence and sexual offences,Local resolution,
39b05930697dcea6f153650ac05a60310dc49876ce35a691e14efe1ae4b38bc5,2021-05,Durham Constabulary,Durham Constabulary,-1.583480,54.862412,On or near Laurel Court,E01020597,County Durham 007B,Public order,Unable to prosecute suspect,
47fadd3506a541b49eccdaf5107db6215854fcd6879634770843451e730137a1,2021-05,Durham Constabulary,Durham Constabulary,-1.593633,54.862815,On or near Hazel Grove,E01020597,County Durham 007B,Public order,Investigation complete; no suspect identified,
42085f958bb6f06ba79a531a1ab9670de4485f509b77c5ad18c04e8d8b07f545,2021-05,Durham Constabulary,Durham Constabulary,-1.588208,54.864702,On or near Hollycrest,E01020597,County Durham 007B,Violence and sexual offences,Status update unavailable,
440d94908bd5bfc2f925baa3c2667e337354e1fc678d248c80591b3df5e0c6cc,2021-05,Durham Constabulary,Durham Constabulary,-1.594573,54.862333,On or near Briarhill,E01020597,County Durham 007B,Violence and sexual offences,Investigation complete; no suspect identified,
116b0870a87089296c7a5b336e261a912599cdf1ad09dbdc38b288b001b7d75b,2021-05,Durham Constabulary,Durham Constabulary,-1.583480,54.862412,On or near Laurel Court,E01020597,County Durham 007B,Violence and sexual offences,Court result unavailable,
,2021-05,Durham Constabulary,Durham Constabulary,-1.576365,54.858990,On or near South Burns,E01020598,County Durham 007C,Anti-social behaviour,,
,2021-05,Durham Constabulary,Durham Constabulary,-1.576365,54.858990,On or near South Burns,E01020598,County Durham 007C,Anti-social behaviour,,
,2021-05,Durham Constabulary,Durham Constabulary,-1.576365,54.858990,On or near South Burns,E01020598,County Durham 007C,Anti-social behaviour,,
,2021-05,Durham Constabulary,Durham Constabulary,-1.576365,54.858990,On or near South Burns,E01020598,County Durham 007C,Anti-social behaviour,,
,2021-05,Durham Constabulary,Durham Constabulary,-1.576365,54.858990,On or near South Burns,E01020598,County Durham 007C,Anti-social behaviour,,
,2021-05,Durham Constabulary,Durham Constabulary,-1.576365,54.858990,On or near South Burns,E01020598,County Durham 007C,Anti-social behaviour,,
,2021-05,Durham Constabulary,Durham Constabulary,-1.575097,54.859552,On or near Lucy Street,E01020598,County Durham 007C,Anti-social behaviour,,
,2021-05,Durham Constabulary,Durham Constabulary,-1.576365,54.858990,On or near South Burns,E01020598,County Durham 007C,Anti-social behaviour,,
,2021-05,Durham Constabulary,Durham Constabulary,-1.576365,54.858990,On or near South Burns,E01020598,County Durham 007C,Anti-social behaviour,,
,2021-05,Durham Constabulary,Durham Constabulary,-1.576365,54.858990,On or near South Burns,E01020598,County Durham 007C,Anti-social behaviour,,
d7d9ed66918e6735539783b5f3c955b9f11fd5f976f4f4537adeb6020677f757,2021-05,Durham Constabulary,Durham Constabulary,-1.576365,54.858990,On or near South Burns,E01020598,County Durham 007C,Criminal damage and arson,Investigation complete; no suspect identified,
e1bf4f0a8737a212c15410572c42cd712b0af644eea6a672af5ba9005c3a63d5,2021-05,Durham Constabulary,Durham Constabulary,-1.575606,54.860084,On or near Pelaw Bank,E01020598,County Durham 007C,Public order,Offender given a caution,
e443c84341c9583c12c43765674c7695dd5e13f1ed665bf4fedc2fef0ac643ac,2021-05,Durham Constabulary,Durham Constabulary,-1.572989,54.859994,On or near Supermarket,E01020598,County Durham 007C,Public order,Unable to prosecute suspect,
d5854c6478fc284271c8dbf913a59f6af9ced12534e672e766d984776713ac80,2021-05,Durham Constabulary,Durham Constabulary,-1.576365,54.858990,On or near South Burns,E01020598,County Durham 007C,Public order,Court result unavailable,
94e1b12bea7bede45f6017ffb98c82e4a91f4d26ce665b2ae96ea328c207b8d4,2021-05,Durham Constabulary,Durham Constabulary,-1.572989,54.859994,On or near Supermarket,E01020598,County Durham 007C,Shoplifting,Investigation complete; no suspect identified,
2609cf934e507fb572648271ce2b47fcf7b8e1493ffd5433f4b45ed394ef8190,2021-05,Durham Constabulary,Durham Constabulary,-1.572989,54.859994,On or near Supermarket,E01020598,County Durham 007C,Shoplifting,Court result unavailable,
eac6bf2cc27a25df982511ef9c22f4c1e4956e479bdb38eec993632ddaa076c0,2021-05,Durham Constabulary,Durham Constabulary,-1.575606,54.860084,On or near Pelaw Bank,E01020598,County Durham 007C,Vehicle crime,Investigation complete; no suspect identified,
c177c5b07ab6204fb75ef4bda90c977da3ad80161578696d565da8c9dd8392d6,2021-05,Durham Constabulary,Durham Constabulary,-1.576365,54.858990,On or near South Burns,E01020598,County Durham 007C,Violence and sexual offences,Unable to prosecute suspect,
13f853c85042efd3300453264c6110f8dc0097e07036b03c2199720fa7723717,2021-05,Durham Constabulary,Durham Constabulary,-1.574863,54.861106,On or near Hillside,E01020598,County Durham 007C,Violence and sexual offences,Unable to prosecute suspect,
00ceaf27f1d7353770e78ae12bc043ee2def0d8ebaca14ab25eb35358f03f04b,2021-05,Durham Constabulary,Durham Constabulary,-1.574863,54.861106,On or near Hillside,E01020598,County Durham 007C,Violence and sexual offences,Unable to prosecute suspect,
0243bc26e608ff3f2c0897696fc320732f1754e57a4e9437e5086863d60d3fc4,2021-05,Durham Constabulary,Durham Constabulary,-1.576628,54.866549,On or near Northlands,E01020598,County Durham 007C,Violence and sexual offences,Unable to prosecute suspect,
dc716a829e755f05c4426ad828df6a76a1925eacf99bb9e28c8f8131f3ea3fed,2021-05,Durham Constabulary,Durham Constabulary,-1.569130,54.880092,On or near Vigo Lane,E01020611,County Durham 007D,Other theft,Investigation complete; no suspect identified,
35ed0df3af313bdcdfc8a7b6b0b59fda00014cec2308fea6c9d5fa3e6f1d350a,2021-05,Durham Constabulary,Durham Constabulary,-1.562378,54.866013,On or near Chester Road,E01020611,County Durham 007D,Other theft,Investigation complete; no suspect identified,
3d479baf7505a77fc89f6f19852bb9c098c803ac21f82e8994a16ce6757466af,2021-05,Durham Constabulary,Durham Constabulary,-1.564757,54.866480,On or near A167,E01020611,County Durham 007D,Public order,Unable to prosecute suspect,
ad6acba8f36c8b522b4fc6d1bb00e9b12c496194bdf5bc20795456089e812e15,2021-05,Durham Constabulary,Durham Constabulary,-1.569130,54.880092,On or near Vigo Lane,E01020611,County Durham 007D,Vehicle crime,Unable to prosecute suspect,
b946fc9d11a267da273c4a53583ea83ae703348588bfa09073c8d15ddfc34586,2021-05,Durham Constabulary,Durham Constabulary,-1.569848,54.877048,On or near Caxton Way,E01020611,County Durham 007D,Vehicle crime,Investigation complete; no suspect identified,
c7cbd779e3b11313788f51f828b62d223dddd34f677e92f958c3105127bf950c,2021-05,Durham Constabulary,Durham Constabulary,-1.572063,54.873974,On or near Lombard Drive,E01020611,County Durham 007D,Violence and sexual offences,Action to be taken by another organisation,
6d697db8f517082fac0bc9457eed38d1ce954aacb8622ef17ea595e3f71f6152,2021-05,Durham Constabulary,Durham Constabulary,-1.570739,54.876809,On or near Sinclair Drive,E01020611,County Durham 007D,Violence and sexual offences,Unable to prosecute suspect,
95125cb33e7a5ec2187ce1d5f785f2b96586d26be2b804fbf1372ff4a9e7538c,2021-05,Durham Constabulary,Durham Constabulary,-1.564757,54.866480,On or near A167,E01020611,County Durham 007D,Violence and sexual offences,Unable to prosecute suspect,
,2021-05,Durham Constabulary,Durham Constabulary,-1.576586,54.869128,On or near Lyndhurst Avenue,E01020612,County Durham 007E,Anti-social behaviour,,
,2021-05,Durham Constabulary,Durham Constabulary,-1.573544,54.865055,On or near Highfield Crescent,E01020612,County Durham 007E,Anti-social behaviour,,
890c5b1cc55bd3a9b8424f1202d89642b324d751df02bdc0a9483f7317f6b984,2021-05,Durham Constabulary,Durham Constabulary,-1.577116,54.873587,On or near Kingsmere,E01020612,County Durham 007E,Public order,Unable to prosecute suspect,
dc54a12b10a9b89a87ec33daded24d7f330dfd647a3de7d6a251f24548d75526,2021-05,Durham Constabulary,Durham Constabulary,-1.575738,54.872738,On or near Queensmere,E01020612,County Durham 007E,Violence and sexual offences,Unable to prosecute suspect,
,2021-05,Durham Constabulary,Durham Constabulary,-1.682195,54.861641,On or near Austen Place,E01020647,County Durham 008A,Anti-social behaviour,,
,2021-05,Durham Constabulary,Durham Constabulary,-1.683248,54.864420,On or near Mendip Terrace,E01020647,County Durham 008A,Anti-social behaviour,,
,2021-05,Durham Constabulary,Durham Constabulary,-1.686107,54.865416,On or near Cotswold Terrace,E01020647,County Durham 008A,Anti-social behaviour,,
,2021-05,Durham Constabulary,Durham Constabulary,-1.682195,54.861641,On or near Austen Place,E01020647,County Durham 008A,Anti-social behaviour,,
,2021-05,Durham Constabulary,Durham Constabulary,-1.683248,54.864420,On or near Mendip Terrace,E01020647,County Durham 008A,Anti-social behaviour,,
,2021-05,Durham Constabulary,Durham Constabulary,-1.685382,54.866502,On or near Coates Close,E01020647,County Durham 008A,Anti-social behaviour,,
,2021-05,Durham Constabulary,Durham Constabulary,-1.678375,54.863949,On or near Cookson Place,E01020647,County Durham 008A,Anti-social behaviour,,
9d154ed5cc3679d3bb0667da7c49c08915ca11a17e844056f6e1ec287c714b58,2021-05,Durham Constabulary,Durham Constabulary,-1.685964,54.865793,On or near Pentlands Terrace,E01020647,County Durham 008A,Criminal damage and arson,Investigation complete; no suspect identified,
45a5e1057a427039a6c5a70724ab04f56bd256a53025b0c1619eb98d4ce26bb8,2021-05,Durham Constabulary,Durham Constabulary,-1.680211,54.862337,On or near Pankhurst Place,E01020647,County Durham 008A,Criminal damage and arson,Court result unavailable,
55b681c432e9f4228097bfbfdfcc40bc8516e6e7f9853f79e6a511e14c98c7ce,2021-05,Durham Constabulary,Durham Constabulary,-1.685964,54.865793,On or near Pentlands Terrace,E01020647,County Durham 008A,Criminal damage and arson,Investigation complete; no suspect identified,
9d02654a492a835aac64c6e4cc658e3d88fe7cacb57d139a6450fefb352c0d0c,2021-05,Durham Constabulary,Durham Constabulary,-1.686107,54.865416,On or near Cotswold Terrace,E01020647,County Durham 008A,Criminal damage and arson,Investigation complete; no suspect identified,
632831e10ec9427976ba1ef56ca7fac0cc1ca6a54ab5e238bd602f8a639f5cd8,2021-05,Durham Constabulary,Durham Constabulary,-1.681118,54.863867,On or near Fonteyn Place,E01020647,County Durham 008A,Other theft,Unable to prosecute suspect,
3dc591cd37246c201a97752ccfeb152c43b7a0581bd8c214a963f1d75d97245f,2021-05,Durham Constabulary,Durham Constabulary,-1.683248,54.864420,On or near Mendip Terrace,E01020647,County Durham 008A,Public order,Local resolution,
d1183454db05e42970cd7064615b72be60c6f54d45298f2971e6686d014308db,2021-05,Durham Constabulary,Durham Constabulary,-1.680211,54.862337,On or near Pankhurst Place,E01020647,County Durham 008A,Public order,Unable to prosecute suspect,
925bc45aed769d4b543af247418e13b472b050e3a4c42faf3353ac4c6c919812,2021-05,Durham Constabulary,Durham Constabulary,-1.683248,54.864420,On or near Mendip Terrace,E01020647,County Durham 008A,Public order,Unable to prosecute suspect,
c8a0685b6ffa268942b5fccfcf4972e2da36c773d308c2faab274843d6282418,2021-05,Durham Constabulary,Durham Constabulary,-1.686107,54.865416,On or near Cotswold Terrace,E01020647,County Durham 008A,Violence and sexual offences,Investigation complete; no suspect identified,
d44231174c69f906366cc64c2341d463ac67383f2eacd920bb698a2bab13e515,2021-05,Durham Constabulary,Durham Constabulary,-1.682368,54.863412,On or near Pennine Gardens,E01020647,County Durham 008A,Violence and sexual offences,Unable to prosecute suspect,
3ccace14137a81ca03cc29d8946051750cbecbbe0a1c673cbebc97081df2973c,2021-05,Durham Constabulary,Durham Constabulary,-1.684469,54.863687,On or near Ladysmith Court,E01020647,County Durham 008A,Violence and sexual offences,Unable to prosecute suspect,
a1b057604870494b808a884b1469a5e9a424d1ae8f33d27e50cc92e71f931728,2021-05,Durham Constabulary,Durham Constabulary,-1.684469,54.863687,On or near Ladysmith Court,E01020647,County Durham 008A,Violence and sexual offences,Unable to prosecute suspect,
5792fb261544be41359a1295deb843da68d3a943de44cfd681ea89ee384db8b9,2021-05,Durham Constabulary,Durham Constabulary,-1.682195,54.861641,On or near Austen Place,E01020647,County Durham 008A,Violence and sexual offences,Unable to prosecute suspect,
f2cc6dd222afa64492d88cc4f7ea3ce26cb48f672fcd112048e0914f683dbe96,2021-05,Durham Constabulary,Durham Constabulary,-1.682295,54.862782,On or near Darling Place,E01020647,County Durham 008A,Violence and sexual offences,Unable to prosecute suspect,
e6292f8550120e293505b52ea6c5fd6a6f76390ad4309f4355fee41ebb8a537f,2021-05,Durham Constabulary,Durham Constabulary,-1.682195,54.861641,On or near Austen Place,E01020647,County Durham 008A,Violence and sexual offences,Status update unavailable,
d9a3a07a6f10e7918a48fe7196ad1436ced39fb199940558b9579ff6c8146cf0,2021-05,Durham Constabulary,Durham Constabulary,-1.688304,54.865449,On or near Engels Terrace,E01020647,County Durham 008A,Violence and sexual offences,Unable to prosecute suspect,
62e379d2bf6f8c26a36d614a02ae2d16cef274e4562e34626a33442ea5321650,2021-05,Durham Constabulary,Durham Constabulary,-1.684469,54.863687,On or near Ladysmith Court,E01020647,County Durham 008A,Violence and sexual offences,Unable to prosecute suspect,
cee2b6456a850e59d0d380b2a8f13b3904cd4089cf301f3d48d791cb08f8f670,2021-05,Durham Constabulary,Durham Constabulary,-1.686107,54.865416,On or near Cotswold Terrace,E01020647,County Durham 008A,Violence and sexual offences,Unable to prosecute suspect,
897e42fc49e1903aea4ac041e56f729248660bccb8a02a017d7c59949690d3b7,2021-05,Durham Constabulary,Durham Constabulary,-1.682195,54.861641,On or near Austen Place,E01020647,County Durham 008A,Violence and sexual offences,Unable to prosecute suspect,
f4b3b8bb5e057145f852471c1d3eba6f46dfb8b83e02d4eba225c8094ac131f8,2021-05,Durham Constabulary,Durham Constabulary,-1.685382,54.866502,On or near Coates Close,E01020647,County Durham 008A,Violence and sexual offences,Unable to prosecute suspect,
3ae88b9d494d6ffa869112a46f1877f8be4f8c0f73745c61f5cdc5f240ae9c09,2021-05,Durham Constabulary,Durham Constabulary,-1.684058,54.864494,On or near Malvern Terrace,E01020647,County Durham 008A,Other crime,Further investigation is not in the public interest,
,2021-05,Durham Constabulary,Durham Constabulary,-1.689907,54.855406,On or near Park/Open Space,E01020648,County Durham 008B,Anti-social behaviour,,
,2021-05,Durham Constabulary,Durham Constabulary,-1.678565,54.855790,On or near Oak Terrace,E01020648,County Durham 008B,Anti-social behaviour,,
,2021-05,Durham Constabulary,Durham Constabulary,-1.680565,54.855023,On or near Hazel Terrace,E01020648,County Durham 008B,Anti-social behaviour,,
,2021-05,Durham Constabulary,Durham Constabulary,-1.702524,54.861737,On or near Medway Gardens,E01020648,County Durham 008B,Anti-social behaviour,,
,2021-05,Durham Constabulary,Durham Constabulary,-1.680779,54.857494,On or near Sports/Recreation Area,E01020648,County Durham 008B,Anti-social behaviour,,
,2021-05,Durham Constabulary,Durham Constabulary,-1.700008,54.860787,On or near Coquet Gardens,E01020648,County Durham 008B,Anti-social behaviour,,
,2021-05,Durham Constabulary,Durham Constabulary,-1.678565,54.855790,On or near Oak Terrace,E01020648,County Durham 008B,Anti-social behaviour,,
c19eb69ffafe6e943bacb1392127433680944e40bd20a41e785b8d2a49899ac3,2021-05,Durham Constabulary,Durham Constabulary,-1.678913,54.855081,On or near Palm Terrace,E01020648,County Durham 008B,Criminal damage and arson,Investigation complete; no suspect identified,
a1d201579702ce471dd94f778f4bb62658f25d46e2e2b1cba6a68846d7ba6550,2021-05,Durham Constabulary,Durham Constabulary,-1.689907,54.855406,On or near Park/Open Space,E01020648,County Durham 008B,Criminal damage and arson,Investigation complete; no suspect identified,
54b330e7571f1a9dc2d0ec9ef575aad41c6ffbe63c23230ed2f2a1cec2599cc9,2021-05,Durham Constabulary,Durham Constabulary,-1.689907,54.855406,On or near Park/Open Space,E01020648,County Durham 008B,Other theft,Investigation complete; no suspect identified,
9cc4fad0bbd64bb911825a188f5db3aa9942b0a9b34008307033ec1324b83d19,2021-05,Durham Constabulary,Durham Constabulary,-1.689907,54.855406,On or near Park/Open Space,E01020648,County Durham 008B,Other theft,Investigation complete; no suspect identified,
b4b326da7785e53846e7ce75411bcbe859e301e30fe8946399ca72a790b4a058,2021-05,Durham Constabulary,Durham Constabulary,-1.698131,54.861744,On or near Orwell Gardens,E01020648,County Durham 008B,Possession of weapons,Further investigation is not in the public interest,
1f3d26e83b29aa61d6250e62c8cc43b56b3e15ea437c1c3c383d4640b09edfd5,2021-05,Durham Constabulary,Durham Constabulary,-1.685782,54.857094,On or near Middles Road,E01020648,County Durham 008B,Public order,Further investigation is not in the public interest,
3554960601f3162c6b339a0e14da78151dd1a2933e2f856ac469ccc421da6aff,2021-05,Durham Constabulary,Durham Constabulary,-1.678431,54.858845,On or near Denewood Court,E01020648,County Durham 008B,Public order,Unable to prosecute suspect,
a4fd862124c8f55b5af82792720896f77ca261ef5cef5d12c9a112b369d170fc,2021-05,Durham Constabulary,Durham Constabulary,-1.700008,54.860787,On or near Coquet Gardens,E01020648,County Durham 008B,Public order,Investigation complete; no suspect identified,
070bda0c65ce5b12db61ded3532fb8e447984e4e4c7d634eeaab04b18c9157dd,2021-05,Durham Constabulary,Durham Constabulary,-1.685782,54.857094,On or near Middles Road,E01020648,County Durham 008B,Violence and sexual offences,Unable to prosecute suspect,
43de0ff04cef99fa10faa2e78fff6b4f25715c74a9654d63ce3f21b0ebaa9e77,2021-05,Durham Constabulary,Durham Constabulary,-1.678565,54.855790,On or near Oak Terrace,E01020648,County Durham 008B,Violence and sexual offences,Unable to prosecute suspect,
ea238a26e1a1c81e44cd360eb4ddb1e0ebecec84083198e404be51a88584e073,2021-05,Durham Constabulary,Durham Constabulary,-1.677901,54.855087,On or near Beech Terrace,E01020648,County Durham 008B,Violence and sexual offences,Unable to prosecute suspect,
a886c2d5bc3b605a1d9ab33aff200ecbcac7c2fe0d18e2c6b4c508b78bdc295d,2021-05,Durham Constabulary,Durham Constabulary,-1.678431,54.858845,On or near Denewood Court,E01020648,County Durham 008B,Violence and sexual offences,Court result unavailable,
a5846f0fb63e524a6c24ded5230b05bcfca3198c4de73b00375d4617cf9ea675,2021-05,Durham Constabulary,Durham Constabulary,-1.680779,54.857494,On or near Sports/Recreation Area,E01020648,County Durham 008B,Violence and sexual offences,Unable to prosecute suspect,
fa48442fd309f137c06f4729d3d190ded997042a99c710f1a039570e22131c72,2021-05,Durham Constabulary,Durham Constabulary,-1.690470,54.861303,On or near Sports/Recreation Area,E01020648,County Durham 008B,Violence and sexual offences,Unable to prosecute suspect,
035e803d63e706b9d7ef07bc26629428fa2a78c015252e82184dc58881bb1d85,2021-05,Durham Constabulary,Durham Constabulary,-1.693338,54.861130,On or near Holly Hill Gardens West,E01020648,County Durham 008B,Violence and sexual offences,Unable to prosecute suspect,
2ac96b0e56770664c1c724f24aa855909d02f7485a5341b1c4d129c1198c9c94,2021-05,Durham Constabulary,Durham Constabulary,-1.689907,54.855406,On or near Park/Open Space,E01020648,County Durham 008B,Violence and sexual offences,Unable to prosecute suspect,
b39bb12acf026bc1cd1023c6ee1a5f09a23ad06982ec0e6a338f1b15667600f8,2021-05,Durham Constabulary,Durham Constabulary,-1.690470,54.861303,On or near Sports/Recreation Area,E01020648,County Durham 008B,Violence and sexual offences,Status update unavailable,
a30b504c87718a5ea228e2cd009a2d86489fac7c3d49dbf9931d8d1c5cebfdac,2021-05,Durham Constabulary,Durham Constabulary,-1.677949,54.860722,On or near Durham Road,E01020648,County Durham 008B,Violence and sexual offences,Unable to prosecute suspect,
03976b557b1457d3b39cf363b42e9a3c2bd545be78d3c635d8ba7b3bc2781ea1,2021-05,Durham Constabulary,Durham Constabulary,-1.680779,54.857494,On or near Sports/Recreation Area,E01020648,County Durham 008B,Violence and sexual offences,Unable to prosecute suspect,
ee03a0e52d4312050debde21481bf2ffd3a5e7b22df75e2b25196924f5175c3b,2021-05,Durham Constabulary,Durham Constabulary,-1.702524,54.861737,On or near Medway Gardens,E01020648,County Durham 008B,Violence and sexual offences,Status update unavailable,
88785c10bac3f53f19218ab17e2887c4503cbbb154f08b3d5461510427936395,2021-05,Durham Constabulary,Durham Constabulary,-1.677901,54.855087,On or near Beech Terrace,E01020648,County Durham 008B,Violence and sexual offences,Unable to prosecute suspect,
609c6e133cd6b9b78ab98cbdd94c850e8774a3bb2b9bcb0382f367dce87c180e,2021-05,Durham Constabulary,Durham Constabulary,-1.685782,54.857094,On or near Middles Road,E01020648,County Durham 008B,Violence and sexual offences,Unable to prosecute suspect,
8cfb6e4f61ddd53a6feb7656bd41d1dc2345f22af564bd6b6e2aed603f8978b0,2021-05,Durham Constabulary,Durham Constabulary,-1.690470,54.861303,On or near Sports/Recreation Area,E01020648,County Durham 008B,Violence and sexual offences,Unable to prosecute suspect,
cd40d64bf9d8e7fc2b2a42518fbc0351e7f7915068cf822c83fdcdc908d59f76,2021-05,Durham Constabulary,Durham Constabulary,-1.674872,54.857892,On or near Woodside Gardens,E01020649,County Durham 008C,Burglary,Court result unavailable,
57f624e9e413d59bb83ad21aa5d6e156574b6a94f2e8060355f13d1f607c7af3,2021-05,Durham Constabulary,Durham Constabulary,-1.674872,54.857892,On or near Woodside Gardens,E01020649,County Durham 008C,Public order,Court result unavailable,
2a334b8c082316a0782af22d3c1b51a533dc212312408ff4b71b8d80bdd78763,2021-05,Durham Constabulary,Durham Constabulary,-1.666280,54.853268,On or near Thomas Street,E01020649,County Durham 008C,Violence and sexual offences,Unable to prosecute suspect,
ada7f383ccd87348384def83cb111eecd2291e03b2eba644274833f4e58655da,2021-05,Durham Constabulary,Durham Constabulary,-1.674872,54.857892,On or near Woodside Gardens,E01020649,County Durham 008C,Violence and sexual offences,Unable to prosecute suspect,
84878dd939b902785c56f4985f01b4580894304b6f3b67d5e9649a79de1be4aa,2021-05,Durham Constabulary,Durham Constabulary,-1.674872,54.857892,On or near Woodside Gardens,E01020649,County Durham 008C,Violence and sexual offences,Unable to prosecute suspect,
3c06e6aac5d1f797779ad1d7204769434d1e23cb56b5d9916641e9f1662e4f5a,2021-05,Durham Constabulary,Durham Constabulary,-1.674872,54.857892,On or near Woodside Gardens,E01020649,County Durham 008C,Violence and sexual offences,Court result unavailable,
,2021-05,Durham Constabulary,Durham Constabulary,-1.694589,54.862544,On or near Keir Hardie Avenue,E01020673,County Durham 008D,Anti-social behaviour,,
,2021-05,Durham Constabulary,Durham Constabulary,-1.698265,54.866822,On or near Supermarket,E01020673,County Durham 008D,Anti-social behaviour,,
,2021-05,Durham Constabulary,Durham Constabulary,-1.699604,54.864812,On or near Lindon Road,E01020673,County Durham 008D,Anti-social behaviour,,
dad4e02c84f7cbc9c1669d6f37c90d5c26dd55680ef63b644722acea9dc26b55,2021-05,Durham Constabulary,Durham Constabulary,-1.698265,54.866822,On or near Supermarket,E01020673,County Durham 008D,Burglary,Investigation complete; no suspect identified,
236be8b61341cd30a517e117c25bb0b54f58acfc48d9a18099be9bfbc6ff207c,2021-05,Durham Constabulary,Durham Constabulary,-1.698899,54.865323,On or near Joseph Street,E01020673,County Durham 008D,Criminal damage and arson,Investigation complete; no suspect identified,
e8f7898ac7d726acbe690950c06dec3897ae5fcbbfb707134a74034a986c6c99,2021-05,Durham Constabulary,Durham Constabulary,-1.690663,54.862534,On or near Holly Hill Gardens,E01020673,County Durham 008D,Criminal damage and arson,Investigation complete; no suspect identified,
b854aa66ddc0006bcc0b5bf786b8e86af505449c24bae38874201ef73270435b,2021-05,Durham Constabulary,Durham Constabulary,-1.695999,54.865567,On or near Wansbeck Avenue,E01020673,County Durham 008D,Criminal damage and arson,Unable to prosecute suspect,
1efcf30145add9a756396a9532a5e156d490344323b3e11693f7cfe65507d987,2021-05,Durham Constabulary,Durham Constabulary,-1.698899,54.865323,On or near Joseph Street,E01020673,County Durham 008D,Criminal damage and arson,Investigation complete; no suspect identified,
c3e3fa3db34a9ab1bbb41f3afe3a1bcf29e37e76461a328d79ae831b361cd19c,2021-05,Durham Constabulary,Durham Constabulary,-1.698899,54.865323,On or near Joseph Street,E01020673,County Durham 008D,Public order,Unable to prosecute suspect,
e8702566614c7c03b00795be4f7f277bb3e654e26b002d77533b35626430f78d,2021-05,Durham Constabulary,Durham Constabulary,-1.687402,54.863101,On or near Holly Hill Gardens East,E01020673,County Durham 008D,Public order,Local resolution,
135638618c517de7a704da113ea48a17e53ea070fe30774e544af6fc00a0018f,2021-05,Durham Constabulary,Durham Constabulary,-1.701444,54.862426,On or near Charles Street,E01020673,County Durham 008D,Violence and sexual offences,Unable to prosecute suspect,
cbd5865565fbd9c3f5302342cd446ef1accfc527a059a3698345c6107f2f34c6,2021-05,Durham Constabulary,Durham Constabulary,-1.699547,54.866214,On or near Smailes Street,E01020673,County Durham 008D,Violence and sexual offences,Investigation complete; no suspect identified,
9b19d8ea5039b5f83d442ab2cbe766e8933a719726bc631b71a35ff344e58e73,2021-05,Durham Constabulary,Durham Constabulary,-1.697647,54.863936,On or near Tyne Road East,E01020673,County Durham 008D,Violence and sexual offences,Unable to prosecute suspect,
73c074b110d11362bcdc9fc8b998f769be99db1d6e3f72e5fa3a6ee3b2bf1c7c,2021-05,Durham Constabulary,Durham Constabulary,-1.694589,54.862544,On or near Keir Hardie Avenue,E01020673,County Durham 008D,Violence and sexual offences,Unable to prosecute suspect,
30e35b60f8d5604008bee9d03c9194c467b37e4389249f704938bbda28329fb2,2021-05,Durham Constabulary,Durham Constabulary,-1.695999,54.865567,On or near Wansbeck Avenue,E01020673,County Durham 008D,Violence and sexual offences,Unable to prosecute suspect,
d3363146ba8d099360148bd6a9fd4f127753d0ee9ca7bd1f93ab067949481461,2021-05,Durham Constabulary,Durham Constabulary,-1.691641,54.862923,On or near Lenin Terrace,E01020673,County Durham 008D,Violence and sexual offences,Investigation complete; no suspect identified,
0a086ef21406c597fc3c89a706f4303f5306b609b73bc2f36713d4781ae629ce,2021-05,Durham Constabulary,Durham Constabulary,-1.691038,54.864440,On or near Kier Hardie Avenue,E01020673,County Durham 008D,Violence and sexual offences,Unable to prosecute suspect,
236a3db183a507739e5df9c52e8f33d3f647120764022e52629d56d4d60f9fde,2021-05,Durham Constabulary,Durham Constabulary,-1.687402,54.863101,On or near Holly Hill Gardens East,E01020673,County Durham 008D,Violence and sexual offences,Unable to prosecute suspect,
c29c381f71aa1ad16e6f83a0b8b55649c3f090b4733213f2a9666be7f722e826,2021-05,Durham Constabulary,Durham Constabulary,-1.699547,54.866214,On or near Smailes Street,E01020673,County Durham 008D,Violence and sexual offences,Investigation complete; no suspect identified,
ef8934efd74fb48b03942bfa161a260de22edea22be0184478c2bd443e75aa9d,2021-05,Durham Constabulary,Durham Constabulary,-1.693795,54.864519,On or near Tweed Terrace,E01020673,County Durham 008D,Other crime,Action to be taken by another organisation,
,2021-05,Durham Constabulary,Durham Constabulary,-1.692370,54.867499,On or near Constable Close,E01020675,County Durham 008E,Anti-social behaviour,,
,2021-05,Durham Constabulary,Durham Constabulary,-1.696961,54.866127,On or near Tyne Vale,E01020675,County Durham 008E,Anti-social behaviour,,
,2021-05,Durham Constabulary,Durham Constabulary,-1.693092,54.866809,On or near Gainsborough Road,E01020675,County Durham 008E,Anti-social behaviour,,
,2021-05,Durham Constabulary,Durham Constabulary,-1.698189,54.866480,On or near Tyne Road,E01020675,County Durham 008E,Anti-social behaviour,,
,2021-05,Durham Constabulary,Durham Constabulary,-1.694489,54.867495,On or near Landseer Close,E01020675,County Durham 008E,Anti-social behaviour,,
3c8507e8020839b1047930d4b4b6db6a96393ae100629bb1a4f8bc29ed8737f7,2021-05,Durham Constabulary,Durham Constabulary,-1.692789,54.871823,On or near Beaconsfield Street,E01020675,County Durham 008E,Criminal damage and arson,Unable to prosecute suspect,
8314132818fef19c0fb5bfcf7d8dde99df439dcd38a0d41a40eff2526689404e,2021-05,Durham Constabulary,Durham Constabulary,-1.697837,54.867720,On or near Wear Road,E01020675,County Durham 008E,Criminal damage and arson,Investigation complete; no suspect identified,
c9b0be47b60f4fbb1dfe59cbc224d6eb518d9d70a8b4385a47652e501e4b5d76,2021-05,Durham Constabulary,Durham Constabulary,-1.694496,54.866516,On or near Wear Road,E01020675,County Durham 008E,Violence and sexual offences,Unable to prosecute suspect,
0d14a13b95978550d08c781dd5d177a2cbf6313fe05ec21d77af777be3bc5fe7,2021-05,Durham Constabulary,Durham Constabulary,-1.694496,54.866516,On or near Wear Road,E01020675,County Durham 008E,Violence and sexual offences,Unable to prosecute suspect,
79e3e5e7987a1105ec93b8f899352a66b108d1c10ea24b758b3a50981361ac5a,2021-05,Durham Constabulary,Durham Constabulary,-1.692789,54.871823,On or near Beaconsfield Street,E01020675,County Durham 008E,Violence and sexual offences,Investigation complete; no suspect identified,
9e3512c130b4db5b9692d5cbaa2d95370aa63b822e46ebb2d0857106dbfddd8e,2021-05,Durham Constabulary,Durham Constabulary,-1.690190,54.871403,On or near Sports/Recreation Area,E01020675,County Durham 008E,Violence and sexual offences,Local resolution,
a1e4a3c04ba03c236d28eaebedaa7487f81a84d2776357efa6dbde85951451de,2021-05,Durham Constabulary,Durham Constabulary,-1.691512,54.871765,On or near Slaidburn Road,E01020675,County Durham 008E,Violence and sexual offences,Action to be taken by another organisation,
98ea3f7489905bde6b8b1a4676a08e0c16c4df9866273be6eec7f7132e1b898b,2021-05,Durham Constabulary,Durham Constabulary,-1.694496,54.866516,On or near Wear Road,E01020675,County Durham 008E,Violence and sexual offences,Unable to prosecute suspect,
64c6fbf967a660bd51c58a2d927e7a36c64c8d6ecb21856bcedf7dc0f1c6f6ce,2021-05,Durham Constabulary,Durham Constabulary,-1.680569,54.870299,On or near Milton Close,E01020675,County Durham 008E,Violence and sexual offences,Unable to prosecute suspect,
41f041a50d48a94fccad2db801c487efcc63d8ceec9fb739cf3ef591ba7bd17a,2021-05,Durham Constabulary,Durham Constabulary,-1.694489,54.867495,On or near Landseer Close,E01020675,County Durham 008E,Violence and sexual offences,Unable to prosecute suspect,
6f069ce9fbfb1b29883ba37b5a91bdefeaca5589791a9489eac58cd21ae247b7,2021-05,Durham Constabulary,Durham Constabulary,-1.691512,54.871765,On or near Slaidburn Road,E01020675,County Durham 008E,Violence and sexual offences,Action to be taken by another organisation,
,2021-05,Durham Constabulary,Durham Constabulary,-1.726127,54.859339,On or near Meldon Way,E01020624,County Durham 009A,Anti-social behaviour,,
,2021-05,Durham Constabulary,Durham Constabulary,-1.723991,54.859622,On or near Shieldrow Lane,E01020624,County Durham 009A,Anti-social behaviour,,
,2021-05,Durham Constabulary,Durham Constabulary,-1.726127,54.859339,On or near Meldon Way,E01020624,County Durham 009A,Anti-social behaviour,,
,2021-05,Durham Constabulary,Durham Constabulary,-1.723991,54.859622,On or near Shieldrow Lane,E01020624,County Durham 009A,Anti-social behaviour,,
,2021-05,Durham Constabulary,Durham Constabulary,-1.726127,54.859339,On or near Meldon Way,E01020624,County Durham 009A,Anti-social behaviour,,
,2021-05,Durham Constabulary,Durham Constabulary,-1.726127,54.859339,On or near Meldon Way,E01020624,County Durham 009A,Anti-social behaviour,,
,2021-05,Durham Constabulary,Durham Constabulary,-1.724795,54.860460,On or near Sabin Court,E01020624,County Durham 009A,Anti-social behaviour,,
c60db205d0c6cf77b05d83e86a2636131f250d764da92a631c0e9576d682679d,2021-05,Durham Constabulary,Durham Constabulary,-1.724795,54.860460,On or near Sabin Court,E01020624,County Durham 009A,Burglary,Investigation complete; no suspect identified,
9c30238a8fa57afe6be0a4084846ddf8c080503c71c1327baa1134adb9873c91,2021-05,Durham Constabulary,Durham Constabulary,-1.724795,54.860460,On or near Sabin Court,E01020624,County Durham 009A,Burglary,Court result unavailable,
7d22efae9d1483ecb9f55cbab54c0f339c26ace6eb09f361030d380273cbbd75,2021-05,Durham Constabulary,Durham Constabulary,-1.724795,54.860460,On or near Sabin Court,E01020624,County Durham 009A,Criminal damage and arson,Investigation complete; no suspect identified,
1d20d13e26228ac6200425e21e70a7cd5f7ce31d78cbe1947986cb66be52f8b0,2021-05,Durham Constabulary,Durham Constabulary,-1.726127,54.859339,On or near Meldon Way,E01020624,County Durham 009A,Other theft,Unable to prosecute suspect,
d5f5a544ea28fdb40cc0af4164a17b4b152e4b26ef186a4b41fa7b0efebee7b7,2021-05,Durham Constabulary,Durham Constabulary,-1.724795,54.860460,On or near Sabin Court,E01020624,County Durham 009A,Possession of weapons,Unable to prosecute suspect,
e9053d110446020ffd5894333634dad89e0b0af3ccf132e06297b6449bb213f5,2021-05,Durham Constabulary,Durham Constabulary,-1.724795,54.860460,On or near Sabin Court,E01020624,County Durham 009A,Possession of weapons,Court result unavailable,
0a3a19b8a0e770f947da218da6811182984aca63ae56753d76a5ee42e23ab761,2021-05,Durham Constabulary,Durham Constabulary,-1.730912,54.856600,On or near Shieldrow Lane,E01020624,County Durham 009A,Public order,Unable to prosecute suspect,
2f00398cb6b2f4217d7fd455405ca5c5dca1b2b60653a0000506212328587363,2021-05,Durham Constabulary,Durham Constabulary,-1.723991,54.859622,On or near Shieldrow Lane,E01020624,County Durham 009A,Public order,Investigation complete; no suspect identified,
e698245156bb03a244a4f6f2a1bb5fbace022b8de5568a5a437de8d9e153415e,2021-05,Durham Constabulary,Durham Constabulary,-1.724795,54.860460,On or near Sabin Court,E01020624,County Durham 009A,Public order,Unable to prosecute suspect,
c284feb2ad4a34d371a736ddd795308bdfea60d9eec94412e9c6e7c414bf8223,2021-05,Durham Constabulary,Durham Constabulary,-1.724795,54.860460,On or near Sabin Court,E01020624,County Durham 009A,Violence and sexual offences,Unable to prosecute suspect,
d08c0794a58c5eb797c673bad0a184606ad910f88b748dec58fbbbf7bc41d066,2021-05,Durham Constabulary,Durham Constabulary,-1.733260,54.857136,On or near Leeholme Court,E01020624,County Durham 009A,Violence and sexual offences,Unable to prosecute suspect,
b2f31fbf58cc16dcf78c8f1b354001443e6acb740ccbe68b2b61b92cf8f7373b,2021-05,Durham Constabulary,Durham Constabulary,-1.732904,54.856820,On or near Supermarket,E01020624,County Durham 009A,Violence and sexual offences,Local resolution,
cfc93ef48d1c35c26109e4f2d43440544ea85e2a7e7ccb8ac34e9e1ce40e70c5,2021-05,Durham Constabulary,Durham Constabulary,-1.724795,54.860460,On or near Sabin Court,E01020624,County Durham 009A,Violence and sexual offences,Unable to prosecute suspect,
7ea859a49b818f896e3dbd4f2c240f4a14f436875cf22caa10629d36f63b11a9,2021-05,Durham Constabulary,Durham Constabulary,-1.724795,54.860460,On or near Sabin Court,E01020624,County Durham 009A,Violence and sexual offences,Unable to prosecute suspect,
e054cceeebaff43cad93a3c0a55f0b0be403f1c7371efafcc8fb5d5de77e94ad,2021-05,Durham Constabulary,Durham Constabulary,-1.721667,54.862214,On or near Sandgate,E01020624,County Durham 009A,Violence and sexual offences,Local resolution,
efe608c250993a544c458de4c392ba7c0c138104666e5b038f0225db6c91c509,2021-05,Durham Constabulary,Durham Constabulary,-1.732904,54.856820,On or near Supermarket,E01020624,County Durham 009A,Violence and sexual offences,Local resolution,
431a895f5963c83fc69c9c04438d0f524a8f02778d72ec3b443fb864b1c53312,2021-05,Durham Constabulary,Durham Constabulary,-1.724795,54.860460,On or near Sabin Court,E01020624,County Durham 009A,Violence and sexual offences,Unable to prosecute suspect,
71c7fc5862b7967d04bfe4c1829a761ed4b46beca27553557f90c3f6405dd1b1,2021-05,Durham Constabulary,Durham Constabulary,-1.732904,54.856820,On or near Supermarket,E01020624,County Durham 009A,Violence and sexual offences,Unable to prosecute suspect,
d5f5b8ef0cb2e6a3ff31bf499dbb1f878429c7cabc99ca4ebf8c8fc3c3b6ab80,2021-05,Durham Constabulary,Durham Constabulary,-1.724795,54.860460,On or near Sabin Court,E01020624,County Durham 009A,Violence and sexual offences,Unable to prosecute suspect,
f0de98c6d561fa25de20dc14efdd173571e9fa0dea17f9c7d9552143162e5897,2021-05,Durham Constabulary,Durham Constabulary,-1.724795,54.860460,On or near Sabin Court,E01020624,County Durham 009A,Violence and sexual offences,Unable to prosecute suspect,
7e425920a69378f8322fe3c2e0a8b3a243eaf7c3e3cb59d3940242d1baef6154,2021-05,Durham Constabulary,Durham Constabulary,-1.724795,54.860460,On or near Sabin Court,E01020624,County Durham 009A,Violence and sexual offences,Status update unavailable,
aaa7463221445913f60da9d17c1364ac1e03ea7bd8a66f1c201db8dffffdb5c2,2021-05,Durham Constabulary,Durham Constabulary,-1.724795,54.860460,On or near Sabin Court,E01020624,County Durham 009A,Violence and sexual offences,Unable to prosecute suspect,
b354d5f115ca464077c136d51c5eb47ba7a937ed4b51dbef10e4fbdda66d147b,2021-05,Durham Constabulary,Durham Constabulary,-1.721667,54.862214,On or near Sandgate,E01020624,County Durham 009A,Violence and sexual offences,Unable to prosecute suspect,
380cb9e14ebb0b595b923861bcea1c0ccab4c1c8699483b81a78de8b4c65fb62,2021-05,Durham Constabulary,Durham Constabulary,-1.724795,54.860460,On or near Sabin Court,E01020624,County Durham 009A,Violence and sexual offences,Unable to prosecute suspect,
,2021-05,Durham Constabulary,Durham Constabulary,-1.739015,54.858568,On or near Parking Area,E01020625,County Durham 009B,Anti-social behaviour,,
,2021-05,Durham Constabulary,Durham Constabulary,-1.739015,54.858568,On or near Parking Area,E01020625,County Durham 009B,Anti-social behaviour,,
,2021-05,Durham Constabulary,Durham Constabulary,-1.748414,54.857590,On or near Ambrose Court,E01020625,County Durham 009B,Anti-social behaviour,,
,2021-05,Durham Constabulary,Durham Constabulary,-1.736654,54.857484,On or near Station Road,E01020625,County Durham 009B,Anti-social behaviour,,
de21c8bd5a1e6006db46ee5d0eb27039994fe09ecc80b338f516c7187a130304,2021-05,Durham Constabulary,Durham Constabulary,-1.739015,54.858568,On or near Parking Area,E01020625,County Durham 009B,Burglary,Unable to prosecute suspect,
a46a12ea5a1220c2fc0f3f00354b0a24fef624b45babd2890cd6a08fa7053ff9,2021-05,Durham Constabulary,Durham Constabulary,-1.736654,54.857484,On or near Station Road,E01020625,County Durham 009B,Criminal damage and arson,Investigation complete; no suspect identified,
d4ea92026f286b820cf2a87b7e1c18742fa2aa6e27975f6970956265e7269fb7,2021-05,Durham Constabulary,Durham Constabulary,-1.736909,54.856613,On or near Supermarket,E01020625,County Durham 009B,Criminal damage and arson,Investigation complete; no suspect identified,
009d23ad18fbfbb1a7af7d821a5fac84a6e91c3bba6ae3681691762cde526a8e,2021-05,Durham Constabulary,Durham Constabulary,-1.736075,54.855524,On or near Park Close,E01020625,County Durham 009B,Criminal damage and arson,Investigation complete; no suspect identified,
eed116b29ee91ecd819ca6367fde7d8b0171e114cd0011736f31164868e53192,2021-05,Durham Constabulary,Durham Constabulary,-1.736909,54.856613,On or near Supermarket,E01020625,County Durham 009B,Criminal damage and arson,Investigation complete; no suspect identified,
8f55c914d3b7c250340376f1490e40b964fd16cfbcd564a8368d7028d1005e3b,2021-05,Durham Constabulary,Durham Constabulary,-1.734287,54.857371,On or near Railway Street,E01020625,County Durham 009B,Criminal damage and arson,Investigation complete; no suspect identified,
a733d74e3f0c817d12b10a0288766ea1b0258cb9cb1586b7ef2aa6f1ab2dc480,2021-05,Durham Constabulary,Durham Constabulary,-1.732872,54.849973,On or near A6076,E01020625,County Durham 009B,Drugs,Further action is not in the public interest,
f4ff88544756b9270695af68d21d87251d90ff73abb55eab834d11c074f9bc7c,2021-05,Durham Constabulary,Durham Constabulary,-1.742866,54.850677,On or near Woodland Court,E01020625,County Durham 009B,Other theft,Investigation complete; no suspect identified,
710d1c6c00522fd674fe51f95c43a0252711b3a9e90eef14e79b31c3d7632e34,2021-05,Durham Constabulary,Durham Constabulary,-1.738618,54.854829,On or near St Aidan'S Crescent,E01020625,County Durham 009B,Other theft,Further investigation is not in the public interest,
25228b9702104e7f015e17737f9cd171d90f8f92aaad8e7b38b9c4827bdc1203,2021-05,Durham Constabulary,Durham Constabulary,-1.736654,54.857484,On or near Station Road,E01020625,County Durham 009B,Public order,Unable to prosecute suspect,
dca1654f18ac53c3d3adf56a1eed163eeb9e31119fed0ef2b8fa89313918a410,2021-05,Durham Constabulary,Durham Constabulary,-1.742866,54.850677,On or near Woodland Court,E01020625,County Durham 009B,Violence and sexual offences,Investigation complete; no suspect identified,
8a1ede1dc5723c09eacf2c848e7cedaded70562e87466b03508102ec4281e6a3,2021-05,Durham Constabulary,Durham Constabulary,-1.736909,54.856613,On or near Supermarket,E01020625,County Durham 009B,Violence and sexual offences,Unable to prosecute suspect,
f1123dd0ec552e06810881d755200172addc0694d66389475bf824766c3f5c52,2021-05,Durham Constabulary,Durham Constabulary,-1.747419,54.857337,On or near Sports/Recreation Area,E01020625,County Durham 009B,Violence and sexual offences,Investigation complete; no suspect identified,
06d134ccac3632b84454161cd5aa798bce46c25b8de526d8187786b87e46f83e,2021-05,Durham Constabulary,Durham Constabulary,-1.736654,54.857484,On or near Station Road,E01020625,County Durham 009B,Violence and sexual offences,Unable to prosecute suspect,
76f5cae8d551754e7ef3e5a01e107aff26c698aa54b5d9d176eb0cab72ea2655,2021-05,Durham Constabulary,Durham Constabulary,-1.733272,54.853056,On or near Petrol Station,E01020625,County Durham 009B,Violence and sexual offences,Investigation complete; no suspect identified,
6d3e8dea9e62127f55144e1a935b9c26030efb7daa973139f4ec0ebea2ea3806,2021-05,Durham Constabulary,Durham Constabulary,-1.736654,54.857484,On or near Station Road,E01020625,County Durham 009B,Violence and sexual offences,Investigation complete; no suspect identified,
bf438c897ed0fbd4ece48f6f41c717dd193015ccd256da26e7145bde69bdf4dc,2021-05,Durham Constabulary,Durham Constabulary,-1.736909,54.856613,On or near Supermarket,E01020625,County Durham 009B,Violence and sexual offences,Unable to prosecute suspect,
ae929e2ac5ea55341d3ca4637c5481620db07bc98c4aa4e989640d03037ba082,2021-05,Durham Constabulary,Durham Constabulary,-1.733579,54.856085,On or near New Durham Road,E01020625,County Durham 009B,Other crime,Unable to prosecute suspect,
,2021-05,Durham Constabulary,Durham Constabulary,-1.708059,54.865417,On or near Palmer Street,E01020670,County Durham 009C,Anti-social behaviour,,
,2021-05,Durham Constabulary,Durham Constabulary,-1.707978,54.865866,On or near Geoffrey Terrace,E01020670,County Durham 009C,Anti-social behaviour,,
,2021-05,Durham Constabulary,Durham Constabulary,-1.720786,54.865815,On or near Kyo Lane,E01020670,County Durham 009C,Anti-social behaviour,,
,2021-05,Durham Constabulary,Durham Constabulary,-1.702111,54.864935,On or near Eastfields,E01020670,County Durham 009C,Anti-social behaviour,,
,2021-05,Durham Constabulary,Durham Constabulary,-1.708059,54.865417,On or near Palmer Street,E01020670,County Durham 009C,Anti-social behaviour,,
682d95b1544599078e9478cf4e72facae7ddcc9ec30a1c5349e35628504f223b,2021-05,Durham Constabulary,Durham Constabulary,-1.706957,54.867050,On or near Coniscliffe Road,E01020670,County Durham 009C,Criminal damage and arson,Unable to prosecute suspect,
a2f7b35cb0f3db94e1509fc9c1346d64ff7b851e165deb0d478586a30620afb7,2021-05,Durham Constabulary,Durham Constabulary,-1.706957,54.867050,On or near Coniscliffe Road,E01020670,County Durham 009C,Criminal damage and arson,Investigation complete; no suspect identified,
0753595289f62156589096daca894f0a2712301af8cde24284c50a18800b5fcc,2021-05,Durham Constabulary,Durham Constabulary,-1.706957,54.867050,On or near Coniscliffe Road,E01020670,County Durham 009C,Criminal damage and arson,Unable to prosecute suspect,
87467265b284a34593d2ac017e9b125e123b1e34fb57b41505eb6a00681bb9f3,2021-05,Durham Constabulary,Durham Constabulary,-1.708324,54.867574,On or near Pea Road,E01020670,County Durham 009C,Other theft,Unable to prosecute suspect,
5c5d0d082a683f402af0b2809082a63206d8d6b083193b54030de1ab887a1cb5,2021-05,Durham Constabulary,Durham Constabulary,-1.707026,54.866089,On or near Holly Terrace,E01020670,County Durham 009C,Public order,Investigation complete; no suspect identified,
ac090a82510182805c3b112a11cb01cb2d8f058c85038f28a649a8232387c9e9,2021-05,Durham Constabulary,Durham Constabulary,-1.702111,54.864935,On or near Eastfields,E01020670,County Durham 009C,Public order,Unable to prosecute suspect,
9e299a5d055f761baff2f3bad960f6b05499293e68180029d512aabd4839a455,2021-05,Durham Constabulary,Durham Constabulary,-1.707526,54.868040,On or near Grange Road,E01020670,County Durham 009C,Violence and sexual offences,Further investigation is not in the public interest,
cf1b174e6fc8c51123f89e66a490fffd17a02dc8582e152ac51b27942c56518a,2021-05,Durham Constabulary,Durham Constabulary,-1.702111,54.864935,On or near Eastfields,E01020670,County Durham 009C,Violence and sexual offences,Unable to prosecute suspect,
e5f21a792f2173a95c44cfd44a350b6feeda5429d21bc18c649f8a472fb3a157,2021-05,Durham Constabulary,Durham Constabulary,-1.709815,54.866113,On or near Mandela Close,E01020670,County Durham 009C,Violence and sexual offences,Unable to prosecute suspect,
6af606c347558821d81fa31676b8a428026eaa9d8e3f4832b49467c0665c3abf,2021-05,Durham Constabulary,Durham Constabulary,-1.707526,54.868040,On or near Grange Road,E01020670,County Durham 009C,Violence and sexual offences,Status update unavailable,
a24c8913cb9ebd86368c61f31a0da9870286d479f6b6e19f0ad444ffb0cfce32,2021-05,Durham Constabulary,Durham Constabulary,-1.704241,54.865561,On or near Coniston Court,E01020670,County Durham 009C,Violence and sexual offences,Unable to prosecute suspect,
0266cba683ff8e3929078e034acf3d5c119d4d6f9b91095c80d5b0782fa3bf4a,2021-05,Durham Constabulary,Durham Constabulary,-1.702111,54.864935,On or near Eastfields,E01020670,County Durham 009C,Violence and sexual offences,Unable to prosecute suspect,
fa9c27cc316f95aa835b6cd55e0119b0db3f476b22511c5e1f88bb89d898ff29,2021-05,Durham Constabulary,Durham Constabulary,-1.696459,54.860347,On or near Thames Crescent,E01020670,County Durham 009C,Violence and sexual offences,Unable to prosecute suspect,
fa087b597bb27695558b2bb9adb947c27e44fb245c6c828eeae4884a0d72d328,2021-05,Durham Constabulary,Durham Constabulary,-1.708628,54.866470,On or near Dene Street,E01020670,County Durham 009C,Violence and sexual offences,Unable to prosecute suspect,
b88491ec7f95443bcdac3fe7f827b4875c75171e71b8fe9f0a48b7f3c237ab2b,2021-05,Durham Constabulary,Durham Constabulary,-1.707978,54.865866,On or near Geoffrey Terrace,E01020670,County Durham 009C,Other crime,Unable to prosecute suspect,
48871ba4fa88c3781f22700f718de6c1e0970b37a2d11dc3d23211c62219efdc,2021-05,Durham Constabulary,Durham Constabulary,-1.706149,54.864631,On or near Standish Street,E01020670,County Durham 009C,Other crime,Unable to prosecute suspect,
,2021-05,Durham Constabulary,Durham Constabulary,-1.705695,54.862697,On or near Eyre Street,E01020671,County Durham 009D,Anti-social behaviour,,
,2021-05,Durham Constabulary,Durham Constabulary,-1.708227,54.861625,On or near Rydal Avenue,E01020671,County Durham 009D,Anti-social behaviour,,
,2021-05,Durham Constabulary,Durham Constabulary,-1.707724,54.864410,On or near King Terrace,E01020671,County Durham 009D,Anti-social behaviour,,
,2021-05,Durham Constabulary,Durham Constabulary,-1.707769,54.862496,On or near School Lane,E01020671,County Durham 009D,Anti-social behaviour,,
,2021-05,Durham Constabulary,Durham Constabulary,-1.705657,54.861592,On or near Supermarket,E01020671,County Durham 009D,Anti-social behaviour,,
,2021-05,Durham Constabulary,Durham Constabulary,-1.707724,54.864410,On or near King Terrace,E01020671,County Durham 009D,Anti-social behaviour,,
,2021-05,Durham Constabulary,Durham Constabulary,-1.707769,54.862496,On or near School Lane,E01020671,County Durham 009D,Anti-social behaviour,,
,2021-05,Durham Constabulary,Durham Constabulary,-1.707620,54.863771,On or near Salisbury Street,E01020671,County Durham 009D,Anti-social behaviour,,
a00b8e0fc4fe9b131e1d5d11b1edc1c657bf152e26dd086c286d2078a0cf17c3,2021-05,Durham Constabulary,Durham Constabulary,-1.706063,54.861440,On or near Parking Area,E01020671,County Durham 009D,Burglary,Unable to prosecute suspect,
b12a625fcfc5ceb0e898a05c1a647226b28a14f7368cff81a2f2d8ae6dd93324,2021-05,Durham Constabulary,Durham Constabulary,-1.709251,54.860001,On or near Mitchell Street,E01020671,County Durham 009D,Criminal damage and arson,Unable to prosecute suspect,
4a66e2331e5348d04ae4cd0f8d1ba1935a9e54118f9a9c655ee417f954f5972f,2021-05,Durham Constabulary,Durham Constabulary,-1.709251,54.860001,On or near Mitchell Street,E01020671,County Durham 009D,Criminal damage and arson,Unable to prosecute suspect,
735935d66e6a72c89716bf98a78a2342038e09e89dea4c147e76778b779849fd,2021-05,Durham Constabulary,Durham Constabulary,-1.709251,54.860001,On or near Mitchell Street,E01020671,County Durham 009D,Criminal damage and arson,Investigation complete; no suspect identified,
5da7e350a308b112693e998830592f5da9fdeaf611299734a881d5c8e703b00b,2021-05,Durham Constabulary,Durham Constabulary,-1.709251,54.860001,On or near Mitchell Street,E01020671,County Durham 009D,Public order,Unable to prosecute suspect,
51a24a3f51a877e72733c277a5098e5aafd7c348f495b915b4fb5b7aa64087f8,2021-05,Durham Constabulary,Durham Constabulary,-1.707724,54.864410,On or near King Terrace,E01020671,County Durham 009D,Public order,Investigation complete; no suspect identified,
3fa4b446698dbb9808c5692111f365149fa303691d859be3bd60f57bada6fc47,2021-05,Durham Constabulary,Durham Constabulary,-1.705657,54.861592,On or near Supermarket,E01020671,County Durham 009D,Shoplifting,Investigation complete; no suspect identified,
c657e4d0393d63cba921f24e4342263b5e45ab9b799bc53bd777e4befae7fb0d,2021-05,Durham Constabulary,Durham Constabulary,-1.709251,54.860001,On or near Mitchell Street,E01020671,County Durham 009D,Violence and sexual offences,Unable to prosecute suspect,
3e5d918fff72832ce1eb94056ecb202ba5eecc98faff5747e726d7a0c6893a6a,2021-05,Durham Constabulary,Durham Constabulary,-1.707620,54.863771,On or near Salisbury Street,E01020671,County Durham 009D,Violence and sexual offences,Unable to prosecute suspect,
8b771497543919cc036b7590392e6ca56ab2fb97cacc583679ff40a6962f5056,2021-05,Durham Constabulary,Durham Constabulary,-1.707724,54.864410,On or near King Terrace,E01020671,County Durham 009D,Violence and sexual offences,Unable to prosecute suspect,
065fa4649a720d36e0e5e5fd82c232c1d9f1540437e654fe3ad2b1f479595e5c,2021-05,Durham Constabulary,Durham Constabulary,-1.708227,54.861625,On or near Rydal Avenue,E01020671,County Durham 009D,Violence and sexual offences,Unable to prosecute suspect,
5ca1150afe218ddbdd83c6ef42cb10734c88550400632ac04d18c2075cc6bd87,2021-05,Durham Constabulary,Durham Constabulary,-1.707620,54.863771,On or near Salisbury Street,E01020671,County Durham 009D,Violence and sexual offences,Unable to prosecute suspect,
53242981e76b295ce891402b3623fb6cfa8c47bab736268d2a09681ff630f49e,2021-05,Durham Constabulary,Durham Constabulary,-1.705695,54.862697,On or near Eyre Street,E01020671,County Durham 009D,Violence and sexual offences,Unable to prosecute suspect,
c33c950d9d842d3919542274afb5fb204129e69478b554c44cd504dded62ed64,2021-05,Durham Constabulary,Durham Constabulary,-1.707620,54.863771,On or near Salisbury Street,E01020671,County Durham 009D,Violence and sexual offences,Unable to prosecute suspect,
30f6b3995fda5f3c933459cf1badfd74d71b3734ddbd4c50c4b4b55df2c11781,2021-05,Durham Constabulary,Durham Constabulary,-1.707724,54.864410,On or near King Terrace,E01020671,County Durham 009D,Violence and sexual offences,Unable to prosecute suspect,
314e58771c005668fb9495bdfbc52e3de71b51ff80d206db463ffa1404905164,2021-05,Durham Constabulary,Durham Constabulary,-1.705826,54.863974,On or near Gale Street,E01020671,County Durham 009D,Violence and sexual offences,Action to be taken by another organisation,
25dc28fc2fb03f71c9540ff0bada8ac1e5f8543bbd2e0b04b93a33a9a9d93153,2021-05,Durham Constabulary,Durham Constabulary,-1.705826,54.863974,On or near Gale Street,E01020671,County Durham 009D,Violence and sexual offences,Action to be taken by another organisation,
478f5de92f0ce8a3afc5905a79dd2a31e84afc527fac30204e71ab50456a8761,2021-05,Durham Constabulary,Durham Constabulary,-1.707314,54.860778,On or near William Street,E01020671,County Durham 009D,Violence and sexual offences,Unable to prosecute suspect,
9f4d3aef25f9491e143ffb7516cf1c44c49e7e822a4d335e77ccaca96586cac8,2021-05,Durham Constabulary,Durham Constabulary,-1.709251,54.860001,On or near Mitchell Street,E01020671,County Durham 009D,Violence and sexual offences,Unable to prosecute suspect,
1a393ab930885bb8af2ea33ac36bc8d4a6f135df9a33312cd8f0245f65140a98,2021-05,Durham Constabulary,Durham Constabulary,-1.705355,54.862382,On or near Moore Street,E01020671,County Durham 009D,Violence and sexual offences,Unable to prosecute suspect,
c5981e6d625083d52ec7c974651ce647f3a4fc079ddaff8e0ae366dfa598ad39,2021-05,Durham Constabulary,Durham Constabulary,-1.704760,54.860664,On or near Mundell Street,E01020671,County Durham 009D,Violence and sexual offences,Unable to prosecute suspect,
70e2fd43161dcc329da44703e729547c3407cc466c16691e39d1bca70f2afd3a,2021-05,Durham Constabulary,Durham Constabulary,-1.706794,54.861541,On or near Greenlands,E01020671,County Durham 009D,Violence and sexual offences,Action to be taken by another organisation,
d684351a05c0455497102a3f445814e3e74255218c52bd9792b944211dbefec7,2021-05,Durham Constabulary,Durham Constabulary,-1.709113,54.859794,On or near Pine View,E01020671,County Durham 009D,Other crime,Unable to prosecute suspect,
,2021-05,Durham Constabulary,Durham Constabulary,-1.702904,54.856661,On or near Sports/Recreation Area,E01020672,County Durham 009E,Anti-social behaviour,,
,2021-05,Durham Constabulary,Durham Constabulary,-1.702904,54.856661,On or near Sports/Recreation Area,E01020672,County Durham 009E,Anti-social behaviour,,
,2021-05,Durham Constabulary,Durham Constabulary,-1.708307,54.852675,On or near Sports/Recreation Area,E01020672,County Durham 009E,Anti-social behaviour,,
,2021-05,Durham Constabulary,Durham Constabulary,-1.707604,54.859512,On or near Poplar Street,E01020672,County Durham 009E,Anti-social behaviour,,
,2021-05,Durham Constabulary,Durham Constabulary,-1.707435,54.859116,On or near Elm Street,E01020672,County Durham 009E,Anti-social behaviour,,
,2021-05,Durham Constabulary,Durham Constabulary,-1.707289,54.857768,On or near Beldon Drive,E01020672,County Durham 009E,Anti-social behaviour,,
,2021-05,Durham Constabulary,Durham Constabulary,-1.707604,54.859512,On or near Poplar Street,E01020672,County Durham 009E,Anti-social behaviour,,
374070fc126d44eaf833f050d0ba59cef1c43880c0d51fdc7962c52ddc08a563,2021-05,Durham Constabulary,Durham Constabulary,-1.704953,54.853485,On or near Greenhills,E01020672,County Durham 009E,Criminal damage and arson,Unable to prosecute suspect,
73616a38e3df16941dfc9264af9e5b903a0be31e990b9172b228ca72ccc28d2e,2021-05,Durham Constabulary,Durham Constabulary,-1.707604,54.859512,On or near Poplar Street,E01020672,County Durham 009E,Other theft,Unable to prosecute suspect,
7e61093b2db3d00db0ad579c9e7f96375d3e0b8b5312e8cdc0a945afb3985dcc,2021-05,Durham Constabulary,Durham Constabulary,-1.708307,54.852675,On or near Sports/Recreation Area,E01020672,County Durham 009E,Public order,Further investigation is not in the public interest,
eed37a7d670621d648f405392fe4e8aa9311bd8ba011baa603f7d5cbd9d38e36,2021-05,Durham Constabulary,Durham Constabulary,-1.703487,54.860095,On or near Charlotte Street,E01020672,County Durham 009E,Public order,Court result unavailable,
00f6c769a927f3491ec569e3041f9d916a68fbf97d153a6333e7ab19e895f785,2021-05,Durham Constabulary,Durham Constabulary,-1.703487,54.860095,On or near Charlotte Street,E01020672,County Durham 009E,Violence and sexual offences,Unable to prosecute suspect,
8980c5087343ef4fa0f8bca9ad894a229d575a6eecabf7c7769093d88cf1820e,2021-05,Durham Constabulary,Durham Constabulary,-1.705504,54.859093,On or near Maple Street,E01020672,County Durham 009E,Violence and sexual offences,Investigation complete; no suspect identified,
1fc1ae8abec0178ed2a49786a939e0d1614b25c488e05f8652ea0c4da72b9f04,2021-05,Durham Constabulary,Durham Constabulary,-1.705504,54.859093,On or near Maple Street,E01020672,County Durham 009E,Violence and sexual offences,Unable to prosecute suspect,
88adcd5f504d7e7c790f5712ec4b0805c8bb1e9d7b45a9426c949bf1344acf8e,2021-05,Durham Constabulary,Durham Constabulary,-1.708307,54.852675,On or near Sports/Recreation Area,E01020672,County Durham 009E,Violence and sexual offences,Unable to prosecute suspect,
f7d08c780c94d51eeb2df75acf7d39bb4a050aa7fa64aa0c08dc9abc9c5799bc,2021-05,Durham Constabulary,Durham Constabulary,-1.710413,54.863131,On or near Sports/Recreation Area,E01020672,County Durham 009E,Violence and sexual offences,Court result unavailable,
bf99149726fe332262defb9dcf9b88e938a73471de5171878189444df07055cf,2021-05,Durham Constabulary,Durham Constabulary,-1.704075,54.856295,On or near South Moor Road,E01020672,County Durham 009E,Violence and sexual offences,Unable to prosecute suspect,
492cd7316b7e12c7efcaf8f4bec57b71d9ce2f37183256c211714cf1641f7e0b,2021-05,Durham Constabulary,Durham Constabulary,-1.707289,54.857768,On or near Beldon Drive,E01020672,County Durham 009E,Violence and sexual offences,Unable to prosecute suspect,
07f9ef07f03aeeee790e9ff9d411639629b3984f8326c1daa29313506e99f591,2021-05,Durham Constabulary,Durham Constabulary,-1.708307,54.852675,On or near Sports/Recreation Area,E01020672,County Durham 009E,Violence and sexual offences,Unable to prosecute suspect,
4d8f312d91a48b8f6db7cb748505b7fe15e53c8fb1db681892bf07b61370acc2,2021-05,Durham Constabulary,Durham Constabulary,-1.704953,54.853485,On or near Greenhills,E01020672,County Durham 009E,Violence and sexual offences,Unable to prosecute suspect,
6a5ff6a03d4a0865093d58323f0c84b84a13641aaf51bf3a62d11de20e0ac501,2021-05,Durham Constabulary,Durham Constabulary,-1.710413,54.863131,On or near Sports/Recreation Area,E01020672,County Durham 009E,Violence and sexual offences,Court result unavailable,
,2021-05,Durham Constabulary,Durham Constabulary,-1.841095,54.862429,On or near Sports/Recreation Area,E01020632,County Durham 010A,Anti-social behaviour,,
,2021-05,Durham Constabulary,Durham Constabulary,-1.847530,54.862140,On or near John Street,E01020632,County Durham 010A,Anti-social behaviour,,
d50b5c3b76b103cad8c8f76f846e60d03abf8db7b013a968f8f489476e769976,2021-05,Durham Constabulary,Durham Constabulary,-1.844913,54.858021,On or near Roger Street,E01020632,County Durham 010A,Criminal damage and arson,Unable to prosecute suspect,
94c55ea423b148a4304c10044e5ac5d75158c71a1ce69a0e4fb4f6e71d7a52af,2021-05,Durham Constabulary,Durham Constabulary,-1.840313,54.866948,On or near Turnberry Close,E01020632,County Durham 010A,Criminal damage and arson,Investigation complete; no suspect identified,
6c814381165ccb21c968bf583c6e3feb2c445213ae2d59b4483adccc82b188a7,2021-05,Durham Constabulary,Durham Constabulary,-1.848156,54.861305,On or near Supermarket,E01020632,County Durham 010A,Criminal damage and arson,Investigation complete; no suspect identified,
049bfed4180e01338d74c20795b72796671de354e3df5f41626839d97737f947,2021-05,Durham Constabulary,Durham Constabulary,-1.847973,54.860326,On or near Cross Street,E01020632,County Durham 010A,Violence and sexual offences,Unable to prosecute suspect,
,2021-05,Durham Constabulary,Durham Constabulary,-1.829241,54.850856,On or near Back East Parade,E01020640,County Durham 010B,Anti-social behaviour,,
,2021-05,Durham Constabulary,Durham Constabulary,-1.824763,54.852728,On or near A692,E01020640,County Durham 010B,Anti-social behaviour,,
,2021-05,Durham Constabulary,Durham Constabulary,-1.834574,54.849264,On or near Supermarket,E01020640,County Durham 010B,Anti-social behaviour,,
,2021-05,Durham Constabulary,Durham Constabulary,-1.824763,54.852728,On or near A692,E01020640,County Durham 010B,Anti-social behaviour,,
,2021-05,Durham Constabulary,Durham Constabulary,-1.829403,54.849472,On or near Gill Street,E01020640,County Durham 010B,Anti-social behaviour,,
,2021-05,Durham Constabulary,Durham Constabulary,-1.832419,54.850636,On or near Back Palmerston Street,E01020640,County Durham 010B,Anti-social behaviour,,
,2021-05,Durham Constabulary,Durham Constabulary,-1.830186,54.852115,On or near Front Street,E01020640,County Durham 010B,Anti-social behaviour,,
,2021-05,Durham Constabulary,Durham Constabulary,-1.829403,54.849472,On or near Gill Street,E01020640,County Durham 010B,Anti-social behaviour,,
,2021-05,Durham Constabulary,Durham Constabulary,-1.830186,54.852115,On or near Front Street,E01020640,County Durham 010B,Anti-social behaviour,,
,2021-05,Durham Constabulary,Durham Constabulary,-1.824763,54.852728,On or near A692,E01020640,County Durham 010B,Anti-social behaviour,,
,2021-05,Durham Constabulary,Durham Constabulary,-1.832796,54.849863,On or near Unsworth Street,E01020640,County Durham 010B,Anti-social behaviour,,
,2021-05,Durham Constabulary,Durham Constabulary,-1.832140,54.850312,On or near Palmerston Street,E01020640,County Durham 010B,Anti-social behaviour,,
,2021-05,Durham Constabulary,Durham Constabulary,-1.829403,54.849472,On or near Gill Street,E01020640,County Durham 010B,Anti-social behaviour,,
,2021-05,Durham Constabulary,Durham Constabulary,-1.832140,54.850312,On or near Palmerston Street,E01020640,County Durham 010B,Anti-social behaviour,,
8d3072d37cbc1e8b4c0412d2ed83b8b395f6780a45d6304b13b72c3504dd6819,2021-05,Durham Constabulary,Durham Constabulary,-1.830433,54.845133,On or near Cotherstone Close,E01020640,County Durham 010B,Criminal damage and arson,Investigation complete; no suspect identified,
9c32c232a29d6d0a5d7371298730fe9e8a1ca0e9d0d2bd33c49d41802557e870,2021-05,Durham Constabulary,Durham Constabulary,-1.830186,54.852115,On or near Front Street,E01020640,County Durham 010B,Criminal damage and arson,Unable to prosecute suspect,
2618f5d53c4d9eab69c1b8091e6129c21d51758514cdb5f45e96c5601f081bde,2021-05,Durham Constabulary,Durham Constabulary,-1.830703,54.851361,On or near Ann Street,E01020640,County Durham 010B,Criminal damage and arson,Local resolution,
af2113d3a3fcc0268988f4bca8c9d124755e1bb7b14ce1504f529e236f26f9f6,2021-05,Durham Constabulary,Durham Constabulary,-1.832140,54.850312,On or near Palmerston Street,E01020640,County Durham 010B,Criminal damage and arson,Investigation complete; no suspect identified,
7b5a3dae00b89107fab5ddc4846c6934d78668a652df112e617b05042cca56e8,2021-05,Durham Constabulary,Durham Constabulary,-1.832496,54.847149,On or near Knitsley Lane,E01020640,County Durham 010B,Criminal damage and arson,Investigation complete; no suspect identified,
03acfd40f7042070d0f7aa74bfeb3c013b54cac85c15074df0df6fe13448ec19,2021-05,Durham Constabulary,Durham Constabulary,-1.827535,54.852777,On or near Plane Street,E01020640,County Durham 010B,Criminal damage and arson,Investigation complete; no suspect identified,
c40d78bcf3b73ac9b48f018a195eff7fc833f4fc43f8f8b415d262fe01490277,2021-05,Durham Constabulary,Durham Constabulary,-1.826400,54.848803,On or near Delves Lane,E01020640,County Durham 010B,Other theft,Investigation complete; no suspect identified,
e93132040aa94e1298e9be51a85c4048c57b190cc8d6890a17afece0e96a780b,2021-05,Durham Constabulary,Durham Constabulary,-1.831825,54.851111,On or near Shopping Area,E01020640,County Durham 010B,Public order,Investigation complete; no suspect identified,
c930ebefdb50d71e32dd4e54691d21f276ef0b933ffd71f83d4c4698148c5ace,2021-05,Durham Constabulary,Durham Constabulary,-1.824763,54.852728,On or near A692,E01020640,County Durham 010B,Public order,Investigation complete; no suspect identified,
6f399c8e96f146fc22f2b6dc0b877d620fe0d43c31c90eede4c0d93cbbd95136,2021-05,Durham Constabulary,Durham Constabulary,-1.831825,54.851111,On or near Shopping Area,E01020640,County Durham 010B,Violence and sexual offences,Investigation complete; no suspect identified,
72dca509ec390fdc6bd3f5356f0052f1882727e495307da19e50fd2343af42bb,2021-05,Durham Constabulary,Durham Constabulary,-1.830186,54.852115,On or near Front Street,E01020640,County Durham 010B,Violence and sexual offences,Unable to prosecute suspect,
715b9e00fae4d2a2e2655d920b9ae080a0483361e6ef695c70a78ca2685d62f0,2021-05,Durham Constabulary,Durham Constabulary,-1.832140,54.850312,On or near Palmerston Street,E01020640,County Durham 010B,Violence and sexual offences,Investigation complete; no suspect identified,
1ea4f17b19a1c29bb2e795e2b64f597defd7cd5c69fe886f1f94a3541ddbdc50,2021-05,Durham Constabulary,Durham Constabulary,-1.834186,54.845049,On or near The Chequers,E01020640,County Durham 010B,Violence and sexual offences,Unable to prosecute suspect,
b714c21687a76c240f66e5e30803b6144c6d69609db590f5319d823ff6bc2dfd,2021-05,Durham Constabulary,Durham Constabulary,-1.826400,54.848803,On or near Delves Lane,E01020640,County Durham 010B,Violence and sexual offences,Investigation complete; no suspect identified,
f89587e52c9b2298b31bda507d4a4781d0eeb6db13ba74a2226e742b3861511b,2021-05,Durham Constabulary,Durham Constabulary,-1.830703,54.851361,On or near Ann Street,E01020640,County Durham 010B,Violence and sexual offences,Unable to prosecute suspect,
2a6eddb0624354fb0bc04d6f755294f4d9403985cfaff26f23df6a736982ce35,2021-05,Durham Constabulary,Durham Constabulary,-1.832796,54.849863,On or near Unsworth Street,E01020640,County Durham 010B,Violence and sexual offences,Status update unavailable,
94f6cebded87c146aa21c322219dc67a753bddae67d0043638851a6e12072924,2021-05,Durham Constabulary,Durham Constabulary,-1.834574,54.849264,On or near Supermarket,E01020640,County Durham 010B,Violence and sexual offences,Unable to prosecute suspect,
29db99b62de7470eb2b92d0dbadf529feb9e1f915b2ba3f850536975e33253fa,2021-05,Durham Constabulary,Durham Constabulary,-1.830186,54.852115,On or near Front Street,E01020640,County Durham 010B,Violence and sexual offences,Unable to prosecute suspect,
8f123aac2e09851d63aff879bcf0575926991ffec36a4bb7fbcc5c908fafaaa3,2021-05,Durham Constabulary,Durham Constabulary,-1.828798,54.852410,On or near Parking Area,E01020640,County Durham 010B,Violence and sexual offences,Unable to prosecute suspect,
dec09a9fd44c55e57ccc1a387d6a27b014cc52f937ba4c4640e7d36a3fc05e57,2021-05,Durham Constabulary,Durham Constabulary,-1.832036,54.849143,On or near Temple Forge Mews,E01020640,County Durham 010B,Violence and sexual offences,Unable to prosecute suspect,
e56cd46f027665cf4f9406877c8de21ef5140a860a506eae508c5bd5e0e18719,2021-05,Durham Constabulary,Durham Constabulary,-1.832140,54.850312,On or near Palmerston Street,E01020640,County Durham 010B,Violence and sexual offences,Investigation complete; no suspect identified,
70e7456b24e9a0a4cbd16c60b90138e4fda6d08fb2f13c248bf9293707284ca3,2021-05,Durham Constabulary,Durham Constabulary,-1.834339,54.849632,On or near Supermarket,E01020640,County Durham 010B,Other crime,Further investigation is not in the public interest,
,2021-05,Durham Constabulary,Durham Constabulary,-1.824968,54.859360,On or near Villa Real Road,E01020641,County Durham 010C,Anti-social behaviour,,
,2021-05,Durham Constabulary,Durham Constabulary,-1.824968,54.859360,On or near Villa Real Road,E01020641,County Durham 010C,Anti-social behaviour,,
,2021-05,Durham Constabulary,Durham Constabulary,-1.829818,54.854308,On or near Teasdale Street,E01020641,County Durham 010C,Anti-social behaviour,,
,2021-05,Durham Constabulary,Durham Constabulary,-1.825688,54.854949,On or near Russell Close,E01020641,County Durham 010C,Anti-social behaviour,,
,2021-05,Durham Constabulary,Durham Constabulary,-1.824968,54.859360,On or near Villa Real Road,E01020641,County Durham 010C,Anti-social behaviour,,
,2021-05,Durham Constabulary,Durham Constabulary,-1.825636,54.856117,On or near Elmdale Road,E01020641,County Durham 010C,Anti-social behaviour,,
,2021-05,Durham Constabulary,Durham Constabulary,-1.824968,54.859360,On or near Villa Real Road,E01020641,County Durham 010C,Anti-social behaviour,,
,2021-05,Durham Constabulary,Durham Constabulary,-1.825636,54.856117,On or near Elmdale Road,E01020641,County Durham 010C,Anti-social behaviour,,
6c667dbd5613c7aa6cfe6a26f220bc10fbdb5b8d4542c2bfca259b3d71b94674,2021-05,Durham Constabulary,Durham Constabulary,-1.823910,54.855584,On or near Ash Grove,E01020641,County Durham 010C,Criminal damage and arson,Further investigation is not in the public interest,
10208cb4682c440c4d80779c3fdbc1e4320a77e83beb5ad1149ee46fcc609d3f,2021-05,Durham Constabulary,Durham Constabulary,-1.825636,54.856117,On or near Elmdale Road,E01020641,County Durham 010C,Drugs,Further investigation is not in the public interest,
83de7722454cce8bc2ced16361818d4416d7a0e21e1ed0cb1b0722f1ffbcdd93,2021-05,Durham Constabulary,Durham Constabulary,-1.825636,54.856117,On or near Elmdale Road,E01020641,County Durham 010C,Drugs,Offender given a caution,
ec978d6a26069f918c4bb813a0e6b848328545e2958785015a617b93d8c81123,2021-05,Durham Constabulary,Durham Constabulary,-1.828522,54.855106,On or near Harvey Court,E01020641,County Durham 010C,Other theft,Investigation complete; no suspect identified,
3fe1694cf6b8bfd66c2117027e0b2aa5920da626bca44803762f096c03c89b1e,2021-05,Durham Constabulary,Durham Constabulary,-1.819988,54.858202,On or near Carr House Mews,E01020641,County Durham 010C,Possession of weapons,Unable to prosecute suspect,
9f578762cd4d99b82dd86b222062c777bac51827814f3588176853cc06374e94,2021-05,Durham Constabulary,Durham Constabulary,-1.829818,54.854308,On or near Teasdale Street,E01020641,County Durham 010C,Public order,Offender given a caution,
f69652ce95441c83968fecb44e1f4430b295a54accc15f752cc6ea867c1ffbbf,2021-05,Durham Constabulary,Durham Constabulary,-1.830933,54.859602,On or near East View,E01020641,County Durham 010C,Public order,Investigation complete; no suspect identified,
f2a13e1d67ae7b37d9e9ee3efa6685da184a85ca82055dc3320ec90a47a12963,2021-05,Durham Constabulary,Durham Constabulary,-1.823910,54.855584,On or near Ash Grove,E01020641,County Durham 010C,Public order,Unable to prosecute suspect,
7e63e2e7f50b0e86bd4b81912664209a785f431dd7514d869588832f77894eac,2021-05,Durham Constabulary,Durham Constabulary,-1.831676,54.857132,On or near Belle Vue Gardens,E01020641,County Durham 010C,Violence and sexual offences,Unable to prosecute suspect,
5e357f6a9e0ea51bc3b9ae6de7ac9eeff220d43604fa3337b875a1ab7d51affc,2021-05,Durham Constabulary,Durham Constabulary,-1.829869,54.853391,On or near Angelica Close,E01020641,County Durham 010C,Violence and sexual offences,Unable to prosecute suspect,
12a74288e8aa20bfeb56119283f4c36127c3dd453d7334d83b6a203d7618836f,2021-05,Durham Constabulary,Durham Constabulary,-1.832640,54.857457,On or near Avondale Road,E01020641,County Durham 010C,Violence and sexual offences,Unable to prosecute suspect,
339219b982480dfe4b1e2d01064985e3d297a76a98068493b4e8bc9556a344a9,2021-05,Durham Constabulary,Durham Constabulary,-1.831676,54.857132,On or near Belle Vue Gardens,E01020641,County Durham 010C,Violence and sexual offences,Unable to prosecute suspect,
630fe4f9c71ddc6df1da998c6b6c20ff4998f23230c9cf3aded93886b9a1d979,2021-05,Durham Constabulary,Durham Constabulary,-1.828324,54.857864,On or near Sports/Recreation Area,E01020641,County Durham 010C,Violence and sexual offences,Action to be taken by another organisation,
ce74cd983e40d8801dc82c72ba8d3919bd27ced5469f8c038f486a1f18ca1216,2021-05,Durham Constabulary,Durham Constabulary,-1.824968,54.859360,On or near Villa Real Road,E01020641,County Durham 010C,Violence and sexual offences,Action to be taken by another organisation,
5c3d79a7debb6765546f4148f71172c0b0f67d51f80734670b785cc5959296e1,2021-05,Durham Constabulary,Durham Constabulary,-1.824671,54.855891,On or near Beechdale Road,E01020641,County Durham 010C,Violence and sexual offences,Unable to prosecute suspect,
bbaa616af8afe6f0c155c5b10d2eba796306344ae0483c789e76cba21de9b439,2021-05,Durham Constabulary,Durham Constabulary,-1.831676,54.857132,On or near Belle Vue Gardens,E01020641,County Durham 010C,Violence and sexual offences,Unable to prosecute suspect,
c7841e2f95e2b956a45f83b94474a03979f7170f296c2e80898ad2fa2654245c,2021-05,Durham Constabulary,Durham Constabulary,-1.831676,54.857132,On or near Belle Vue Gardens,E01020641,County Durham 010C,Violence and sexual offences,Court result unavailable,
57a164c62363fb08346e41b145050df426dcb95ece09ff58faa6eb0a8792b7cc,2021-05,Durham Constabulary,Durham Constabulary,-1.823910,54.855584,On or near Ash Grove,E01020641,County Durham 010C,Violence and sexual offences,Unable to prosecute suspect,
32861b19ba1b04a68245295c3dd34ef03831a95daf8f1ce972e6b73922f606b8,2021-05,Durham Constabulary,Durham Constabulary,-1.827997,54.853981,On or near Gladstone Street,E01020641,County Durham 010C,Other crime,Unable to prosecute suspect,
,2021-05,Durham Constabulary,Durham Constabulary,-1.838507,54.858956,On or near Sports/Recreation Area,E01020642,County Durham 010D,Anti-social behaviour,,
,2021-05,Durham Constabulary,Durham Constabulary,-1.831453,54.862047,On or near Cyril Street,E01020642,County Durham 010D,Anti-social behaviour,,
,2021-05,Durham Constabulary,Durham Constabulary,-1.832821,54.858931,On or near Balfour Street,E01020642,County Durham 010D,Anti-social behaviour,,
3387d3c5a4285bf6b93d15ec8b8152e2dff553e2f3b40dfa87e24aa6c6f245a5,2021-05,Durham Constabulary,Durham Constabulary,-1.833298,54.856703,On or near Beverley Terrace,E01020642,County Durham 010D,Public order,Unable to prosecute suspect,
a65986f606db4f57c54634969d4a03d54814e4cad935c49bb5bdadfaf29ab5ce,2021-05,Durham Constabulary,Durham Constabulary,-1.833483,54.857053,On or near Hutchinson Avenue,E01020642,County Durham 010D,Violence and sexual offences,Unable to prosecute suspect,
2a521f7ed39bdac388f64e90263e44858bd61e47683a92563ec1fa18f2f1fa08,2021-05,Durham Constabulary,Durham Constabulary,-1.829150,54.861388,On or near Balmoral Grove,E01020642,County Durham 010D,Violence and sexual offences,Unable to prosecute suspect,
22bfc8d1540296b0ce2587b44d235953ff6425437887a1c5f45b97a7b8ba18a8,2021-05,Durham Constabulary,Durham Constabulary,-1.833298,54.856703,On or near Beverley Terrace,E01020642,County Durham 010D,Violence and sexual offences,Unable to prosecute suspect,
ce14b34dc839fbfb5f1f708269178d27e4575e4755f58c8b726c5e941d4e3bad,2021-05,Durham Constabulary,Durham Constabulary,-1.833298,54.856703,On or near Beverley Terrace,E01020642,County Durham 010D,Violence and sexual offences,Unable to prosecute suspect,
31bf8e0f590953bdc3b60329ba91f7876841acc4f7c1a769a913d7ca334fdf6a,2021-05,Durham Constabulary,Durham Constabulary,-1.833098,54.855948,On or near Bath Lane,E01020642,County Durham 010D,Violence and sexual offences,Unable to prosecute suspect,
438894b3511478611fb4b830e71ef7e4b43069187e8c21233be24a1d8409a8eb,2021-05,Durham Constabulary,Durham Constabulary,-1.833298,54.856703,On or near Beverley Terrace,E01020642,County Durham 010D,Other crime,Unable to prosecute suspect,
,2021-05,Durham Constabulary,Durham Constabulary,-1.833840,54.853459,On or near Victoria Road,E01020643,County Durham 010E,Anti-social behaviour,,
,2021-05,Durham Constabulary,Durham Constabulary,-1.836003,54.850119,On or near Further/Higher Educational Building,E01020643,County Durham 010E,Anti-social behaviour,,
,2021-05,Durham Constabulary,Durham Constabulary,-1.831895,54.853097,On or near Bus/Coach Station,E01020643,County Durham 010E,Anti-social behaviour,,
,2021-05,Durham Constabulary,Durham Constabulary,-1.835128,54.854728,On or near Newmarket Street,E01020643,County Durham 010E,Anti-social behaviour,,
,2021-05,Durham Constabulary,Durham Constabulary,-1.831895,54.853097,On or near Bus/Coach Station,E01020643,County Durham 010E,Anti-social behaviour,,
,2021-05,Durham Constabulary,Durham Constabulary,-1.832963,54.854824,On or near Green Street,E01020643,County Durham 010E,Anti-social behaviour,,
,2021-05,Durham Constabulary,Durham Constabulary,-1.831895,54.853097,On or near Bus/Coach Station,E01020643,County Durham 010E,Anti-social behaviour,,
,2021-05,Durham Constabulary,Durham Constabulary,-1.833003,54.852578,On or near Mason Street,E01020643,County Durham 010E,Anti-social behaviour,,
,2021-05,Durham Constabulary,Durham Constabulary,-1.835128,54.854728,On or near Newmarket Street,E01020643,County Durham 010E,Anti-social behaviour,,
,2021-05,Durham Constabulary,Durham Constabulary,-1.835173,54.851278,On or near Alexandra Street,E01020643,County Durham 010E,Anti-social behaviour,,
,2021-05,Durham Constabulary,Durham Constabulary,-1.832963,54.854824,On or near Green Street,E01020643,County Durham 010E,Anti-social behaviour,,
,2021-05,Durham Constabulary,Durham Constabulary,-1.831895,54.853097,On or near Bus/Coach Station,E01020643,County Durham 010E,Anti-social behaviour,,
,2021-05,Durham Constabulary,Durham Constabulary,-1.833273,54.851194,On or near Nelson Street,E01020643,County Durham 010E,Anti-social behaviour,,
,2021-05,Durham Constabulary,Durham Constabulary,-1.836976,54.856097,On or near Queens Gate,E01020643,County Durham 010E,Anti-social behaviour,,
,2021-05,Durham Constabulary,Durham Constabulary,-1.833656,54.852956,On or near Raglan Street,E01020643,County Durham 010E,Anti-social behaviour,,
,2021-05,Durham Constabulary,Durham Constabulary,-1.832459,54.852262,On or near Wesley Street,E01020643,County Durham 010E,Anti-social behaviour,,
333565310f58e6145c5aeed1e231a695911e33601e6e63c34174995d3818556f,2021-05,Durham Constabulary,Durham Constabulary,-1.831895,54.853097,On or near Bus/Coach Station,E01020643,County Durham 010E,Criminal damage and arson,Investigation complete; no suspect identified,
7f6b521b487a06cc2e78e10346a41bbd826af4a84a3c7dea4d8d62622bc215db,2021-05,Durham Constabulary,Durham Constabulary,-1.831895,54.853097,On or near Bus/Coach Station,E01020643,County Durham 010E,Criminal damage and arson,Investigation complete; no suspect identified,
2ceb7420ff65594abe0aef2cdd9c0038f9902e170f25b9e055521d81bd308fcf,2021-05,Durham Constabulary,Durham Constabulary,-1.830598,54.854147,On or near Herbert Street,E01020643,County Durham 010E,Criminal damage and arson,Investigation complete; no suspect identified,
66591677cdbe06ba06ff6015767e6afbe4c1874758346a4450497864017e7da9,2021-05,Durham Constabulary,Durham Constabulary,-1.833656,54.852956,On or near Raglan Street,E01020643,County Durham 010E,Criminal damage and arson,Investigation complete; no suspect identified,
962fd7cbba496a4c70d5e9e4bfd747d29d60d40172397b8ad425761e29d0e24a,2021-05,Durham Constabulary,Durham Constabulary,-1.837339,54.854857,On or near Steel Street,E01020643,County Durham 010E,Criminal damage and arson,Offender given a caution,
39d13c9c9d26ac8d9bdf4d83845c7f0718736d6036fb542a1f3e081efb27750e,2021-05,Durham Constabulary,Durham Constabulary,-1.837850,54.855738,On or near Lingfield Road,E01020643,County Durham 010E,Other theft,Further investigation is not in the public interest,
21661b496951574c3f885629c6170ce65782542c3ee0935ccdedacd7e6d8a853,2021-05,Durham Constabulary,Durham Constabulary,-1.833003,54.852578,On or near Mason Street,E01020643,County Durham 010E,Other theft,Unable to prosecute suspect,
3f325d5d4b5b28eb10fd617a0703295dfd929f681800399aace35f1f999f5ca7,2021-05,Durham Constabulary,Durham Constabulary,-1.831895,54.853097,On or near Bus/Coach Station,E01020643,County Durham 010E,Possession of weapons,Further investigation is not in the public interest,
0d25ac06f29536a429c5a332d63dca025bea951c0a8a22ca82ab39edbfffe76b,2021-05,Durham Constabulary,Durham Constabulary,-1.831698,54.851749,On or near Theatre/Concert Hall,E01020643,County Durham 010E,Public order,Investigation complete; no suspect identified,
a651700de856245084353debdad91ec5e391b8b7aaf4432619def2bf3fe4def1,2021-05,Durham Constabulary,Durham Constabulary,-1.833840,54.853459,On or near Victoria Road,E01020643,County Durham 010E,Public order,Local resolution,
104795ac5531a446c059ae7bb817937dfc358b145b7c485bef7b2e9cf3ca8a6e,2021-05,Durham Constabulary,Durham Constabulary,-1.833273,54.851194,On or near Nelson Street,E01020643,County Durham 010E,Public order,Court result unavailable,
3d7733ed7daf375e27e9163bc670e521d61e1dc8595a28056045f4e711788355,2021-05,Durham Constabulary,Durham Constabulary,-1.832963,54.854824,On or near Green Street,E01020643,County Durham 010E,Public order,Local resolution,
5c9f690e6ed554ac897643e3b0e1e5b1845733959b11f10ec1e6b43e329fdf89,2021-05,Durham Constabulary,Durham Constabulary,-1.833384,54.850853,On or near Nightclub,E01020643,County Durham 010E,Public order,Investigation complete; no suspect identified,
3ef34c8957a4ef45c87734ce2170c67e8a9e92f1911e9176508ea45652911095,2021-05,Durham Constabulary,Durham Constabulary,-1.831895,54.853097,On or near Bus/Coach Station,E01020643,County Durham 010E,Shoplifting,Court result unavailable,
5b6cf47a76f26acc1666bc4c569ab41d41e80c571c4e26a1d2dbd589b5424727,2021-05,Durham Constabulary,Durham Constabulary,-1.833384,54.850853,On or near Nightclub,E01020643,County Durham 010E,Shoplifting,Local resolution,
bcfd3fb66bdfeeec82cca3d818bb9ef1b46d9b0e7d9c1ee76cdcd86becad460f,2021-05,Durham Constabulary,Durham Constabulary,-1.833273,54.851194,On or near Nelson Street,E01020643,County Durham 010E,Violence and sexual offences,Unable to prosecute suspect,
92ecf0d94dd129486e69c0ca4dd8a5ca854a81a926c701414e5b85a1d9ae2d18,2021-05,Durham Constabulary,Durham Constabulary,-1.833567,54.851833,On or near Nile Street,E01020643,County Durham 010E,Violence and sexual offences,Unable to prosecute suspect,
962255ef8be42869f9919797c4186f6e447696e376dc0c6411f5c9936b49663f,2021-05,Durham Constabulary,Durham Constabulary,-1.833384,54.850853,On or near Nightclub,E01020643,County Durham 010E,Violence and sexual offences,Offender given a caution,
63e18dc21d0dc8ecd4c3cf477234342a1e98e7fdae6a5241673af23b77436827,2021-05,Durham Constabulary,Durham Constabulary,-1.834189,54.855778,On or near Stephen Street,E01020643,County Durham 010E,Violence and sexual offences,Action to be taken by another organisation,
a963eb2b79dbbff22a5d54a0c54562714b05268539fb069f355eb0148565eaf6,2021-05,Durham Constabulary,Durham Constabulary,-1.835173,54.851278,On or near Alexandra Street,E01020643,County Durham 010E,Violence and sexual offences,Investigation complete; no suspect identified,
867ff510e96da33506770ceca477c93275179856644aa8976b300e234b45343c,2021-05,Durham Constabulary,Durham Constabulary,-1.840612,54.854493,On or near Berry Edge View,E01020643,County Durham 010E,Violence and sexual offences,Unable to prosecute suspect,
5d32b6655f3ecf4c1db6b989471c5e8bf7aab80a2f20ac59660596af1f7ba241,2021-05,Durham Constabulary,Durham Constabulary,-1.833273,54.851194,On or near Nelson Street,E01020643,County Durham 010E,Violence and sexual offences,Investigation complete; no suspect identified,
2aaedb4e1332852945c7a0f560da7cb86462005a05424f0c06b07bf5fa8fd297,2021-05,Durham Constabulary,Durham Constabulary,-1.837339,54.854857,On or near Steel Street,E01020643,County Durham 010E,Violence and sexual offences,Unable to prosecute suspect,
593df1a64a4287f47b92f5d776fc2577fc1401c29cc9faf07d14e39ec5f96587,2021-05,Durham Constabulary,Durham Constabulary,-1.837339,54.854857,On or near Steel Street,E01020643,County Durham 010E,Violence and sexual offences,Unable to prosecute suspect,
d4adea6385d47cbfbd5580f49ab296c4f67b85d11d35658dac4b2ae42a7a00db,2021-05,Durham Constabulary,Durham Constabulary,-1.835173,54.851278,On or near Alexandra Street,E01020643,County Durham 010E,Violence and sexual offences,Unable to prosecute suspect,
e14cb355755c62d197e1af0c0a57900bc8d16f21dd37ac01e2455b3e783cb5cc,2021-05,Durham Constabulary,Durham Constabulary,-1.833273,54.851194,On or near Nelson Street,E01020643,County Durham 010E,Violence and sexual offences,Unable to prosecute suspect,
ec16f14fd6a9fb10d6db4f478d597460fb76772143a96cf0917b0ae443232127,2021-05,Durham Constabulary,Durham Constabulary,-1.833384,54.850853,On or near Nightclub,E01020643,County Durham 010E,Violence and sexual offences,Unable to prosecute suspect,
ff59288467bf3cfb18d7f388ea6f5e1efe3b0374fac98ce95dfcbf19ea5bacb6,2021-05,Durham Constabulary,Durham Constabulary,-1.833384,54.850853,On or near Nightclub,E01020643,County Durham 010E,Violence and sexual offences,Local resolution,
b0e0d810d1107db791839b45ba64be39127621e56122833cce140ff882ef0e29,2021-05,Durham Constabulary,Durham Constabulary,-1.836976,54.856097,On or near Queens Gate,E01020643,County Durham 010E,Other crime,Unable to prosecute suspect,
b551fc3930f6744e0170b2e7be43abbf3db94867d8e0cefe99b513bb4787795c,2021-05,Durham Constabulary,Durham Constabulary,-1.837339,54.854857,On or near Steel Street,E01020643,County Durham 010E,Other crime,Unable to prosecute suspect,
,2021-05,Durham Constabulary,Durham Constabulary,-1.808785,54.862238,On or near B6309,E01020667,County Durham 010F,Anti-social behaviour,,
,2021-05,Durham Constabulary,Durham Constabulary,-1.813523,54.868554,On or near Sports/Recreation Area,E01020667,County Durham 010F,Anti-social behaviour,,
,2021-05,Durham Constabulary,Durham Constabulary,-1.808444,54.858499,On or near Nelson Street,E01020667,County Durham 010F,Anti-social behaviour,,
3e9c674345937031cf501684fec49b6f96f0d6f9290eac5cc96632f55e9e12c7,2021-05,Durham Constabulary,Durham Constabulary,-1.809722,54.861611,On or near Dere Park,E01020667,County Durham 010F,Violence and sexual offences,Unable to prosecute suspect,
02b137031c02f04acd3bc5fe9cef9545c3e0d4a040e566aaa1d89b7e1457906e,2021-05,Durham Constabulary,Durham Constabulary,-1.809722,54.861611,On or near Dere Park,E01020667,County Durham 010F,Violence and sexual offences,Further action is not in the public interest,
08a3babcabbf4e5f2c30735ca9295791bcc682cb09fc0de9de8d94280875c343,2021-05,Durham Constabulary,Durham Constabulary,-1.809722,54.861611,On or near Dere Park,E01020667,County Durham 010F,Violence and sexual offences,Unable to prosecute suspect,
,2021-05,Durham Constabulary,Durham Constabulary,-1.584307,54.857742,On or near Seventh Avenue,E01020592,County Durham 011A,Anti-social behaviour,,
,2021-05,Durham Constabulary,Durham Constabulary,-1.581456,54.856204,On or near Murray Road,E01020592,County Durham 011A,Anti-social behaviour,,
,2021-05,Durham Constabulary,Durham Constabulary,-1.582483,54.856316,On or near Murray Court,E01020592,County Durham 011A,Anti-social behaviour,,
1154663c9a4f726c12f111c4aa2a53a82a57a62d9cc0e77809f546d74a012c63,2021-05,Durham Constabulary,Durham Constabulary,-1.585737,54.854979,On or near The Crescent,E01020592,County Durham 011A,Criminal damage and arson,Investigation complete; no suspect identified,
036eda9cff57dd9974acd734b96dcbff81cd8926a255328d3a3875f1be72d442,2021-05,Durham Constabulary,Durham Constabulary,-1.585737,54.854979,On or near The Crescent,E01020592,County Durham 011A,Criminal damage and arson,Investigation complete; no suspect identified,
99b2ca633a8e0f707f151c639e679e62740adc007569ac4c8f054fe7ee3f00d3,2021-05,Durham Constabulary,Durham Constabulary,-1.584307,54.857742,On or near Seventh Avenue,E01020592,County Durham 011A,Drugs,Offender given a caution,
50ad8aff82ae48f701aa392aefb232ca716012e3d7f485136eb09d2da4f32695,2021-05,Durham Constabulary,Durham Constabulary,-1.587012,54.855172,On or near Fourth Avenue,E01020592,County Durham 011A,Public order,Unable to prosecute suspect,
4994051120e56382682b806d455b48acccb9d49d5c65a1570a54e63af2f7c157,2021-05,Durham Constabulary,Durham Constabulary,-1.587012,54.855172,On or near Fourth Avenue,E01020592,County Durham 011A,Violence and sexual offences,Unable to prosecute suspect,
e9e407d8c84b9a59d3f8f8cb2491b58a9abbf2c65b032a27dd9050512ab062d6,2021-05,Durham Constabulary,Durham Constabulary,-1.584379,54.858290,On or near Twelfth Avenue,E01020592,County Durham 011A,Violence and sexual offences,Court result unavailable,
e52b790d01360be80c43e6d2cac444c1e02cafe1d52752d56dd7bf9831e29f98,2021-05,Durham Constabulary,Durham Constabulary,-1.586070,54.858979,On or near North Approach,E01020592,County Durham 011A,Violence and sexual offences,Investigation complete; no suspect identified,
91edc351405fedfeca44a1ec1b92adbf13f1b9fbc4e0219d0a1649a2f7d56f36,2021-05,Durham Constabulary,Durham Constabulary,-1.584433,54.856026,On or near The Avenue,E01020592,County Durham 011A,Violence and sexual offences,Awaiting court outcome,
19a4d1233274928bc142cc23318300bf37b76901bee05156916496d4a495dfd8,2021-05,Durham Constabulary,Durham Constabulary,-1.584433,54.856026,On or near The Avenue,E01020592,County Durham 011A,Violence and sexual offences,Status update unavailable,
4109369c60b88be6851dd0d10872e8626b53647033588faecd9424943b6566a4,2021-05,Durham Constabulary,Durham Constabulary,-1.584379,54.858290,On or near Twelfth Avenue,E01020592,County Durham 011A,Violence and sexual offences,Unable to prosecute suspect,
cc8a77ccde79924848e72e65812a5adc5da2d627e30530c7e2a71a4ae84f5b83,2021-05,Durham Constabulary,Durham Constabulary,-1.587012,54.855172,On or near Fourth Avenue,E01020592,County Durham 011A,Violence and sexual offences,Investigation complete; no suspect identified,
4ba9ecac3883b75f1b1c2043344d078618e61f623296fb6a6927d61eda816d5f,2021-05,Durham Constabulary,Durham Constabulary,-1.584307,54.857742,On or near Seventh Avenue,E01020592,County Durham 011A,Violence and sexual offences,Investigation complete; no suspect identified,
81a94173a236481860517407496f20b19b01c74e16350fd819efd683c30028a8,2021-05,Durham Constabulary,Durham Constabulary,-1.584379,54.858290,On or near Twelfth Avenue,E01020592,County Durham 011A,Violence and sexual offences,Unable to prosecute suspect,
21dd155e053ecc2dbee5f9b3f35c1297a254262a43bbaa9c7ba2e80a87e6b5d9,2021-05,Durham Constabulary,Durham Constabulary,-1.584379,54.858290,On or near Twelfth Avenue,E01020592,County Durham 011A,Violence and sexual offences,Unable to prosecute suspect,
,2021-05,Durham Constabulary,Durham Constabulary,-1.575091,54.857153,On or near Supermarket,E01020593,County Durham 011B,Anti-social behaviour,,
,2021-05,Durham Constabulary,Durham Constabulary,-1.575459,54.857774,On or near Co-Operative Street,E01020593,County Durham 011B,Anti-social behaviour,,
,2021-05,Durham Constabulary,Durham Constabulary,-1.574204,54.858543,On or near Newcastle Road,E01020593,County Durham 011B,Anti-social behaviour,,
,2021-05,Durham Constabulary,Durham Constabulary,-1.576503,54.857715,On or near Morningside Court,E01020593,County Durham 011B,Anti-social behaviour,,
,2021-05,Durham Constabulary,Durham Constabulary,-1.574749,54.855606,On or near Wesley Terrace,E01020593,County Durham 011B,Anti-social behaviour,,
,2021-05,Durham Constabulary,Durham Constabulary,-1.575091,54.857153,On or near Supermarket,E01020593,County Durham 011B,Anti-social behaviour,,
,2021-05,Durham Constabulary,Durham Constabulary,-1.575091,54.857153,On or near Supermarket,E01020593,County Durham 011B,Anti-social behaviour,,
,2021-05,Durham Constabulary,Durham Constabulary,-1.577516,54.856155,On or near Bede Court,E01020593,County Durham 011B,Anti-social behaviour,,
,2021-05,Durham Constabulary,Durham Constabulary,-1.575459,54.857774,On or near Co-Operative Street,E01020593,County Durham 011B,Anti-social behaviour,,
,2021-05,Durham Constabulary,Durham Constabulary,-1.575091,54.857153,On or near Supermarket,E01020593,County Durham 011B,Anti-social behaviour,,
,2021-05,Durham Constabulary,Durham Constabulary,-1.577660,54.857252,On or near Tuart Street,E01020593,County Durham 011B,Anti-social behaviour,,
,2021-05,Durham Constabulary,Durham Constabulary,-1.576503,54.857715,On or near Morningside Court,E01020593,County Durham 011B,Anti-social behaviour,,
f933d72edccb7ab4eaf505f38830477acec30b8ee6d0452da5c64064174268f5,2021-05,Durham Constabulary,Durham Constabulary,-1.576658,54.853339,On or near Pine Street,E01020593,County Durham 011B,Criminal damage and arson,Investigation complete; no suspect identified,
1d8c31942615c705904fdd5d95ee4b9f55138b41090af3c6961108743a940099,2021-05,Durham Constabulary,Durham Constabulary,-1.573835,54.852242,On or near Petrol Station,E01020593,County Durham 011B,Criminal damage and arson,Court result unavailable,
3053c559f857a4ebd14b7eb3c298d2253a5893236ea2df464872c83be6536b22,2021-05,Durham Constabulary,Durham Constabulary,-1.576503,54.857715,On or near Morningside Court,E01020593,County Durham 011B,Criminal damage and arson,Investigation complete; no suspect identified,
50d778e394b1f1c10e41e190cee14e424f4abbf565ed119fcd2697b7222ab1c4,2021-05,Durham Constabulary,Durham Constabulary,-1.573835,54.852242,On or near Petrol Station,E01020593,County Durham 011B,Other theft,Investigation complete; no suspect identified,
80684aace15c728c8f2f7eaeba1579092228f3555b7d84cadaf054e63627e2b7,2021-05,Durham Constabulary,Durham Constabulary,-1.573835,54.852242,On or near Petrol Station,E01020593,County Durham 011B,Other theft,Investigation complete; no suspect identified,
3cc0e053f34fd2b8e3b63e65db85227cf3c4e16a52a1863b7b002920459f03d7,2021-05,Durham Constabulary,Durham Constabulary,-1.575065,54.858168,On or near Ashley Terrace,E01020593,County Durham 011B,Public order,Unable to prosecute suspect,
36d8721e94597a3aa0081cfdcae4696e8c32482676b869371ac9957617639bee,2021-05,Durham Constabulary,Durham Constabulary,-1.574749,54.855606,On or near Wesley Terrace,E01020593,County Durham 011B,Public order,Court result unavailable,
ea910382687b792a32150b78187a8b4f38aa5e35119c3cfcdfec5b7228e4b890,2021-05,Durham Constabulary,Durham Constabulary,-1.575091,54.857153,On or near Supermarket,E01020593,County Durham 011B,Public order,Unable to prosecute suspect,
890a34932aa75c0a63832adda79a53b0ea46a830c5d863c7e70df41fb12a212f,2021-05,Durham Constabulary,Durham Constabulary,-1.575522,54.854728,On or near Osborne Road,E01020593,County Durham 011B,Public order,Investigation complete; no suspect identified,
b5baaa8dcab5dd05559a563e4372aee26542c61137f11e4c9b0a14c8f244559a,2021-05,Durham Constabulary,Durham Constabulary,-1.578314,54.857299,On or near Hedworth Street,E01020593,County Durham 011B,Robbery,Investigation complete; no suspect identified,
90376cd8019fc5aab9f81771dd1d34b1913cac66ccfacd1ad8d4f22b029dcc5e,2021-05,Durham Constabulary,Durham Constabulary,-1.575065,54.858168,On or near Ashley Terrace,E01020593,County Durham 011B,Shoplifting,Investigation complete; no suspect identified,
52e2c1167b6efb45270778b95a1dc93f1a932ab4432ed0d2d21cf91d56b88283,2021-05,Durham Constabulary,Durham Constabulary,-1.575091,54.857153,On or near Supermarket,E01020593,County Durham 011B,Shoplifting,Court result unavailable,
375bbf320e3810798e5f8724bf6389cc827f057f59360b97a17f2a230f1fbe4a,2021-05,Durham Constabulary,Durham Constabulary,-1.575091,54.857153,On or near Supermarket,E01020593,County Durham 011B,Shoplifting,Investigation complete; no suspect identified,
12ef0bbd51592d2eda541f81b1400cd4b3297a0dee11324bcb2e96c5b0e28225,2021-05,Durham Constabulary,Durham Constabulary,-1.575091,54.857153,On or near Supermarket,E01020593,County Durham 011B,Shoplifting,Unable to prosecute suspect,
428bac39020c9bfff1021e984336143c903e7756ea95ddcdc584f9ccb8fac711,2021-05,Durham Constabulary,Durham Constabulary,-1.573835,54.852242,On or near Petrol Station,E01020593,County Durham 011B,Violence and sexual offences,Investigation complete; no suspect identified,
04175ba2475755b1bf87127f0a853e4d520c79d11f081971edd0826ebd9374a7,2021-05,Durham Constabulary,Durham Constabulary,-1.575752,54.853525,On or near Albert Street,E01020593,County Durham 011B,Violence and sexual offences,Unable to prosecute suspect,
d7bf58e6e8c76b63ee162084ffdcf0605c44705692d13217740cba95773ad8f3,2021-05,Durham Constabulary,Durham Constabulary,-1.575076,54.857153,On or near Shopping Area,E01020593,County Durham 011B,Violence and sexual offences,Investigation complete; no suspect identified,
3d1aa374ee46ffe35f0af59a66b08310bb86828f997afae473fc08573e1f7a59,2021-05,Durham Constabulary,Durham Constabulary,-1.580891,54.855133,On or near Cookson Terrace,E01020593,County Durham 011B,Violence and sexual offences,Unable to prosecute suspect,
dcc88d92d2c8e8da08b1149ea3c94ec590bba03ebe3ea8d523d84de2c78a7d81,2021-05,Durham Constabulary,Durham Constabulary,-1.575065,54.858168,On or near Ashley Terrace,E01020593,County Durham 011B,Violence and sexual offences,Unable to prosecute suspect,
aad9bebbc0a7b14c2c02510ff151a47d9196fc6b3bb04b79d1024fc5ef137221,2021-05,Durham Constabulary,Durham Constabulary,-1.576614,54.854534,On or near Elm Street,E01020593,County Durham 011B,Violence and sexual offences,Status update unavailable,
1cb36e8fe0585c830e2244e54152ce7d6baf414b1b06d37a77f75cff6ea95e4c,2021-05,Durham Constabulary,Durham Constabulary,-1.575065,54.858168,On or near Ashley Terrace,E01020593,County Durham 011B,Violence and sexual offences,Unable to prosecute suspect,
f3d57d9793976c7f5af8bb013a614399589a5b6ee70faa257ea1c58d9b231a24,2021-05,Durham Constabulary,Durham Constabulary,-1.573835,54.852242,On or near Petrol Station,E01020593,County Durham 011B,Violence and sexual offences,Investigation complete; no suspect identified,
396ff2b9282cf5b41c50e11f037097ec524c6744bc279dc73f78cff1ed43bd79,2021-05,Durham Constabulary,Durham Constabulary,-1.576790,54.854094,On or near Avondale Terrace,E01020593,County Durham 011B,Violence and sexual offences,Unable to prosecute suspect,
daadc6f451fbba3e5aff6fccedcc9538617f193c0e1f7689257ee3cbef278cfb,2021-05,Durham Constabulary,Durham Constabulary,-1.577314,54.857610,On or near West View,E01020593,County Durham 011B,Violence and sexual offences,Local resolution,
92572b95b033a4afbcdfc71b95749681ed6499cc1ee45386f7a724550046bd44,2021-05,Durham Constabulary,Durham Constabulary,-1.576503,54.857715,On or near Morningside Court,E01020593,County Durham 011B,Violence and sexual offences,Investigation complete; no suspect identified,
e9952ea45f270e740405a6adaa55c3f61e842a4b7db5de506c07c07d08c5f471,2021-05,Durham Constabulary,Durham Constabulary,-1.581964,54.855289,On or near Bede Terrace,E01020593,County Durham 011B,Violence and sexual offences,Unable to prosecute suspect,
6e382a461dc5b3720e934a00a74e1909a02ff4fd3305eae616d4199941cf26a0,2021-05,Durham Constabulary,Durham Constabulary,-1.574204,54.858543,On or near Newcastle Road,E01020593,County Durham 011B,Violence and sexual offences,Offender given a caution,
0a4933aef383a1635294e72ea879de37ef65a2e33a9e5e014b59b2c19a9221eb,2021-05,Durham Constabulary,Durham Constabulary,-1.575065,54.858168,On or near Ashley Terrace,E01020593,County Durham 011B,Violence and sexual offences,Unable to prosecute suspect,
395356673ecca9c4c22047bd8f7b5e0dbf1cf59dcb52da37f7f211d5066a775d,2021-05,Durham Constabulary,Durham Constabulary,-1.573835,54.852242,On or near Petrol Station,E01020593,County Durham 011B,Violence and sexual offences,Unable to prosecute suspect,
e5fea192bfa12f04f8c17636c3f53b26d731f8d20c1404dfb56819571a31bb63,2021-05,Durham Constabulary,Durham Constabulary,-1.575091,54.857153,On or near Supermarket,E01020593,County Durham 011B,Other crime,Local resolution,
,2021-05,Durham Constabulary,Durham Constabulary,-1.583722,54.849517,On or near Cleveland Avenue,E01020599,County Durham 011C,Anti-social behaviour,,
7492c3227c46953f2fb59e62774412da6842e2ccb0682ef9becf8755e7c56ac8,2021-05,Durham Constabulary,Durham Constabulary,-1.579105,54.851622,On or near Waldridge Road,E01020599,County Durham 011C,Criminal damage and arson,Local resolution,
afd22fc4b4b68dfb6aa61b7a77bf64434da8ea088825a96f2ef0de4f0d81eddc,2021-05,Durham Constabulary,Durham Constabulary,-1.579105,54.851622,On or near Waldridge Road,E01020599,County Durham 011C,Criminal damage and arson,Investigation complete; no suspect identified,
bf086ed1f548eeacd41d5c5c8f0b1d5c009cd278f179457e84a6a196e6ce0417,2021-05,Durham Constabulary,Durham Constabulary,-1.580617,54.850010,On or near Mendip Avenue,E01020599,County Durham 011C,Criminal damage and arson,Investigation complete; no suspect identified,
3660a08f22e3e31f4efdab2e4d3a7da0d5f7ccf42bfbd929d7f84b44b0a2a953,2021-05,Durham Constabulary,Durham Constabulary,-1.583722,54.849517,On or near Cleveland Avenue,E01020599,County Durham 011C,Criminal damage and arson,Investigation complete; no suspect identified,
6552c15fd482d8386178c082304a2725ffb6667f5066950cc7925b114bbaa765,2021-05,Durham Constabulary,Durham Constabulary,-1.583722,54.849517,On or near Cleveland Avenue,E01020599,County Durham 011C,Other theft,Investigation complete; no suspect identified,
8e21ba02f9de1c59b8a82b507cd571df7e1278eaa22d9226659673853b5d309d,2021-05,Durham Constabulary,Durham Constabulary,-1.580617,54.850010,On or near Mendip Avenue,E01020599,County Durham 011C,Public order,Court result unavailable,
b6577b9fc8c124481c559375195c1aa8f90580b3d5be2f51b743bfa4c860691f,2021-05,Durham Constabulary,Durham Constabulary,-1.580617,54.850010,On or near Mendip Avenue,E01020599,County Durham 011C,Public order,Court result unavailable,
3ee1cbe273200ad18715c4febc486ae8048e78c9867df29541578c17ee2d023b,2021-05,Durham Constabulary,Durham Constabulary,-1.580617,54.850010,On or near Mendip Avenue,E01020599,County Durham 011C,Shoplifting,Further investigation is not in the public interest,
62b81eda3ff18276f803272f89526dde8d598b0916ce9bd2e59f2b178d24058b,2021-05,Durham Constabulary,Durham Constabulary,-1.580617,54.850010,On or near Mendip Avenue,E01020599,County Durham 011C,Shoplifting,Investigation complete; no suspect identified,
8a80b3aaf013da8b7f5ddf929fe5fcbb1e26edb254b9301db326ea85d4002e84,2021-05,Durham Constabulary,Durham Constabulary,-1.583722,54.849517,On or near Cleveland Avenue,E01020599,County Durham 011C,Violence and sexual offences,Local resolution,
458c41b6aab7ee5e94a7147f10251b537e36da14a1e271335bc6d7763761d51c,2021-05,Durham Constabulary,Durham Constabulary,-1.590844,54.849011,On or near Sidlaw Avenue,E01020599,County Durham 011C,Violence and sexual offences,Unable to prosecute suspect,
79a3174fb633303dc1aea03666263ce29a6ca3fd88fa2ef84c47fc419ec7e45e,2021-05,Durham Constabulary,Durham Constabulary,-1.578677,54.850920,On or near Moorfoot Avenue,E01020599,County Durham 011C,Violence and sexual offences,Unable to prosecute suspect,
25bd284daeec3e3fd5850a3d5db3de4baeefa7d100c8e5754f7730aeae3259c1,2021-05,Durham Constabulary,Durham Constabulary,-1.590844,54.849011,On or near Sidlaw Avenue,E01020599,County Durham 011C,Violence and sexual offences,Unable to prosecute suspect,
730ab2c014b96926ddcc65a2a88a88d5268c2cfa367e396a2088c75406d0b42e,2021-05,Durham Constabulary,Durham Constabulary,-1.580617,54.850010,On or near Mendip Avenue,E01020599,County Durham 011C,Violence and sexual offences,Unable to prosecute suspect,
4044542a4ba1ca08d56aaeda5c643ca37e8b6dbf677730afa413eb3deb13d1be,2021-05,Durham Constabulary,Durham Constabulary,-1.583722,54.849517,On or near Cleveland Avenue,E01020599,County Durham 011C,Violence and sexual offences,Unable to prosecute suspect,
f790f408d75c09cc8e742c527cd59848c56cee9827f0f4e725d080975dcfd1b5,2021-05,Durham Constabulary,Durham Constabulary,-1.590844,54.849011,On or near Sidlaw Avenue,E01020599,County Durham 011C,Violence and sexual offences,Unable to prosecute suspect,
ff8edb2366f5dcfe796f285d8d93236d22fa24e154c3475141519f4217dbfa36,2021-05,Durham Constabulary,Durham Constabulary,-1.578677,54.850920,On or near Moorfoot Avenue,E01020599,County Durham 011C,Violence and sexual offences,Unable to prosecute suspect,
,2021-05,Durham Constabulary,Durham Constabulary,-1.590345,54.858355,On or near Cragside,E01020601,County Durham 011D,Anti-social behaviour,,
,2021-05,Durham Constabulary,Durham Constabulary,-1.594399,54.857884,On or near Lingholme,E01020601,County Durham 011D,Anti-social behaviour,,
,2021-05,Durham Constabulary,Durham Constabulary,-1.590345,54.858355,On or near Cragside,E01020601,County Durham 011D,Anti-social behaviour,,
7d5a955ff0997b638066499399a6e6b9f6109a3032c53f59f87f0b1040c8f066,2021-05,Durham Constabulary,Durham Constabulary,-1.599155,54.852759,On or near Brantwood,E01020601,County Durham 011D,Violence and sexual offences,Unable to prosecute suspect,
807c8278d61171e6915d215b28c2406b8d15715c8d2e4706fac14d98344f7e68,2021-05,Durham Constabulary,Durham Constabulary,-1.590345,54.858355,On or near Cragside,E01020601,County Durham 011D,Violence and sexual offences,Unable to prosecute suspect,
e8bada41781893bf48bb3020180eaa28685933155d3ed82328dbffff248d155b,2021-05,Durham Constabulary,Durham Constabulary,-1.595866,54.856118,On or near Sports/Recreation Area,E01020601,County Durham 011D,Violence and sexual offences,Unable to prosecute suspect,
,2021-05,Durham Constabulary,Durham Constabulary,-1.586097,54.850226,On or near Waldridge Road,E01020602,County Durham 011E,Anti-social behaviour,,
,2021-05,Durham Constabulary,Durham Constabulary,-1.578334,54.853911,On or near Avondale Terrace,E01020602,County Durham 011E,Anti-social behaviour,,
,2021-05,Durham Constabulary,Durham Constabulary,-1.589818,54.853474,On or near Gainford,E01020602,County Durham 011E,Anti-social behaviour,,
c6561e2663fa846aedd0a3b1c0e6f8dd22dff72cde4136ee4f24e58ce35b64ab,2021-05,Durham Constabulary,Durham Constabulary,-1.587298,54.851569,On or near Yetholm Avenue,E01020602,County Durham 011E,Criminal damage and arson,Investigation complete; no suspect identified,
cbbc3c4567504f5ab3bbc5e073481c45896ba6cdfdfee82064382d20f506e029,2021-05,Durham Constabulary,Durham Constabulary,-1.587298,54.851569,On or near Yetholm Avenue,E01020602,County Durham 011E,Criminal damage and arson,Investigation complete; no suspect identified,
7c7557752faad74c91ce9b608764f2abbd4449394d953486859842704cd55af5,2021-05,Durham Constabulary,Durham Constabulary,-1.589818,54.853474,On or near Gainford,E01020602,County Durham 011E,Other theft,Status update unavailable,
c579bac16230a80d9c7a14b40247f0ec0ec5eb32bbb422ec84cb22d52629cae6,2021-05,Durham Constabulary,Durham Constabulary,-1.590678,54.856146,On or near Wynyard,E01020602,County Durham 011E,Other theft,Unable to prosecute suspect,
56a0a84700d3c75bab5bd4d36384ac79dbc8eda95db29bbc9b4564e7f51aedbc,2021-05,Durham Constabulary,Durham Constabulary,-1.586097,54.850226,On or near Waldridge Road,E01020602,County Durham 011E,Violence and sexual offences,Unable to prosecute suspect,
0a4f90a71c9b63dea19b5b6105d736bc8f34bd4520bee094734d475e0e23345e,2021-05,Durham Constabulary,Durham Constabulary,-1.593756,54.855213,On or near Gibside,E01020602,County Durham 011E,Violence and sexual offences,Further investigation is not in the public interest,
428009bf5f439d337895a8af4d6b36912660288717346ba42e6505a3232ad3bc,2021-05,Durham Constabulary,Durham Constabulary,-1.590678,54.856146,On or near Wynyard,E01020602,County Durham 011E,Violence and sexual offences,Unable to prosecute suspect,
d80efd03f5ce619fe945ceca92eecb05e9da801ab85f067c0b87079ed041c2ae,2021-05,Durham Constabulary,Durham Constabulary,-1.586097,54.850226,On or near Waldridge Road,E01020602,County Durham 011E,Violence and sexual offences,Unable to prosecute suspect,
959f902b010a0a65b2cf470cc64d185c006721960e8f43b99240d63550bfbfb7,2021-05,Durham Constabulary,Durham Constabulary,-1.590678,54.856146,On or near Wynyard,E01020602,County Durham 011E,Violence and sexual offences,Unable to prosecute suspect,
373b283d6b30911df6117ac9dd2b7cf44ccee9f5cce52d1a447ab6a797af35b3,2021-05,Durham Constabulary,Durham Constabulary,-1.580678,54.851681,On or near Sports/Recreation Area,E01020602,County Durham 011E,Violence and sexual offences,Unable to prosecute suspect,
4a45e0cf3b955f55c6d8e20cfb9feba93c795a06d2ec05f7100c56e15705cbb0,2021-05,Durham Constabulary,Durham Constabulary,-1.582452,54.853332,On or near Castle Riggs,E01020602,County Durham 011E,Violence and sexual offences,Unable to prosecute suspect,
7f405698020d68c110060e7c92af2bafd4feb16a0fc65813140eee3403b04be1,2021-05,Durham Constabulary,Durham Constabulary,-1.580678,54.851681,On or near Sports/Recreation Area,E01020602,County Durham 011E,Violence and sexual offences,Unable to prosecute suspect,
e454c4d121da4dad7f4c1089a63c32d06946d7712649d50594c6049914366af2,2021-05,Durham Constabulary,Durham Constabulary,-1.585468,54.852309,On or near Second Avenue,E01020602,County Durham 011E,Violence and sexual offences,Unable to prosecute suspect,
2916da234cba11d5427c66ac7be3f26f3aedaf2fdb3366af14e2a796512048d5,2021-05,Durham Constabulary,Durham Constabulary,-1.586097,54.850226,On or near Waldridge Road,E01020602,County Durham 011E,Violence and sexual offences,Unable to prosecute suspect,
,2021-05,Durham Constabulary,Durham Constabulary,-1.606665,54.857277,On or near Blindy Burn Court,E01020618,County Durham 011F,Anti-social behaviour,,
,2021-05,Durham Constabulary,Durham Constabulary,-1.605688,54.855234,On or near Henley Avenue,E01020618,County Durham 011F,Anti-social behaviour,,
,2021-05,Durham Constabulary,Durham Constabulary,-1.604620,54.856111,On or near Shelley Gardens,E01020618,County Durham 011F,Anti-social behaviour,,
68d8cc800e389fa3c1ac8e3fe3abf33719a14861b04bf13df0de6a48cde718cb,2021-05,Durham Constabulary,Durham Constabulary,-1.600205,54.859961,On or near Burnthouse Bank,E01020618,County Durham 011F,Criminal damage and arson,Investigation complete; no suspect identified,
7667558d707bd6cbaa6613054f2b15567bb0daf596ccfe0748bfa13a047a7712,2021-05,Durham Constabulary,Durham Constabulary,-1.608520,54.863502,On or near Station Lane,E01020618,County Durham 011F,Criminal damage and arson,Investigation complete; no suspect identified,
e4cdb2ddba4f64334c39ea83ed016a5553bbde1455f60b4aa29f9b7fea8e42d1,2021-05,Durham Constabulary,Durham Constabulary,-1.617822,54.858526,On or near Grange Terrace,E01020618,County Durham 011F,Criminal damage and arson,Status update unavailable,
830a1eb7925e0e55caff260098a35c93fee0a94a96f057d2f98632df89adab6e,2021-05,Durham Constabulary,Durham Constabulary,-1.606717,54.855156,On or near Coleridge Place,E01020618,County Durham 011F,Other theft,Unable to prosecute suspect,
b94c4aedcb185f169f00aababc39745f2304b12c53ee66d57f038509d206b241,2021-05,Durham Constabulary,Durham Constabulary,-1.609856,54.857530,On or near Briarwood Avenue,E01020618,County Durham 011F,Public order,Unable to prosecute suspect,
55f3a392671d87a0faa569ede71af7568dadfd21a08303fcb02b814b1dc72bc0,2021-05,Durham Constabulary,Durham Constabulary,-1.605119,54.856023,On or near Tennyson Road,E01020618,County Durham 011F,Violence and sexual offences,Unable to prosecute suspect,
884b062b60ba8a6c254ddedccd481536fd45f883b97d53a5ac7d52bfe8449dbb,2021-05,Durham Constabulary,Durham Constabulary,-1.617822,54.858526,On or near Grange Terrace,E01020618,County Durham 011F,Violence and sexual offences,Investigation complete; no suspect identified,
49aed2c8fcd9dff6979f403d141221c95a2bd0b9715285de0ed974bf7c710956,2021-05,Durham Constabulary,Durham Constabulary,-1.609822,54.857790,On or near Gardiner Crescent,E01020618,County Durham 011F,Violence and sexual offences,Court result unavailable,
669c84c961fbb125ef297ba642c6406255bee95d2352f709df72b6a8d3430109,2021-05,Durham Constabulary,Durham Constabulary,-1.607592,54.854872,On or near Wordsworth Avenue,E01020618,County Durham 011F,Violence and sexual offences,Unable to prosecute suspect,
6c5897e0dc1dc9ac3218526e14323a480ed178309bbcdfaa3d33c8b573806ba7,2021-05,Durham Constabulary,Durham Constabulary,-1.607592,54.854872,On or near Wordsworth Avenue,E01020618,County Durham 011F,Violence and sexual offences,Unable to prosecute suspect,
f5d17143cb603d46eda3054317dccf2cd8f6f239ae73155210cacf652ee93b74,2021-05,Durham Constabulary,Durham Constabulary,-1.617822,54.858526,On or near Grange Terrace,E01020618,County Durham 011F,Violence and sexual offences,Unable to prosecute suspect,
23ab08c2c336874e57af0134ca9c739355a3283a485dab7d2d4e0c0e198dc356,2021-05,Durham Constabulary,Durham Constabulary,-1.609822,54.857790,On or near Gardiner Crescent,E01020618,County Durham 011F,Violence and sexual offences,Court result unavailable,
483cb6f46592c154cced29660ec906690d2ff7add475f5c7a1d54a672a6e6cce,2021-05,Durham Constabulary,Durham Constabulary,-1.818191,54.842258,On or near Sydney Gardens,E01020650,County Durham 012A,Criminal damage and arson,Investigation complete; no suspect identified,
995758c24861a0bcead14daa986cfd79fff1a43b5832ecb054c82aeee07816e8,2021-05,Durham Constabulary,Durham Constabulary,-1.815131,54.843943,On or near Woodside Drive,E01020650,County Durham 012A,Criminal damage and arson,Investigation complete; no suspect identified,
b18a115ed598355346b2405b6be753671e6ace4ad54e2e32dbc2e4ed00298f67,2021-05,Durham Constabulary,Durham Constabulary,-1.830567,54.842851,On or near Millfield,E01020650,County Durham 012A,Criminal damage and arson,Formal action is not in the public interest,
241637f156bd106218689c505eee131e950fae95659158779de186ce5282c73a,2021-05,Durham Constabulary,Durham Constabulary,-1.830295,54.840990,On or near Knitsley Lane,E01020650,County Durham 012A,Other theft,Investigation complete; no suspect identified,
6a6c9f6895dfa3c886ea129561cc4811c1123f455aed920f643922ced124647e,2021-05,Durham Constabulary,Durham Constabulary,-1.815131,54.843943,On or near Woodside Drive,E01020650,County Durham 012A,Violence and sexual offences,Unable to prosecute suspect,
cb3a2a8588ae801d4071e513e7a1ee0178cde00881c26000de81865eece80cc4,2021-05,Durham Constabulary,Durham Constabulary,-1.818191,54.842258,On or near Sydney Gardens,E01020650,County Durham 012A,Violence and sexual offences,Unable to prosecute suspect,
4d92e09027b12db95b50966d67b0761affedeffce7d6bbb4c18be9dbabc29ebd,2021-05,Durham Constabulary,Durham Constabulary,-1.825972,54.843204,On or near Askrigg Close,E01020650,County Durham 012A,Violence and sexual offences,Investigation complete; no suspect identified,
5dac894249cae475100c477c084cd2dda9196a996167601bfb7c1418b2613c49,2021-05,Durham Constabulary,Durham Constabulary,-1.815517,54.844743,On or near Salem Avenue,E01020650,County Durham 012A,Violence and sexual offences,Investigation complete; no suspect identified,
8816271bfd94439f21585a51bc9c2b8467b4d64ebcd3e181853a724dcf580941,2021-05,Durham Constabulary,Durham Constabulary,-1.813166,54.841217,On or near Briar Dale,E01020651,County Durham 012B,Criminal damage and arson,Investigation complete; no suspect identified,
fabbe809d2ddc0b9024c749ecdc4ffb3bc2360102b448facd20d129d3b922a2f,2021-05,Durham Constabulary,Durham Constabulary,-1.816214,54.838669,On or near Broadway,E01020651,County Durham 012B,Violence and sexual offences,Unable to prosecute suspect,
,2021-05,Durham Constabulary,Durham Constabulary,-1.818240,54.845080,On or near Iveston Road,E01020652,County Durham 012C,Anti-social behaviour,,
,2021-05,Durham Constabulary,Durham Constabulary,-1.819522,54.851058,On or near Main Street,E01020652,County Durham 012C,Anti-social behaviour,,
323b127fcaef28cc807e006f7ef36faedd357abc57fb83a25d5a606ab63d216a,2021-05,Durham Constabulary,Durham Constabulary,-1.817337,54.844989,On or near Pontop View,E01020652,County Durham 012C,Burglary,Further action is not in the public interest,
2865c2ad978ab41e8bd6dd88a934af415564ee7fbc58cc759181a149e056f36c,2021-05,Durham Constabulary,Durham Constabulary,-1.817337,54.844989,On or near Pontop View,E01020652,County Durham 012C,Burglary,Investigation complete; no suspect identified,
1c9171ea7819318c53c7c3620d27cc77e5bd2d11bb7017d733f1e2ba9887b3c9,2021-05,Durham Constabulary,Durham Constabulary,-1.820197,54.846305,On or near Old Hall Road,E01020652,County Durham 012C,Criminal damage and arson,Investigation complete; no suspect identified,
6500f7e0284d596ab40dae909c4b63377f68bd4556490be8006ec4016281c444,2021-05,Durham Constabulary,Durham Constabulary,-1.818720,54.845808,On or near Stockerley Road,E01020652,County Durham 012C,Violence and sexual offences,Unable to prosecute suspect,
2a7ff136be976cdd76b371bdf339e5598fffcc4945ccb7ea9b532d43f0131921,2021-05,Durham Constabulary,Durham Constabulary,-1.820474,54.847087,On or near Metcalfe Road,E01020652,County Durham 012C,Violence and sexual offences,Unable to prosecute suspect,
cbf5a92b2e5c4089d07b682408a7915150489b344b9914706405d6566e6d1e64,2021-05,Durham Constabulary,Durham Constabulary,-1.817337,54.844989,On or near Pontop View,E01020652,County Durham 012C,Violence and sexual offences,Action to be taken by another organisation,
0708ce36a2862dfc5d6354d2003a4848dd84a44a7104e2d198934707d41e07e0,2021-05,Durham Constabulary,Durham Constabulary,-1.817337,54.844989,On or near Pontop View,E01020652,County Durham 012C,Violence and sexual offences,Action to be taken by another organisation,
b165336549e3e837aceb703351adc13cef77a733e03a2a65bbf114dd19eb7e0a,2021-05,Durham Constabulary,Durham Constabulary,-1.819522,54.851058,On or near Main Street,E01020652,County Durham 012C,Violence and sexual offences,Action to be taken by another organisation,
ae3c3cb5f707e2ead4848ebf475ae13a6a8afa7e9fb8cf81b367f8f28ea8272b,2021-05,Durham Constabulary,Durham Constabulary,-1.818720,54.845808,On or near Stockerley Road,E01020652,County Durham 012C,Violence and sexual offences,Unable to prosecute suspect,
63db05161be6cbe9f7b42a79c0574b02ca1ffdebcf9e7862b22d2b230e13078f,2021-05,Durham Constabulary,Durham Constabulary,-1.821876,54.846820,On or near Fairfield,E01020652,County Durham 012C,Violence and sexual offences,Investigation complete; no suspect identified,
99c6edf95657747c79ff2b9752bd85bef3b645daa4a97a98da75a1844aedc8fb,2021-05,Durham Constabulary,Durham Constabulary,-1.817337,54.844989,On or near Pontop View,E01020652,County Durham 012C,Violence and sexual offences,Court result unavailable,
de2a56c81198939ad0a541be1edc7f3e19eec64e166bfc0aebd5e0ec1154aee9,2021-05,Durham Constabulary,Durham Constabulary,-1.821876,54.846820,On or near Fairfield,E01020652,County Durham 012C,Violence and sexual offences,Unable to prosecute suspect,
9f3d61dd17ef35031de3f6baee07ab15bee60f2d66f6c0f337cbba13b922ab9f,2021-05,Durham Constabulary,Durham Constabulary,-1.817337,54.844989,On or near Pontop View,E01020652,County Durham 012C,Violence and sexual offences,Action to be taken by another organisation,
,2021-05,Durham Constabulary,Durham Constabulary,-1.806354,54.859017,On or near Sunderland Street,E01020668,County Durham 012D,Anti-social behaviour,,
,2021-05,Durham Constabulary,Durham Constabulary,-1.806443,54.859997,On or near Railway Street,E01020668,County Durham 012D,Anti-social behaviour,,
4f0be241283f3e72018c4297cdd286a88a69f0ae51ec749e030b965b7775b352,2021-05,Durham Constabulary,Durham Constabulary,-1.808107,54.860503,On or near Tindale Street,E01020668,County Durham 012D,Burglary,Unable to prosecute suspect,
cd620864c139eaf65675692b3e0d18f03cbf4c2fe2522b9b20a21d5a960de925,2021-05,Durham Constabulary,Durham Constabulary,-1.810835,54.856948,On or near Crookhall Lane,E01020668,County Durham 012D,Criminal damage and arson,Unable to prosecute suspect,
359784face130005ca15da233f61e157f837b8a36c169e291da542285d3a6b3f,2021-05,Durham Constabulary,Durham Constabulary,-1.809573,54.860245,On or near Church Street,E01020668,County Durham 012D,Criminal damage and arson,Offender given a caution,
6096ba5c04f576edaf5ca57cd4f47e24d753160d4692a1d7b2daaf3cde6e678a,2021-05,Durham Constabulary,Durham Constabulary,-1.803404,54.860235,On or near St Ives Gardens,E01020668,County Durham 012D,Other theft,Investigation complete; no suspect identified,
ca94440fd46b558cf151caa09a5eee23f881ef3a7f48ca82cc9e32ec324ae6db,2021-05,Durham Constabulary,Durham Constabulary,-1.806616,54.859575,On or near Supermarket,E01020668,County Durham 012D,Shoplifting,Investigation complete; no suspect identified,
c9446a055c486e37bd985eed871d3258c26bdb36859b2973e2d7271eaad730c9,2021-05,Durham Constabulary,Durham Constabulary,-1.808471,54.859299,On or near Front Street,E01020668,County Durham 012D,Vehicle crime,Investigation complete; no suspect identified,
b09fad53f7f1bb2b5305993fa03dc7835a29aa47bb5887ddce150b0f40b9fb58,2021-05,Durham Constabulary,Durham Constabulary,-1.808107,54.860503,On or near Tindale Street,E01020668,County Durham 012D,Violence and sexual offences,Unable to prosecute suspect,
fbce0fb957cd8851455ccfa78ce52eb54f0d3327a42763d86cb1d32c6717a9c4,2021-05,Durham Constabulary,Durham Constabulary,-1.800764,54.855351,On or near Lilac Place,E01020668,County Durham 012D,Violence and sexual offences,Unable to prosecute suspect,
b14f7469fa72dd42c534e4f9dec897cde768875827c39f88291a64da86faeeef,2021-05,Durham Constabulary,Durham Constabulary,-1.809573,54.860245,On or near Church Street,E01020668,County Durham 012D,Violence and sexual offences,Offender given a caution,
e597ac7478aa99c8a63fc5e06e64477762816852f62718e7735015c30b275637,2021-05,Durham Constabulary,Durham Constabulary,-1.803404,54.860235,On or near St Ives Gardens,E01020668,County Durham 012D,Violence and sexual offences,Investigation complete; no suspect identified,
186231c4e1baacbc7a05c27605cf10f1085234f4152f46adffbf6998aa4b7dd3,2021-05,Durham Constabulary,Durham Constabulary,-1.803404,54.860235,On or near St Ives Gardens,E01020668,County Durham 012D,Violence and sexual offences,Unable to prosecute suspect,
7ed1dcc1f831ddb32ee802b395604959ddb2e88d568b13ef74fe92917ed40bfd,2021-05,Durham Constabulary,Durham Constabulary,-1.800764,54.855351,On or near Lilac Place,E01020668,County Durham 012D,Violence and sexual offences,Unable to prosecute suspect,
34c3b7d47def4c7b44eba682a0cdadfae006902c29de521c6c4f56354647615e,2021-05,Durham Constabulary,Durham Constabulary,-1.806443,54.859997,On or near Railway Street,E01020668,County Durham 012D,Violence and sexual offences,Court result unavailable,
b9fde33db64cca1d148a101edf04f8c770764e507f88b78a23cb4928e2eb50a1,2021-05,Durham Constabulary,Durham Constabulary,-1.800764,54.855351,On or near Lilac Place,E01020668,County Durham 012D,Violence and sexual offences,Unable to prosecute suspect,
ad98b5c83a190588e60238d63c65ce9388f1b1cccdd25ab7a95349b5fb635629,2021-05,Durham Constabulary,Durham Constabulary,-1.803404,54.860235,On or near St Ives Gardens,E01020668,County Durham 012D,Violence and sexual offences,Unable to prosecute suspect,
a62570df16eda16c290e45d944448614e7aedf7b902a3d60c7b291043d134a0b,2021-05,Durham Constabulary,Durham Constabulary,-1.806090,54.858837,On or near Plantation Street,E01020668,County Durham 012D,Violence and sexual offences,Unable to prosecute suspect,
,2021-05,Durham Constabulary,Durham Constabulary,-1.799791,54.856850,On or near Dunelm Close,E01020669,County Durham 012E,Anti-social behaviour,,
,2021-05,Durham Constabulary,Durham Constabulary,-1.802558,54.858095,On or near Parking Area,E01020669,County Durham 012E,Anti-social behaviour,,
1932f41cc4eaa6be454310f0290981a3bd9a689525511045b3b743cc15c7d71a,2021-05,Durham Constabulary,Durham Constabulary,-1.800492,54.856851,On or near Dunelm Way,E01020669,County Durham 012E,Burglary,Unable to prosecute suspect,
ab97c10f8d57d34d26cb1221e6b347e553372c5c7e8619a01fc5c1ca89f7c443,2021-05,Durham Constabulary,Durham Constabulary,-1.800492,54.856851,On or near Dunelm Way,E01020669,County Durham 012E,Criminal damage and arson,Unable to prosecute suspect,
8cb7bd4d767b234a753dd716c04fb7ff8aa03cec2f856e4d48f2450399aa84b1,2021-05,Durham Constabulary,Durham Constabulary,-1.799791,54.856850,On or near Dunelm Close,E01020669,County Durham 012E,Criminal damage and arson,Investigation complete; no suspect identified,
d48f07d13c59126a1a85de52be0d7b39881adb7fdb4dc99bef073ae909baf357,2021-05,Durham Constabulary,Durham Constabulary,-1.794146,54.861208,On or near A692,E01020669,County Durham 012E,Public order,Investigation complete; no suspect identified,
6a098e65914e51915e8be6b07ec72edcf7d2874fdb4c2cb3f00312005044720a,2021-05,Durham Constabulary,Durham Constabulary,-1.802558,54.858095,On or near Parking Area,E01020669,County Durham 012E,Violence and sexual offences,Unable to prosecute suspect,
fbba5697bcd8bb50b8abe2ea81ed1d98507724a9e1e25397c8ae63a6513125ee,2021-05,Durham Constabulary,Durham Constabulary,-1.784810,54.847389,On or near Whitehall Lane,E01020669,County Durham 012E,Violence and sexual offences,Unable to prosecute suspect,
f07ccc28a21816bdd4445850503ab1f3837e1f27477eef917ac7d06b98a1ae10,2021-05,Durham Constabulary,Durham Constabulary,-1.784810,54.847389,On or near Whitehall Lane,E01020669,County Durham 012E,Violence and sexual offences,Unable to prosecute suspect,
405d1421daa22c6a75acc25787ceb29e5e645916e91a00cb63e01157b84418bb,2021-05,Durham Constabulary,Durham Constabulary,-1.784810,54.847389,On or near Whitehall Lane,E01020669,County Durham 012E,Violence and sexual offences,Unable to prosecute suspect,
f1f801b0116f086e4a156172827e006da60306f75bab4656ba83bbdf905cc9e5,2021-05,Durham Constabulary,Durham Constabulary,-1.803827,54.863012,On or near Tyne Avenue,E01020669,County Durham 012E,Violence and sexual offences,Unable to prosecute suspect,
e3734b03a9cdb1d515fe75f3bf7122a9f20a06e256a42c9d0e8f34cabe868a80,2021-05,Durham Constabulary,Durham Constabulary,-1.784810,54.847389,On or near Whitehall Lane,E01020669,County Durham 012E,Violence and sexual offences,Investigation complete; no suspect identified,
491d2d69e95114ca562bf7e0d71a93581066d849504520b142cfa97bafa97b86,2021-05,Durham Constabulary,Durham Constabulary,-1.784810,54.847389,On or near Whitehall Lane,E01020669,County Durham 012E,Violence and sexual offences,Unable to prosecute suspect,
0be2b307078fe3ae536aff6e0573b78e6c9b5debbd44f7a7961888eee0785d98,2021-05,Durham Constabulary,Durham Constabulary,-1.802558,54.858095,On or near Parking Area,E01020669,County Durham 012E,Violence and sexual offences,Investigation complete; no suspect identified,
ba250ea438a60b82927b4b5d7da8c3a9d69c414c632b38a908e622c27602922c,2021-05,Durham Constabulary,Durham Constabulary,-1.803827,54.863012,On or near Tyne Avenue,E01020669,County Durham 012E,Violence and sexual offences,Unable to prosecute suspect,
,2021-05,Durham Constabulary,Durham Constabulary,-1.573302,54.854037,On or near Shopping Area,E01020594,County Durham 013A,Anti-social behaviour,,
,2021-05,Durham Constabulary,Durham Constabulary,-1.573302,54.854037,On or near Shopping Area,E01020594,County Durham 013A,Anti-social behaviour,,
,2021-05,Durham Constabulary,Durham Constabulary,-1.572434,54.853612,On or near Mains Park Road,E01020594,County Durham 013A,Anti-social behaviour,,
,2021-05,Durham Constabulary,Durham Constabulary,-1.576483,54.850732,On or near Robertson Court,E01020594,County Durham 013A,Anti-social behaviour,,
,2021-05,Durham Constabulary,Durham Constabulary,-1.575003,54.849235,On or near Clifford Terrace,E01020594,County Durham 013A,Anti-social behaviour,,
,2021-05,Durham Constabulary,Durham Constabulary,-1.573302,54.854037,On or near Shopping Area,E01020594,County Durham 013A,Anti-social behaviour,,
,2021-05,Durham Constabulary,Durham Constabulary,-1.576483,54.850732,On or near Robertson Court,E01020594,County Durham 013A,Anti-social behaviour,,
,2021-05,Durham Constabulary,Durham Constabulary,-1.576483,54.850732,On or near Robertson Court,E01020594,County Durham 013A,Anti-social behaviour,,
,2021-05,Durham Constabulary,Durham Constabulary,-1.576483,54.850732,On or near Robertson Court,E01020594,County Durham 013A,Anti-social behaviour,,
,2021-05,Durham Constabulary,Durham Constabulary,-1.575003,54.849235,On or near Clifford Terrace,E01020594,County Durham 013A,Anti-social behaviour,,
,2021-05,Durham Constabulary,Durham Constabulary,-1.573302,54.854037,On or near Shopping Area,E01020594,County Durham 013A,Anti-social behaviour,,
ad532f10d3cf8d4d142a6e5a1e04cd703caaa8f3cd6dbe42cf13d2bd6a68b989,2021-05,Durham Constabulary,Durham Constabulary,-1.572772,54.852526,On or near Parking Area,E01020594,County Durham 013A,Criminal damage and arson,Unable to prosecute suspect,
dc435097f2b6f48fc5af04b65855563057e54e51eaf04a1c59283574a86b22c8,2021-05,Durham Constabulary,Durham Constabulary,-1.571955,54.850303,On or near Weldon Terrace,E01020594,County Durham 013A,Other theft,Unable to prosecute suspect,
f1798b137942f0a27923a48eb463e46f261a5e5beff6a23990b9e76f7caeb719,2021-05,Durham Constabulary,Durham Constabulary,-1.576230,54.852520,On or near West Lane,E01020594,County Durham 013A,Possession of weapons,Court result unavailable,
93071de3c9849cde37003956700b083a3fbec3c08dd9759c7684850923f8166e,2021-05,Durham Constabulary,Durham Constabulary,-1.576230,54.852520,On or near West Lane,E01020594,County Durham 013A,Possession of weapons,Court result unavailable,
d1177c31216a2988ad0d97318afd944f50b94c069054a7fea413c574163252b6,2021-05,Durham Constabulary,Durham Constabulary,-1.571964,54.850923,On or near Lumley Terrace,E01020594,County Durham 013A,Public order,Unable to prosecute suspect,
51c5ea557966f92e743024c0b2bb79f357a368cbed9b85fa0283b575e8070459,2021-05,Durham Constabulary,Durham Constabulary,-1.573608,54.854551,On or near Front Street,E01020594,County Durham 013A,Shoplifting,Unable to prosecute suspect,
28414a7dbe06f1cbc112b6ad3bd925d4c7cb58175daeab4f9463721bc1f5e1ba,2021-05,Durham Constabulary,Durham Constabulary,-1.573608,54.854551,On or near Front Street,E01020594,County Durham 013A,Shoplifting,Court result unavailable,
d6d6af26cd58d590066726f6a31916aa33b98b863cf3b56c6d23e95f3b013662,2021-05,Durham Constabulary,Durham Constabulary,-1.572772,54.852526,On or near Parking Area,E01020594,County Durham 013A,Violence and sexual offences,Unable to prosecute suspect,
817d04fa085d4bfa7742c74286595fc24def2da9d9aaff3c1b572ddf181373be,2021-05,Durham Constabulary,Durham Constabulary,-1.573302,54.854037,On or near Shopping Area,E01020594,County Durham 013A,Violence and sexual offences,Unable to prosecute suspect,
24d8461953e4eccc0da94254ffdb129023a0a672e3705c8b0aba51f6d5ec8def,2021-05,Durham Constabulary,Durham Constabulary,-1.575884,54.848421,On or near Ripon Street,E01020594,County Durham 013A,Violence and sexual offences,Unable to prosecute suspect,
cd23a2d36f3e6b695fbe8c4159cb84c359f53729a715c22fe73b03b8d2680c59,2021-05,Durham Constabulary,Durham Constabulary,-1.571964,54.850923,On or near Lumley Terrace,E01020594,County Durham 013A,Violence and sexual offences,Investigation complete; no suspect identified,
4d0e112bb0549db3bb2e5bb5363f0e3e5028b24fd66fb0cafa6f192ee23729dd,2021-05,Durham Constabulary,Durham Constabulary,-1.574997,54.849838,On or near Baden Street,E01020594,County Durham 013A,Violence and sexual offences,Unable to prosecute suspect,
c3349741cb707ccec7b59635cadd81ffbc0e5789f507c7fbc846fc6d9e9d1daf,2021-05,Durham Constabulary,Durham Constabulary,-1.576230,54.852520,On or near West Lane,E01020594,County Durham 013A,Violence and sexual offences,Action to be taken by another organisation,
a349996b9f18dd7099c471fca6fb2fa2282f4dafd867001e77cf13980520e940,2021-05,Durham Constabulary,Durham Constabulary,-1.576230,54.852520,On or near West Lane,E01020594,County Durham 013A,Violence and sexual offences,Unable to prosecute suspect,
8d2d4841f5c212476695b52ab3ab4e2ac1a8d7d533df34328397a53e045d90d4,2021-05,Durham Constabulary,Durham Constabulary,-1.574997,54.849838,On or near Baden Street,E01020594,County Durham 013A,Other crime,Offender given a caution,
,2021-05,Durham Constabulary,Durham Constabulary,-1.563558,54.851963,On or near Pedestrian Subway,E01020595,County Durham 013B,Anti-social behaviour,,
,2021-05,Durham Constabulary,Durham Constabulary,-1.573074,54.854962,On or near High Chare,E01020595,County Durham 013B,Anti-social behaviour,,
,2021-05,Durham Constabulary,Durham Constabulary,-1.572381,54.848283,On or near Coronation Street,E01020595,County Durham 013B,Anti-social behaviour,,
,2021-05,Durham Constabulary,Durham Constabulary,-1.567619,54.853783,On or near Lindom Avenue,E01020595,County Durham 013B,Anti-social behaviour,,
,2021-05,Durham Constabulary,Durham Constabulary,-1.566732,54.852289,On or near Queens Park,E01020595,County Durham 013B,Anti-social behaviour,,
,2021-05,Durham Constabulary,Durham Constabulary,-1.562045,54.846377,On or near The Parks,E01020595,County Durham 013B,Anti-social behaviour,,
27e1cdc8102b177dc7b2b26ff9fc1adcf1ac91675668bf30ac07609bc480d760,2021-05,Durham Constabulary,Durham Constabulary,-1.567619,54.853783,On or near Lindom Avenue,E01020595,County Durham 013B,Criminal damage and arson,Investigation complete; no suspect identified,
a5efa8385a33224b986fbd59e530c7c348874c4145acce856c92fce64d2025ee,2021-05,Durham Constabulary,Durham Constabulary,-1.563558,54.851963,On or near Pedestrian Subway,E01020595,County Durham 013B,Criminal damage and arson,Unable to prosecute suspect,
54f974de877bb239f29c4fe5a52d2f9d8a5144fd0689d1ede7f2e86365fbdc99,2021-05,Durham Constabulary,Durham Constabulary,-1.573074,54.854962,On or near High Chare,E01020595,County Durham 013B,Public order,Further action is not in the public interest,
3932d66ee497224edb2389d87e5f7f7728c93a00d20bd1138de44ba4b6e835ae,2021-05,Durham Constabulary,Durham Constabulary,-1.572817,54.857172,On or near Parking Area,E01020595,County Durham 013B,Shoplifting,Court result unavailable,
53e61b4f622b34ec371ddfa607a5f1dbf3091613953794007d5af0796c235b3b,2021-05,Durham Constabulary,Durham Constabulary,-1.570819,54.848762,On or near Sports/Recreation Area,E01020595,County Durham 013B,Violence and sexual offences,Action to be taken by another organisation,
aefc9531e883754fa0b2ac90c37f155a31d63c75fa97c2cb943334a72974bb8b,2021-05,Durham Constabulary,Durham Constabulary,-1.573855,54.856196,On or near Front Street,E01020595,County Durham 013B,Violence and sexual offences,Court result unavailable,
91685066a99eebb02a80f6eb360dbdb8112536001e59c52308cb57876b80841f,2021-05,Durham Constabulary,Durham Constabulary,-1.573074,54.854962,On or near High Chare,E01020595,County Durham 013B,Violence and sexual offences,Unable to prosecute suspect,
539f8d16603408c63697ca99379287155b8d2bcf37336fa1ef1d281ecbf17a6c,2021-05,Durham Constabulary,Durham Constabulary,-1.573855,54.856196,On or near Front Street,E01020595,County Durham 013B,Violence and sexual offences,Court result unavailable,
d16fd4c8ba8863cbdc1dfe0c1e596e06523409e0de9df748f57226d0528f758a,2021-05,Durham Constabulary,Durham Constabulary,-1.573074,54.854962,On or near High Chare,E01020595,County Durham 013B,Violence and sexual offences,Unable to prosecute suspect,
0f4e09550db1dfea877c1f1cbb765d99c92e19441e5013c3d30902ae693b81b8,2021-05,Durham Constabulary,Durham Constabulary,-1.573074,54.854962,On or near High Chare,E01020595,County Durham 013B,Other crime,Investigation complete; no suspect identified,
,2021-05,Durham Constabulary,Durham Constabulary,-1.579106,54.848585,On or near Buttermere Close,E01020600,County Durham 013C,Anti-social behaviour,,
,2021-05,Durham Constabulary,Durham Constabulary,-1.594232,54.845069,On or near Beadnell Close,E01020603,County Durham 013D,Anti-social behaviour,,
a017db04e20d4e2048a77f54af5dca53db5049525e9f66d378565848bc703d14,2021-05,Durham Constabulary,Durham Constabulary,-1.597261,54.844324,On or near Embleton Drive,E01020603,County Durham 013D,Violence and sexual offences,Action to be taken by another organisation,
711eea8b6aaf47ae6ab050a8ee99ef907cc45a2d6b1343c4f78785ca9381a034,2021-05,Durham Constabulary,Durham Constabulary,-1.592574,54.844254,On or near Chillingham Drive,E01020603,County Durham 013D,Violence and sexual offences,Court result unavailable,
,2021-05,Durham Constabulary,Durham Constabulary,-1.598748,54.851311,On or near Banks Holt,E01020605,County Durham 013E,Anti-social behaviour,,
4d9425dc2b5afc72e008e99f6300a95e1bda6e53bb3fccd93b2608d9d350e559,2021-05,Durham Constabulary,Durham Constabulary,-1.595024,54.849987,On or near Glanton Close,E01020605,County Durham 013E,Public order,Unable to prosecute suspect,
764bd9a50e023044dbd27e3939d02b26cd0a389c6cf9a9e41649f3beb2e5152f,2021-05,Durham Constabulary,Durham Constabulary,-1.600620,54.849484,On or near Meadow Drive,E01020605,County Durham 013E,Public order,Investigation complete; no suspect identified,
40a0ceebe94ed70a195ee20d22c983ad37d417cc1150e72edd2a7f138237c1be,2021-05,Durham Constabulary,Durham Constabulary,-1.589777,54.846734,On or near Chatton Close,E01020605,County Durham 013E,Vehicle crime,Investigation complete; no suspect identified,
,2021-05,Durham Constabulary,Durham Constabulary,-1.859162,54.859099,On or near Alston Terrace,E01020630,County Durham 014A,Anti-social behaviour,,
,2021-05,Durham Constabulary,Durham Constabulary,-1.859792,54.861544,On or near Backstone Road,E01020630,County Durham 014A,Anti-social behaviour,,
,2021-05,Durham Constabulary,Durham Constabulary,-1.859792,54.861544,On or near Backstone Road,E01020630,County Durham 014A,Anti-social behaviour,,
1df49e1e7f5a1f6186b58923e8871cc58592b462b1889880a0ff6642ab7fd562,2021-05,Durham Constabulary,Durham Constabulary,-1.859792,54.861544,On or near Backstone Road,E01020630,County Durham 014A,Criminal damage and arson,Unable to prosecute suspect,
42e721c1143e9005a630c7481f7311288a0f0ee5790d2356c8d0c3e0c39b7479,2021-05,Durham Constabulary,Durham Constabulary,-1.859792,54.861544,On or near Backstone Road,E01020630,County Durham 014A,Criminal damage and arson,Investigation complete; no suspect identified,
4b0d79ea801576408a2575e65bff3bf35fb42f0f0c5a1320efbf3040bd73f476,2021-05,Durham Constabulary,Durham Constabulary,-1.859792,54.861544,On or near Backstone Road,E01020630,County Durham 014A,Violence and sexual offences,Further investigation is not in the public interest,
f543fa3cc567f6f17e1db525d5cc15d9b029bb2e57df556db297a2d3e99980ed,2021-05,Durham Constabulary,Durham Constabulary,-1.861435,54.863972,On or near Valley View,E01020630,County Durham 014A,Violence and sexual offences,Action to be taken by another organisation,
,2021-05,Durham Constabulary,Durham Constabulary,-1.850418,54.860472,On or near Bells Wood Court,E01020631,County Durham 014B,Anti-social behaviour,,
,2021-05,Durham Constabulary,Durham Constabulary,-1.857690,54.857057,On or near Sports/Recreation Area,E01020631,County Durham 014B,Anti-social behaviour,,
,2021-05,Durham Constabulary,Durham Constabulary,-1.848674,54.860281,On or near Oxley Street,E01020631,County Durham 014B,Anti-social behaviour,,
,2021-05,Durham Constabulary,Durham Constabulary,-1.857690,54.857057,On or near Sports/Recreation Area,E01020631,County Durham 014B,Anti-social behaviour,,
db002dc8e794d0573bb44018228ff649e49bf50b99756d3cd304eeee193d0900,2021-05,Durham Constabulary,Durham Constabulary,-1.848080,54.856587,On or near Bridge Street,E01020631,County Durham 014B,Burglary,Investigation complete; no suspect identified,
8f68c326b4d8ece7a99608b26aefd04f472ccc6f2fd29932ba9e28e33001b821,2021-05,Durham Constabulary,Durham Constabulary,-1.850418,54.860472,On or near Bells Wood Court,E01020631,County Durham 014B,Criminal damage and arson,Local resolution,
0eb3062d92a1cf68a94b7a40d1269d6f20766b5c7be0a87361f0a06391f7aae6,2021-05,Durham Constabulary,Durham Constabulary,-1.849579,54.859878,On or near Church Road,E01020631,County Durham 014B,Other theft,Unable to prosecute suspect,
72a16b886325bf031ba42e0d48b51e14e89678edcca9b0697cfcc488d1ec2cd2,2021-05,Durham Constabulary,Durham Constabulary,-1.852189,54.857671,On or near Hillfield,E01020631,County Durham 014B,Public order,Unable to prosecute suspect,
473bceffb3b719175f16da3395f359ccb577a79753c7f3337a90d6bccd99eb97,2021-05,Durham Constabulary,Durham Constabulary,-1.852623,54.858175,On or near Culzean Court,E01020631,County Durham 014B,Violence and sexual offences,Court result unavailable,
11f20fe87e39fb735f4eafc1bc4c937be84f15541bf71a128dad9a3610031230,2021-05,Durham Constabulary,Durham Constabulary,-1.847946,54.859229,On or near Derwent Street,E01020631,County Durham 014B,Violence and sexual offences,Unable to prosecute suspect,
8ee236defe36104672f9f11bacf9c3134981a6f88d2a7db6cd068b8005c5d8c3,2021-05,Durham Constabulary,Durham Constabulary,-1.851236,54.858433,On or near Kelly Close,E01020631,County Durham 014B,Violence and sexual offences,Unable to prosecute suspect,
dc5a974f4bc30bff0f2d0f6329ebf72d2a4813aa7000327bdefdf28618192920,2021-05,Durham Constabulary,Durham Constabulary,-1.847946,54.859229,On or near Derwent Street,E01020631,County Durham 014B,Violence and sexual offences,Unable to prosecute suspect,
c6e7c11da463675bf10a83cc8b3c8f3dbe3ff4ef8d9de5393f8c265eb846f4a8,2021-05,Durham Constabulary,Durham Constabulary,-1.855895,54.857954,On or near Highridge,E01020631,County Durham 014B,Violence and sexual offences,Unable to prosecute suspect,
981b7ffd6b2826ec120f2dc5280d6588c731fbfd9b9bc29c4fbc385121b01e95,2021-05,Durham Constabulary,Durham Constabulary,-1.852623,54.858175,On or near Culzean Court,E01020631,County Durham 014B,Violence and sexual offences,Court result unavailable,
cd3d5e5414b79024ffe550f3b16767ca2274b019005b46a64ffa38c392f86be6,2021-05,Durham Constabulary,Durham Constabulary,-1.852189,54.857671,On or near Hillfield,E01020631,County Durham 014B,Violence and sexual offences,Unable to prosecute suspect,
2468ec13f49d0617deaf6adb13cc8ce3b06f1324d015d276dfc0b0a97f599955,2021-05,Durham Constabulary,Durham Constabulary,-1.852623,54.858175,On or near Culzean Court,E01020631,County Durham 014B,Violence and sexual offences,Unable to prosecute suspect,
,2021-05,Durham Constabulary,Durham Constabulary,-1.844877,54.830810,On or near Knitsley Lane,E01020637,County Durham 014C,Anti-social behaviour,,
,2021-05,Durham Constabulary,Durham Constabulary,-1.844877,54.830810,On or near Knitsley Lane,E01020637,County Durham 014C,Anti-social behaviour,,
,2021-05,Durham Constabulary,Durham Constabulary,-1.874053,54.834636,On or near Consett Road,E01020637,County Durham 014C,Anti-social behaviour,,
,2021-05,Durham Constabulary,Durham Constabulary,-1.844877,54.830810,On or near Knitsley Lane,E01020637,County Durham 014C,Anti-social behaviour,,
,2021-05,Durham Constabulary,Durham Constabulary,-1.844877,54.830810,On or near Knitsley Lane,E01020637,County Durham 014C,Anti-social behaviour,,
,2021-05,Durham Constabulary,Durham Constabulary,-1.925309,54.831524,On or near Park/Open Space,E01020637,County Durham 014C,Anti-social behaviour,,
,2021-05,Durham Constabulary,Durham Constabulary,-1.844877,54.830810,On or near Knitsley Lane,E01020637,County Durham 014C,Anti-social behaviour,,
bf8ab3d2125b8e766336fb81c88a9018d13f75e9c71f1fc6120139c81905b7bc,2021-05,Durham Constabulary,Durham Constabulary,-1.874059,54.832650,On or near Belle View Drive,E01020637,County Durham 014C,Criminal damage and arson,Investigation complete; no suspect identified,
1fe7eab4384098edf1191a89a5f2e893bdc23e173c0d15a05858ee8d66d1998e,2021-05,Durham Constabulary,Durham Constabulary,-1.882444,54.834761,On or near Front Street,E01020637,County Durham 014C,Criminal damage and arson,Unable to prosecute suspect,
92d6c3d2a66fe337b752801f0106a2359ba7138a3f293cffa471dbb66e04ebe5,2021-05,Durham Constabulary,Durham Constabulary,-1.876314,54.833300,On or near Drover Terrace,E01020637,County Durham 014C,Other theft,Investigation complete; no suspect identified,
db815b152e2eabb10e7943ab59d3d9633ba102873c3130887416d7d95d2ecb5e,2021-05,Durham Constabulary,Durham Constabulary,-1.869322,54.833984,On or near Hillgarth,E01020637,County Durham 014C,Other theft,Investigation complete; no suspect identified,
0cb8a723434bc360cca334bd6f87502dc9cd98accd1abf3ca4f6fafbbc3e834b,2021-05,Durham Constabulary,Durham Constabulary,-1.882444,54.834761,On or near Front Street,E01020637,County Durham 014C,Other crime,Unable to prosecute suspect,
,2021-05,Durham Constabulary,Durham Constabulary,-1.854933,54.843862,On or near Hydenside Grove,E01020644,County Durham 014D,Anti-social behaviour,,
,2021-05,Durham Constabulary,Durham Constabulary,-1.838791,54.850114,On or near Ponds Court,E01020644,County Durham 014D,Anti-social behaviour,,
,2021-05,Durham Constabulary,Durham Constabulary,-1.857197,54.846471,On or near Priestman Avenue,E01020644,County Durham 014D,Anti-social behaviour,,
,2021-05,Durham Constabulary,Durham Constabulary,-1.844363,54.847012,On or near Consett Road,E01020644,County Durham 014D,Anti-social behaviour,,
,2021-05,Durham Constabulary,Durham Constabulary,-1.854079,54.843043,On or near Petrol Station,E01020644,County Durham 014D,Anti-social behaviour,,
,2021-05,Durham Constabulary,Durham Constabulary,-1.857197,54.846471,On or near Priestman Avenue,E01020644,County Durham 014D,Anti-social behaviour,,
,2021-05,Durham Constabulary,Durham Constabulary,-1.854079,54.843043,On or near Petrol Station,E01020644,County Durham 014D,Anti-social behaviour,,
,2021-05,Durham Constabulary,Durham Constabulary,-1.854079,54.843043,On or near Petrol Station,E01020644,County Durham 014D,Anti-social behaviour,,
,2021-05,Durham Constabulary,Durham Constabulary,-1.845517,54.854859,On or near Fenwick Way,E01020644,County Durham 014D,Anti-social behaviour,,
06059eaed722c651edfe9c2b55d10952bde6a94fb5c96442d50a8e544c65be50,2021-05,Durham Constabulary,Durham Constabulary,-1.854098,54.846629,On or near Arkless Grove,E01020644,County Durham 014D,Burglary,Investigation complete; no suspect identified,
91de48f6fd9ed9a5d9ee562b2ddc1ddecc86745f10621aee6631a24d53703acf,2021-05,Durham Constabulary,Durham Constabulary,-1.844363,54.847012,On or near Consett Road,E01020644,County Durham 014D,Burglary,Court result unavailable,
2714dfce04950b6b80740fd444830cb30be1c85d8a665240ce9a5ecaa8c6fde1,2021-05,Durham Constabulary,Durham Constabulary,-1.862122,54.840860,On or near Kent Gardens,E01020644,County Durham 014D,Criminal damage and arson,Investigation complete; no suspect identified,
a0685001c9a1f8b9fcf010a15e40e330287cf56af22a5bc4e483a3ae07b0ff0e,2021-05,Durham Constabulary,Durham Constabulary,-1.855085,54.844851,On or near Welford Road,E01020644,County Durham 014D,Criminal damage and arson,Investigation complete; no suspect identified,
81cf7d8660b484754407572f8427f496b106d0014bc6461caf8b95fb621ce596,2021-05,Durham Constabulary,Durham Constabulary,-1.842537,54.851979,On or near Genesis Way,E01020644,County Durham 014D,Criminal damage and arson,Unable to prosecute suspect,
23fab77b2a935cff231f5f0c9e9197b81d35fb46f3f85201384f5ae263486e5f,2021-05,Durham Constabulary,Durham Constabulary,-1.857197,54.846471,On or near Priestman Avenue,E01020644,County Durham 014D,Other theft,Unable to prosecute suspect,
c8c28978d49c0d35f21e8e685611120c8191604239c6aaf170b744331fed762e,2021-05,Durham Constabulary,Durham Constabulary,-1.838791,54.850114,On or near Ponds Court,E01020644,County Durham 014D,Other theft,Investigation complete; no suspect identified,
9f7bc49c3bd4192e58583d7b3d193b3605f946f2ff205400c4822fae815b8037,2021-05,Durham Constabulary,Durham Constabulary,-1.838791,54.850114,On or near Ponds Court,E01020644,County Durham 014D,Public order,Investigation complete; no suspect identified,
0ed30b44ebde71d9c3bce9589347b1f01ded43f78cc7fde12bcc27910c3d6e36,2021-05,Durham Constabulary,Durham Constabulary,-1.838791,54.850114,On or near Ponds Court,E01020644,County Durham 014D,Shoplifting,Investigation complete; no suspect identified,
7cea2a8ab4d3b5b9bfad76930e1d6622e1165f035080b40dbf46a57864e8ed7a,2021-05,Durham Constabulary,Durham Constabulary,-1.838791,54.850114,On or near Ponds Court,E01020644,County Durham 014D,Shoplifting,Investigation complete; no suspect identified,
4faf59d6e3cc3418cd0d404023f66c902eb14a24922b8d5d018c28e25cd8399e,2021-05,Durham Constabulary,Durham Constabulary,-1.855085,54.844851,On or near Welford Road,E01020644,County Durham 014D,Vehicle crime,Status update unavailable,
ab9ae02ca772426ebd5272ffbf3b47afa15fc032bc1297a005a749d2537df10f,2021-05,Durham Constabulary,Durham Constabulary,-1.857687,54.844404,On or near Thornfield Road,E01020644,County Durham 014D,Violence and sexual offences,Unable to prosecute suspect,
0b24cde12735f57070aafbb14bce74941ffb1316f720af5e067c63ffc385b391,2021-05,Durham Constabulary,Durham Constabulary,-1.845517,54.854859,On or near Fenwick Way,E01020644,County Durham 014D,Violence and sexual offences,Investigation complete; no suspect identified,
4c6ce5911f1750d01cc2abecdfeabb43c8e8a504ed29c89cfb35e75029d7bd94,2021-05,Durham Constabulary,Durham Constabulary,-1.854933,54.843862,On or near Hydenside Grove,E01020644,County Durham 014D,Violence and sexual offences,Investigation complete; no suspect identified,
a745e6634b6cd8c5ddfc483578c102d190b6500358d03acb1f6591db60afb519,2021-05,Durham Constabulary,Durham Constabulary,-1.857687,54.844404,On or near Thornfield Road,E01020644,County Durham 014D,Violence and sexual offences,Unable to prosecute suspect,
febbc998893e48ea7fcc87452ad3ea7494e866ebb43765f71970a9ccc0d38bc2,2021-05,Durham Constabulary,Durham Constabulary,-1.857687,54.844404,On or near Thornfield Road,E01020644,County Durham 014D,Violence and sexual offences,Unable to prosecute suspect,
f782f481648c1d6dcb820d1cb271fe594e07542bcd6d607df3f93820069e5c0d,2021-05,Durham Constabulary,Durham Constabulary,-1.857687,54.844404,On or near Thornfield Road,E01020644,County Durham 014D,Violence and sexual offences,Unable to prosecute suspect,
5d810555875342b1845351017e3f9bf5a737c494c8f2f1e23f7c73738034702f,2021-05,Durham Constabulary,Durham Constabulary,-1.855085,54.844851,On or near Welford Road,E01020644,County Durham 014D,Violence and sexual offences,Offender given a caution,
3f2e7b5dca6785ed356fe30ecb330dafa24a8a3a0c239058b32f6906830d4dd1,2021-05,Durham Constabulary,Durham Constabulary,-1.854933,54.843862,On or near Hydenside Grove,E01020644,County Durham 014D,Violence and sexual offences,Local resolution,
,2021-05,Durham Constabulary,Durham Constabulary,-1.861498,54.841147,On or near Kent Road,E01020645,County Durham 014E,Anti-social behaviour,,
,2021-05,Durham Constabulary,Durham Constabulary,-1.870659,54.839449,On or near Lincoln Road,E01020645,County Durham 014E,Anti-social behaviour,,
,2021-05,Durham Constabulary,Durham Constabulary,-1.870942,54.838506,On or near Derby Crescent,E01020645,County Durham 014E,Anti-social behaviour,,
,2021-05,Durham Constabulary,Durham Constabulary,-1.866798,54.839248,On or near Sussex Road,E01020645,County Durham 014E,Anti-social behaviour,,
,2021-05,Durham Constabulary,Durham Constabulary,-1.866609,54.840047,On or near Surrey Crescent,E01020645,County Durham 014E,Anti-social behaviour,,
,2021-05,Durham Constabulary,Durham Constabulary,-1.870073,54.837759,On or near Derby Drive,E01020645,County Durham 014E,Anti-social behaviour,,
,2021-05,Durham Constabulary,Durham Constabulary,-1.866609,54.840047,On or near Surrey Crescent,E01020645,County Durham 014E,Anti-social behaviour,,
,2021-05,Durham Constabulary,Durham Constabulary,-1.861498,54.841147,On or near Kent Road,E01020645,County Durham 014E,Anti-social behaviour,,
,2021-05,Durham Constabulary,Durham Constabulary,-1.867535,54.837658,On or near Norfolk Road,E01020645,County Durham 014E,Anti-social behaviour,,
17f97c41b18850bf2253cb463ce5c752af407d819d27dc43baaad337e6e337e4,2021-05,Durham Constabulary,Durham Constabulary,-1.868914,54.839672,On or near Rutland Road,E01020645,County Durham 014E,Criminal damage and arson,Investigation complete; no suspect identified,
d60f083235fbde0886406ba6c9ce5604201275845f9e4abe4fac349ff12abea0,2021-05,Durham Constabulary,Durham Constabulary,-1.869853,54.838217,On or near Sports/Recreation Area,E01020645,County Durham 014E,Criminal damage and arson,Investigation complete; no suspect identified,
4949ee9b767e353cdd7f1143e3d561934af7c4e2865987e7e6941dd3d5633895,2021-05,Durham Constabulary,Durham Constabulary,-1.870659,54.839449,On or near Lincoln Road,E01020645,County Durham 014E,Criminal damage and arson,Investigation complete; no suspect identified,
ac352d9b95b4faa17f982eba382e849d5a5bbdbfaf1bf055be8dc5cd46623e4a,2021-05,Durham Constabulary,Durham Constabulary,-1.870635,54.837230,On or near York Avenue,E01020645,County Durham 014E,Criminal damage and arson,Investigation complete; no suspect identified,
424afbcd1fcab61949c5bea22f1399ccaae8a9c9c83639fa54afd9c88b0dfe9b,2021-05,Durham Constabulary,Durham Constabulary,-1.870659,54.839449,On or near Lincoln Road,E01020645,County Durham 014E,Criminal damage and arson,Investigation complete; no suspect identified,
5e937298685aa79f5858836c1448fd310af38ef664f8c0ed9b129ddfc0c88d96,2021-05,Durham Constabulary,Durham Constabulary,-1.861498,54.841147,On or near Kent Road,E01020645,County Durham 014E,Drugs,Local resolution,
a2a637639e09afa40446bfdb0365f2d4f40ea2c05237940de803aaa789cc99e5,2021-05,Durham Constabulary,Durham Constabulary,-1.861498,54.841147,On or near Kent Road,E01020645,County Durham 014E,Drugs,Local resolution,
47076c25b46deac056aa3b6fcf5b4ae479d8e1cd50fac18b1b81bd06289d43de,2021-05,Durham Constabulary,Durham Constabulary,-1.867535,54.837658,On or near Norfolk Road,E01020645,County Durham 014E,Other theft,Local resolution,
8be25349fc1cc8091caff78dbe8a2ea901665de84ec93291fdd99b0077ca36a8,2021-05,Durham Constabulary,Durham Constabulary,-1.866609,54.840047,On or near Surrey Crescent,E01020645,County Durham 014E,Public order,Unable to prosecute suspect,
5ebb918df32bf0ef418d2ecbd25ef91dfd5c47aeb3272ff1552eb6c9541a1f34,2021-05,Durham Constabulary,Durham Constabulary,-1.870754,54.839045,On or near Lincoln Place,E01020645,County Durham 014E,Violence and sexual offences,Unable to prosecute suspect,
0713b66f7da71e3c06f77057e1299d1438ad380aece1e9892d9707e42799e6b4,2021-05,Durham Constabulary,Durham Constabulary,-1.865888,54.841421,On or near Dunelm Road,E01020645,County Durham 014E,Violence and sexual offences,Court result unavailable,
13d54b377d0fb77eb1c70e0633fc18d9b85e485438e9cf24af0b6b8aff187f2f,2021-05,Durham Constabulary,Durham Constabulary,-1.866798,54.839248,On or near Sussex Road,E01020645,County Durham 014E,Violence and sexual offences,Status update unavailable,
cc544e63b28e72740fa73f6c19bd0e4a0f289da27299de67399ab110af05a4ef,2021-05,Durham Constabulary,Durham Constabulary,-1.866609,54.840047,On or near Surrey Crescent,E01020645,County Durham 014E,Violence and sexual offences,Unable to prosecute suspect,
7c18b59cb2b54d620b4028ec12b5a57ca6c5a9d1d7307faf525e6b258566feb5,2021-05,Durham Constabulary,Durham Constabulary,-1.869853,54.838217,On or near Sports/Recreation Area,E01020645,County Durham 014E,Violence and sexual offences,Unable to prosecute suspect,
6ce17d7aa93256f0d5222ed0b015664208b8c85621d757cae1f497a847a80a21,2021-05,Durham Constabulary,Durham Constabulary,-1.868914,54.839672,On or near Rutland Road,E01020645,County Durham 014E,Violence and sexual offences,Unable to prosecute suspect,
c0cf2cba1d084141b6fef91ee0e9c26c15f3ec3f9cf6e421ea3117dbc67aa20c,2021-05,Durham Constabulary,Durham Constabulary,-1.507310,54.846059,On or near Petrol Station,E01020590,County Durham 015A,Criminal damage and arson,Investigation complete; no suspect identified,
21c8884a4ac81a416e90c747b161868fe472c9c470ebd5741d14c9e06d3847f0,2021-05,Durham Constabulary,Durham Constabulary,-1.511558,54.847613,On or near Elmwood Street,E01020590,County Durham 015A,Criminal damage and arson,Unable to prosecute suspect,
dd222c2b8008d1541fd00d2e7d01ff20cdf99c5350965e1fbf9b6f901458aa24,2021-05,Durham Constabulary,Durham Constabulary,-1.512502,54.848183,On or near A1052,E01020590,County Durham 015A,Drugs,Awaiting court outcome,
b36e2e4f5f83825f56d7ba19d5ae0fa4fa8e831a2d17bef8518f65d4c2dc562c,2021-05,Durham Constabulary,Durham Constabulary,-1.512502,54.848183,On or near A1052,E01020590,County Durham 015A,Public order,Unable to prosecute suspect,
cfc4a47657ac45a74ce7661a100021fa6d23c6d7bbe4a42ba7f0982165a7138d,2021-05,Durham Constabulary,Durham Constabulary,-1.512502,54.848183,On or near A1052,E01020590,County Durham 015A,Violence and sexual offences,Unable to prosecute suspect,
433d7b40d18d07a6ead5ea645e6e45f9da46e2121ffaffb84503219ac54a8832,2021-05,Durham Constabulary,Durham Constabulary,-1.512502,54.848183,On or near A1052,E01020590,County Durham 015A,Violence and sexual offences,Unable to prosecute suspect,
,2021-05,Durham Constabulary,Durham Constabulary,-1.517593,54.852157,On or near Mill Court,E01020591,County Durham 015B,Anti-social behaviour,,
,2021-05,Durham Constabulary,Durham Constabulary,-1.515284,54.855096,On or near Alwyn Close,E01020591,County Durham 015B,Anti-social behaviour,,
,2021-05,Durham Constabulary,Durham Constabulary,-1.512681,54.852677,On or near Meadow Grange,E01020591,County Durham 015B,Anti-social behaviour,,
8666f9f6a48f8e7388f75bff06383e4680fe30f2a6e767407ba983c51b4a97d6,2021-05,Durham Constabulary,Durham Constabulary,-1.515284,54.855096,On or near Alwyn Close,E01020591,County Durham 015B,Criminal damage and arson,Local resolution,
1010bef22d5011acad2fd75554c2c0b141c9f168183a5e4ae277eee7fa274072,2021-05,Durham Constabulary,Durham Constabulary,-1.515284,54.855096,On or near Alwyn Close,E01020591,County Durham 015B,Criminal damage and arson,Unable to prosecute suspect,
d4e62c92e81e9b789b9bf292d5ef895ad191437691854000a40811025d047f84,2021-05,Durham Constabulary,Durham Constabulary,-1.514332,54.859154,On or near Petrol Station,E01020591,County Durham 015B,Other theft,Investigation complete; no suspect identified,
5031bf3d5b73d14c000ec0e6a230cc8bf871332b2d39e9851cd8822bb828ed75,2021-05,Durham Constabulary,Durham Constabulary,-1.514332,54.859154,On or near Petrol Station,E01020591,County Durham 015B,Other theft,Status update unavailable,
1c3e5b967bd9147ef765f6d18b291679500e0dc26f3813b35e22e8a79517638e,2021-05,Durham Constabulary,Durham Constabulary,-1.515284,54.855096,On or near Alwyn Close,E01020591,County Durham 015B,Public order,Unable to prosecute suspect,
c2244a0eaf21bff5987e3bb84a7efa5ba890897c1761edfc80fbcfe99737f683,2021-05,Durham Constabulary,Durham Constabulary,-1.515284,54.855096,On or near Alwyn Close,E01020591,County Durham 015B,Vehicle crime,Investigation complete; no suspect identified,
daa362035279b6df0d1233baf809a27df8673f5d54e007b9386e4b67616fc021,2021-05,Durham Constabulary,Durham Constabulary,-1.515284,54.855096,On or near Alwyn Close,E01020591,County Durham 015B,Violence and sexual offences,Unable to prosecute suspect,
2965ccc4ce041597c3ade15f0450ac28b0e8d6221c046b5a24474f65608e376c,2021-05,Durham Constabulary,Durham Constabulary,-1.517578,54.854772,On or near Lilac Square,E01020591,County Durham 015B,Violence and sexual offences,Unable to prosecute suspect,
34b440e0ba7b89320deca423a2b1600265d42bf3c4ceda2741d073a6a02b8c24,2021-05,Durham Constabulary,Durham Constabulary,-1.515284,54.855096,On or near Alwyn Close,E01020591,County Durham 015B,Violence and sexual offences,Unable to prosecute suspect,
eae2928a127c1ca50f2fbd61a8d6eadebd1689eb0d4b277e4fc44b5baf3b7fcd,2021-05,Durham Constabulary,Durham Constabulary,-1.515284,54.855096,On or near Alwyn Close,E01020591,County Durham 015B,Violence and sexual offences,Unable to prosecute suspect,
7ae81b13e317b61ace7e2d6761b27646f8ccf212ef0d3dc4d47346b85f5cda1d,2021-05,Durham Constabulary,Durham Constabulary,-1.517578,54.854772,On or near Lilac Square,E01020591,County Durham 015B,Violence and sexual offences,Unable to prosecute suspect,
,2021-05,Durham Constabulary,Durham Constabulary,-1.542042,54.837406,On or near Scott Court,E01020608,County Durham 015C,Anti-social behaviour,,
,2021-05,Durham Constabulary,Durham Constabulary,-1.547818,54.836035,On or near Melbeck Court,E01020608,County Durham 015C,Anti-social behaviour,,
,2021-05,Durham Constabulary,Durham Constabulary,-1.518944,54.847256,On or near Appleby Court,E01020608,County Durham 015C,Anti-social behaviour,,
,2021-05,Durham Constabulary,Durham Constabulary,-1.542042,54.837406,On or near Scott Court,E01020608,County Durham 015C,Anti-social behaviour,,
,2021-05,Durham Constabulary,Durham Constabulary,-1.542042,54.837406,On or near Scott Court,E01020608,County Durham 015C,Anti-social behaviour,,
,2021-05,Durham Constabulary,Durham Constabulary,-1.547818,54.836035,On or near Melbeck Court,E01020608,County Durham 015C,Anti-social behaviour,,
,2021-05,Durham Constabulary,Durham Constabulary,-1.547818,54.836035,On or near Melbeck Court,E01020608,County Durham 015C,Anti-social behaviour,,
,2021-05,Durham Constabulary,Durham Constabulary,-1.547818,54.836035,On or near Melbeck Court,E01020608,County Durham 015C,Anti-social behaviour,,
,2021-05,Durham Constabulary,Durham Constabulary,-1.547818,54.836035,On or near Melbeck Court,E01020608,County Durham 015C,Anti-social behaviour,,
,2021-05,Durham Constabulary,Durham Constabulary,-1.542042,54.837406,On or near Scott Court,E01020608,County Durham 015C,Anti-social behaviour,,
05a21ba326cc4fe7990dd83fd3ae14f2af53409a0276cccd36a7d2f950d9a9ad,2021-05,Durham Constabulary,Durham Constabulary,-1.547818,54.836035,On or near Melbeck Court,E01020608,County Durham 015C,Criminal damage and arson,Investigation complete; no suspect identified,
2a81259ca19c284866193dac4d1c326dc63e122d07084abb066218b771737a53,2021-05,Durham Constabulary,Durham Constabulary,-1.543912,54.835895,On or near Sports/Recreation Area,E01020608,County Durham 015C,Public order,Investigation complete; no suspect identified,
0dd3ade4eddca97321831bc7d1525515b9bb3054cb9ce30420f8433158d46714,2021-05,Durham Constabulary,Durham Constabulary,-1.547818,54.836035,On or near Melbeck Court,E01020608,County Durham 015C,Public order,Unable to prosecute suspect,
d0de0783a33bc962b3ba10e7619e0655b2ea56aa6c5f66eda6f37fe6988023df,2021-05,Durham Constabulary,Durham Constabulary,-1.523211,54.847282,On or near Glamis Court,E01020608,County Durham 015C,Vehicle crime,Unable to prosecute suspect,
603fc6462ac4ca0911ff4e5a261c2d7b01bdcfa7f8a61b7fca1ead6ac7e5c71a,2021-05,Durham Constabulary,Durham Constabulary,-1.518944,54.847256,On or near Appleby Court,E01020608,County Durham 015C,Violence and sexual offences,Status update unavailable,
f681588b13b6a7adbbb59317d7f2676f215efa49ecfac5daa2bcec49d8160087,2021-05,Durham Constabulary,Durham Constabulary,-1.520675,54.847101,On or near Richmond Drive,E01020608,County Durham 015C,Violence and sexual offences,Unable to prosecute suspect,
56838f31b34a580fecfdb0e5ae8fad2b4687bdd878ae7d4c2a89ce37cd972164,2021-05,Durham Constabulary,Durham Constabulary,-1.547818,54.836035,On or near Melbeck Court,E01020608,County Durham 015C,Violence and sexual offences,Unable to prosecute suspect,
e7a10813dd8d32b00d24ef9bb5d1a6826bd8a748edb4de59de24df3ee9067db4,2021-05,Durham Constabulary,Durham Constabulary,-1.542042,54.837406,On or near Scott Court,E01020608,County Durham 015C,Violence and sexual offences,Unable to prosecute suspect,
28acf765fc29a5932f290dbc14d2962957c0ea6a4f64cf723a98d055448ebb18,2021-05,Durham Constabulary,Durham Constabulary,-1.547818,54.836035,On or near Melbeck Court,E01020608,County Durham 015C,Violence and sexual offences,Unable to prosecute suspect,
84cbbec672e58e17581bdea3f76c2c76a7e55b7f5ea8c7d35a98fdfaefe760aa,2021-05,Durham Constabulary,Durham Constabulary,-1.518944,54.847256,On or near Appleby Court,E01020608,County Durham 015C,Violence and sexual offences,Unable to prosecute suspect,
3e40321f531bd0f4c35649eb493cf9639119ee5d6246a86398eebe8fe9e67fc0,2021-05,Durham Constabulary,Durham Constabulary,-1.518944,54.847256,On or near Appleby Court,E01020608,County Durham 015C,Other crime,Unable to prosecute suspect,
,2021-05,Durham Constabulary,Durham Constabulary,-1.548706,54.841628,On or near Back Lane,E01020609,County Durham 015D,Anti-social behaviour,,
,2021-05,Durham Constabulary,Durham Constabulary,-1.548706,54.841628,On or near Back Lane,E01020609,County Durham 015D,Anti-social behaviour,,
,2021-05,Durham Constabulary,Durham Constabulary,-1.544302,54.837244,On or near Supermarket,E01020609,County Durham 015D,Anti-social behaviour,,
,2021-05,Durham Constabulary,Durham Constabulary,-1.548706,54.841628,On or near Back Lane,E01020609,County Durham 015D,Anti-social behaviour,,
,2021-05,Durham Constabulary,Durham Constabulary,-1.544302,54.837244,On or near Supermarket,E01020609,County Durham 015D,Anti-social behaviour,,
,2021-05,Durham Constabulary,Durham Constabulary,-1.544302,54.837244,On or near Supermarket,E01020609,County Durham 015D,Anti-social behaviour,,
,2021-05,Durham Constabulary,Durham Constabulary,-1.544302,54.837244,On or near Supermarket,E01020609,County Durham 015D,Anti-social behaviour,,
,2021-05,Durham Constabulary,Durham Constabulary,-1.544302,54.837244,On or near Supermarket,E01020609,County Durham 015D,Anti-social behaviour,,
,2021-05,Durham Constabulary,Durham Constabulary,-1.544302,54.837244,On or near Supermarket,E01020609,County Durham 015D,Anti-social behaviour,,
,2021-05,Durham Constabulary,Durham Constabulary,-1.544302,54.837244,On or near Supermarket,E01020609,County Durham 015D,Anti-social behaviour,,
1d9d57a11c5f31bf9972d0c04692621f26f4a1d2d552a71c180171d1c15c2161,2021-05,Durham Constabulary,Durham Constabulary,-1.544302,54.837244,On or near Supermarket,E01020609,County Durham 015D,Criminal damage and arson,Unable to prosecute suspect,
4808d49573f302637ceebbc5abc9f830f4b923535352befd44cf6b414db6e1f4,2021-05,Durham Constabulary,Durham Constabulary,-1.544302,54.837244,On or near Supermarket,E01020609,County Durham 015D,Criminal damage and arson,Investigation complete; no suspect identified,
47f9b0547bebf082df9fc661e9ef47b0d89549f98df39d1649831d73d8893bda,2021-05,Durham Constabulary,Durham Constabulary,-1.544302,54.837244,On or near Supermarket,E01020609,County Durham 015D,Criminal damage and arson,Investigation complete; no suspect identified,
bb0a11d0dadb06865c04b0e459efc77aa362d220a3a66476c11f2af48f459d98,2021-05,Durham Constabulary,Durham Constabulary,-1.544302,54.837244,On or near Supermarket,E01020609,County Durham 015D,Public order,Unable to prosecute suspect,
b6a5b20c629ae5e62e70a6aa666b66fa1ff288ca662e279decb66d4377425397,2021-05,Durham Constabulary,Durham Constabulary,-1.544302,54.837244,On or near Supermarket,E01020609,County Durham 015D,Public order,Offender given a caution,
650b5524e917252c6a78bf635a51a50d188c211479c3befd35565170d1b3f2cd,2021-05,Durham Constabulary,Durham Constabulary,-1.544302,54.837244,On or near Supermarket,E01020609,County Durham 015D,Violence and sexual offences,Unable to prosecute suspect,
f1bb49ac539b6e8f2f27b373584ceb8b6a5e44acb8f4467c86574b2e4d7adaa9,2021-05,Durham Constabulary,Durham Constabulary,-1.544302,54.837244,On or near Supermarket,E01020609,County Durham 015D,Violence and sexual offences,Unable to prosecute suspect,
c657bd753cfbb406ac47e58abcf37a688601a818505273bc7620f20b17b6368a,2021-05,Durham Constabulary,Durham Constabulary,-1.539870,54.842260,On or near Scorer'S Lane,E01020609,County Durham 015D,Violence and sexual offences,Unable to prosecute suspect,
446017875896fcc29d55d5fdf01a778437d36a1e670809371d039a3ae0d9c8c7,2021-05,Durham Constabulary,Durham Constabulary,-1.539870,54.842260,On or near Scorer'S Lane,E01020609,County Durham 015D,Violence and sexual offences,Unable to prosecute suspect,
23487cbf44d4d984544a1f0ca8f451e9bfbeb98c2b979ae7ed59a365b2cffa03,2021-05,Durham Constabulary,Durham Constabulary,-1.544302,54.837244,On or near Supermarket,E01020609,County Durham 015D,Other crime,Unable to prosecute suspect,
5ccd1ac84631338801d0ce0e7e44d356abc94b5d1cca7810120555a52f1a590c,2021-05,Durham Constabulary,Durham Constabulary,-1.546002,54.834195,On or near Gloucester Close,E01020610,County Durham 015E,Burglary,Offender given a caution,
919e10d62ab2be97f18054a617e4100e9be649f820c05ea9d685def595cc6949,2021-05,Durham Constabulary,Durham Constabulary,-1.543820,54.834411,On or near Worcester Close,E01020610,County Durham 015E,Criminal damage and arson,Investigation complete; no suspect identified,
f84cf3e3405cfb8aaf0d3e4c1a6a4bd9159f1f733070154c0e79d17a35650537,2021-05,Durham Constabulary,Durham Constabulary,-1.546002,54.834195,On or near Gloucester Close,E01020610,County Durham 015E,Violence and sexual offences,Unable to prosecute suspect,
cf3b6b69f45dbb61e434b4360a88be91ef1c7d2eb1be7036f21963a8051412da,2021-05,Durham Constabulary,Durham Constabulary,-1.538396,54.836278,On or near Hamsterley Close,E01020610,County Durham 015E,Violence and sexual offences,Awaiting court outcome,
2d46eec48770b2f536a1007dd092213c3cc565f50e476e6765764419885f7df6,2021-05,Durham Constabulary,Durham Constabulary,-1.366324,54.830416,On or near Watson Close,E01020750,County Durham 016A,Criminal damage and arson,Investigation complete; no suspect identified,
,2021-05,Durham Constabulary,Durham Constabulary,-1.355967,54.844453,On or near Norfolk Close,E01020781,County Durham 016B,Anti-social behaviour,,
a8205507ab4402376308481d7b655703843e30a1658cb6c0c87e0617220807c4,2021-05,Durham Constabulary,Durham Constabulary,-1.358454,54.840835,On or near Station Road,E01020781,County Durham 016B,Public order,Unable to prosecute suspect,
dd7add33dd94d4152a5305efdd4ff3610d58f5ea3b84dbd7a474721b0b8371a7,2021-05,Durham Constabulary,Durham Constabulary,-1.362621,54.841172,On or near Christchurch Court,E01020781,County Durham 016B,Violence and sexual offences,Unable to prosecute suspect,
785bf2f29c869bdbfc8ad078c1bf9c90c32e44e0ab42a74a6e3558456fbfd825,2021-05,Durham Constabulary,Durham Constabulary,-1.357500,54.843993,On or near Normanby Close,E01020781,County Durham 016B,Violence and sexual offences,Unable to prosecute suspect,
b31ad78567226df5ea16254ddc1e25d96e3e0b9049f9d7dafd747ca0f3736515,2021-05,Durham Constabulary,Durham Constabulary,-1.355726,54.840991,On or near Earl Street,E01020781,County Durham 016B,Violence and sexual offences,Unable to prosecute suspect,
,2021-05,Durham Constabulary,Durham Constabulary,-1.372394,54.842579,On or near Sharpley Drive,E01020786,County Durham 016D,Anti-social behaviour,,
,2021-05,Durham Constabulary,Durham Constabulary,-1.381751,54.843661,On or near Hall Close,E01020786,County Durham 016D,Anti-social behaviour,,
,2021-05,Durham Constabulary,Durham Constabulary,-1.375229,54.841516,On or near Manor Hall Close,E01020786,County Durham 016D,Anti-social behaviour,,
64309c9291a3eaa2942e841ca4a1091ffa95288bd41a843bf120f883a46f06f3,2021-05,Durham Constabulary,Durham Constabulary,-1.373709,54.844096,On or near Clarks Terrace,E01020786,County Durham 016D,Violence and sexual offences,Unable to prosecute suspect,
ffd3ace0b0e8923979d903fd30690d3d9fe560e8f921411fd43ca0df4a544bd3,2021-05,Durham Constabulary,Durham Constabulary,-1.383810,54.844453,On or near The Meadows,E01020786,County Durham 016D,Violence and sexual offences,Unable to prosecute suspect,
ec28799124d3791368a2728d1dba798c76d3d3159ac09535ad090123849ef548,2021-05,Durham Constabulary,Durham Constabulary,-1.373709,54.844096,On or near Clarks Terrace,E01020786,County Durham 016D,Violence and sexual offences,Unable to prosecute suspect,
,2021-05,Durham Constabulary,Durham Constabulary,-1.371671,54.832951,On or near Wolsey Road,E01020787,County Durham 016E,Anti-social behaviour,,
,2021-05,Durham Constabulary,Durham Constabulary,-1.371671,54.832951,On or near Wolsey Road,E01020787,County Durham 016E,Anti-social behaviour,,
,2021-05,Durham Constabulary,Durham Constabulary,-1.370304,54.835802,On or near Wesley Way,E01020787,County Durham 016E,Anti-social behaviour,,
,2021-05,Durham Constabulary,Durham Constabulary,-1.371671,54.832951,On or near Wolsey Road,E01020787,County Durham 016E,Anti-social behaviour,,
,2021-05,Durham Constabulary,Durham Constabulary,-1.372548,54.836649,On or near Warkworth Crescent,E01020787,County Durham 016E,Anti-social behaviour,,
66e55c27fdfdfc646d86fa58ca8f1fbf83f3cf7e468db4ab7b1bbcb68b76c09a,2021-05,Durham Constabulary,Durham Constabulary,-1.370690,54.833970,On or near Wedgwood Road,E01020787,County Durham 016E,Bicycle theft,Investigation complete; no suspect identified,
daa290907614c0160c9eb4c31b0652e426b2175009255c62c6bb402a61a5ae38,2021-05,Durham Constabulary,Durham Constabulary,-1.369762,54.832591,On or near Walpole Close,E01020787,County Durham 016E,Burglary,Investigation complete; no suspect identified,
4e41eebfd77137012784ac17f52b736350f6f9e6df63b4c0f0d0c204c8756902,2021-05,Durham Constabulary,Durham Constabulary,-1.370973,54.837845,On or near Winslow Crescent,E01020787,County Durham 016E,Criminal damage and arson,Investigation complete; no suspect identified,
a5b485be7013c1056e86a4bf55ec42e112c4558f693d0475decd5a94a0ca09e2,2021-05,Durham Constabulary,Durham Constabulary,-1.370973,54.837845,On or near Winslow Crescent,E01020787,County Durham 016E,Violence and sexual offences,Unable to prosecute suspect,
0f0d956aae8460d47bf8bdc47bdbf254672be7e1b475e5b40dd53e93392344e4,2021-05,Durham Constabulary,Durham Constabulary,-1.371671,54.832951,On or near Wolsey Road,E01020787,County Durham 016E,Violence and sexual offences,Action to be taken by another organisation,
9ce9f0c696927db6325cb35d6aea72e16b3f389b3e1b35b3fa506829847325de,2021-05,Durham Constabulary,Durham Constabulary,-1.370304,54.835802,On or near Wesley Way,E01020787,County Durham 016E,Violence and sexual offences,Unable to prosecute suspect,
,2021-05,Durham Constabulary,Durham Constabulary,-1.341712,54.845805,On or near Weybourne Lea,E01033163,County Durham 016F,Anti-social behaviour,,
,2021-05,Durham Constabulary,Durham Constabulary,-1.347048,54.841332,On or near New Drive,E01033163,County Durham 016F,Anti-social behaviour,,
,2021-05,Durham Constabulary,Durham Constabulary,-1.346370,54.844743,On or near Beadnell Drive,E01033163,County Durham 016F,Anti-social behaviour,,
,2021-05,Durham Constabulary,Durham Constabulary,-1.346370,54.844743,On or near Beadnell Drive,E01033163,County Durham 016F,Anti-social behaviour,,
27ac36a8061c940be2f7c035f7078845649a5b9a21535a48548a6758671d14e8,2021-05,Durham Constabulary,Durham Constabulary,-1.337653,54.842611,On or near Aldeburgh Way,E01033163,County Durham 016F,Violence and sexual offences,Action to be taken by another organisation,
4102a1f5c61da337d60a0c9422b1ce8217b66740fcc47db88ccc5d716e5846c7,2021-05,Durham Constabulary,Durham Constabulary,-1.368515,54.847664,On or near South Grange Park,E01033163,County Durham 016F,Violence and sexual offences,Unable to prosecute suspect,
a5d21a4d4bf7f1cceefdea0ef2d7d3c5297c673ec2e229f9800c86d4a2cb1ccb,2021-05,Durham Constabulary,Durham Constabulary,-1.344599,54.845425,On or near Staithes Court,E01033163,County Durham 016F,Violence and sexual offences,Unable to prosecute suspect,
,2021-05,Durham Constabulary,Durham Constabulary,-1.369352,54.839949,On or near Melrose Crescent,E01033202,County Durham 016G,Anti-social behaviour,,
,2021-05,Durham Constabulary,Durham Constabulary,-1.367621,54.842114,On or near Mill Road,E01033202,County Durham 016G,Anti-social behaviour,,
,2021-05,Durham Constabulary,Durham Constabulary,-1.368202,54.843798,On or near Gregson Terrace,E01033202,County Durham 016G,Anti-social behaviour,,
2a4bf65c7c8ec77f77050a0702027da9ccd7c402207fcf607e4dfd3c9924a6d8,2021-05,Durham Constabulary,Durham Constabulary,-1.367621,54.842114,On or near Mill Road,E01033202,County Durham 016G,Public order,Investigation complete; no suspect identified,
795b11481b63e9dfd1915e3f0fc7e144f021a96bbc887f030f46ca90945dbd24,2021-05,Durham Constabulary,Durham Constabulary,-1.365463,54.841654,On or near Parking Area,E01033202,County Durham 016G,Public order,Investigation complete; no suspect identified,
b45c87ddb2e665c872f055af90cf69aee399dc08e87f99777fcd71254b0a99d0,2021-05,Durham Constabulary,Durham Constabulary,-1.369352,54.839949,On or near Melrose Crescent,E01033202,County Durham 016G,Violence and sexual offences,Unable to prosecute suspect,
db209f1947656b875776a0843b8a87ef15494a7c97d7c77db185c3b1e4ecac1e,2021-05,Durham Constabulary,Durham Constabulary,-1.368202,54.843798,On or near Gregson Terrace,E01033202,County Durham 016G,Violence and sexual offences,Unable to prosecute suspect,
2d51bd73a9b14783eb23483b439ef77c0b12008244d564326b029c44bb3a6f4c,2021-05,Durham Constabulary,Durham Constabulary,-1.365463,54.841654,On or near Parking Area,E01033202,County Durham 016G,Violence and sexual offences,Local resolution,
59e3251cc371d7d43fb725bb8003082c2d3c119e6e1e0db3d0cfcf5d3d814c16,2021-05,Durham Constabulary,Durham Constabulary,-1.365543,54.844503,On or near Sports/Recreation Area,E01033202,County Durham 016G,Violence and sexual offences,Unable to prosecute suspect,
,2021-05,Durham Constabulary,Durham Constabulary,-1.339564,54.831406,On or near Malcolm Street,E01020740,County Durham 017A,Anti-social behaviour,,
f874c3c56681508916de0655bd0e76d1cd592b9ea1ae9c628f8490438e0b6990,2021-05,Durham Constabulary,Durham Constabulary,-1.342980,54.830040,On or near Parkside Crescent,E01020740,County Durham 017A,Burglary,Investigation complete; no suspect identified,
4696c34020eb391abd6f1991a2445f60830327db04c633f78c92c827aea33f1e,2021-05,Durham Constabulary,Durham Constabulary,-1.340221,54.835067,On or near Elizabeth Street,E01020740,County Durham 017A,Vehicle crime,Unable to prosecute suspect,
688c27b7b823a91d1ec030ae138c84df9f6104950db67760c7c54575bfd15f7f,2021-05,Durham Constabulary,Durham Constabulary,-1.342863,54.835369,On or near Victoria Street,E01020740,County Durham 017A,Vehicle crime,Investigation complete; no suspect identified,
f5c00da7ef3db2a8b83335953fe47ed7eb48eb6c2ac77679dd02881f4d160085,2021-05,Durham Constabulary,Durham Constabulary,-1.343055,54.835954,On or near Maureen Terrace,E01020740,County Durham 017A,Violence and sexual offences,Unable to prosecute suspect,
67c22099b0dfe6010de47d764b7bb41bf7bcb471bc3d26e26ebe3eeb2f3daa36,2021-05,Durham Constabulary,Durham Constabulary,-1.342980,54.830040,On or near Parkside Crescent,E01020740,County Durham 017A,Violence and sexual offences,Unable to prosecute suspect,
,2021-05,Durham Constabulary,Durham Constabulary,-1.333012,54.831289,On or near Strangways Street,E01020741,County Durham 017B,Anti-social behaviour,,
,2021-05,Durham Constabulary,Durham Constabulary,-1.329806,54.833150,On or near Alfred Street East,E01020741,County Durham 017B,Anti-social behaviour,,
,2021-05,Durham Constabulary,Durham Constabulary,-1.329231,54.834018,On or near Aline Street,E01020741,County Durham 017B,Anti-social behaviour,,
,2021-05,Durham Constabulary,Durham Constabulary,-1.332629,54.830928,On or near Ilchester Street,E01020741,County Durham 017B,Anti-social behaviour,,
,2021-05,Durham Constabulary,Durham Constabulary,-1.332629,54.830928,On or near Ilchester Street,E01020741,County Durham 017B,Anti-social behaviour,,
,2021-05,Durham Constabulary,Durham Constabulary,-1.332629,54.830928,On or near Ilchester Street,E01020741,County Durham 017B,Anti-social behaviour,,
6ab1eda406da5d874dd06f88851401f31762ae5051ffa659a89e0841db061bb3,2021-05,Durham Constabulary,Durham Constabulary,-1.331532,54.833240,On or near Albert Street,E01020741,County Durham 017B,Burglary,Awaiting court outcome,
aac020ad309fa1adf3beeb4ef88a517365b5b8ea4ba263f029cbf97ba851f9fc,2021-05,Durham Constabulary,Durham Constabulary,-1.331532,54.833240,On or near Albert Street,E01020741,County Durham 017B,Criminal damage and arson,Investigation complete; no suspect identified,
a1f80d754b1990f12834ddfea56d01c0b716a974077e1ca8e84bc3a3744c3bf7,2021-05,Durham Constabulary,Durham Constabulary,-1.333458,54.831669,On or near Fox Street,E01020741,County Durham 017B,Drugs,Formal action is not in the public interest,
9e8265212e7c5adf45ce28740128cae42bd6e2696a6a432c7e7f03ea18b83297,2021-05,Durham Constabulary,Durham Constabulary,-1.332629,54.830928,On or near Ilchester Street,E01020741,County Durham 017B,Drugs,Court result unavailable,
c2b0887ef54b46ba56632cb388e34fc61875ce76456e14f1fcc89d88406c511b,2021-05,Durham Constabulary,Durham Constabulary,-1.333458,54.831669,On or near Fox Street,E01020741,County Durham 017B,Other theft,Unable to prosecute suspect,
99e7c5f13b18e4a098710ee94250238fb45aedd19f6be135412f465e2c2c1981,2021-05,Durham Constabulary,Durham Constabulary,-1.333458,54.831669,On or near Fox Street,E01020741,County Durham 017B,Possession of weapons,Local resolution,
6be63cbf6a8b122776bccee51043cc6bc9f2b171eb31b3834f7da05949a8b5a8,2021-05,Durham Constabulary,Durham Constabulary,-1.336536,54.831937,On or near Rainton Street,E01020741,County Durham 017B,Vehicle crime,Unable to prosecute suspect,
4e9ce32be7e6478724fc0fba4af2337f9405596a385b746cd3f57fb22ad9639c,2021-05,Durham Constabulary,Durham Constabulary,-1.333012,54.831289,On or near Strangways Street,E01020741,County Durham 017B,Violence and sexual offences,Unable to prosecute suspect,
5914833e229ed57264a87c557fb5b24bffd7b260a2057d062f3e63f5b4592162,2021-05,Durham Constabulary,Durham Constabulary,-1.333012,54.831289,On or near Strangways Street,E01020741,County Durham 017B,Violence and sexual offences,Unable to prosecute suspect,
697a951d27cd822491a5a78114a6ee240681c700f103aca78470ab4b172029ec,2021-05,Durham Constabulary,Durham Constabulary,-1.329806,54.833150,On or near Alfred Street East,E01020741,County Durham 017B,Violence and sexual offences,Unable to prosecute suspect,
283a4b345f80bf07b9d128d052c6015538517f689b5636172588508881c8ddf0,2021-05,Durham Constabulary,Durham Constabulary,-1.333012,54.831289,On or near Strangways Street,E01020741,County Durham 017B,Violence and sexual offences,Unable to prosecute suspect,
5e437d41296437554b24196ab9b6c873d06b6c7b39a20e34ea7afb74f1d53925,2021-05,Durham Constabulary,Durham Constabulary,-1.333012,54.831289,On or near Strangways Street,E01020741,County Durham 017B,Violence and sexual offences,Unable to prosecute suspect,
8ac5a06ace2466d6613d52b8de338cdd54bc5d13746dd94c45b9aef4c92f360b,2021-05,Durham Constabulary,Durham Constabulary,-1.333458,54.831669,On or near Fox Street,E01020741,County Durham 017B,Violence and sexual offences,Unable to prosecute suspect,
7f08440dad6853974694fda995b2f8dbeaa1bab8a955b8df055da5d8b7188040,2021-05,Durham Constabulary,Durham Constabulary,-1.333012,54.831289,On or near Strangways Street,E01020741,County Durham 017B,Violence and sexual offences,Unable to prosecute suspect,
15baa75c66599f5786b2a19923e3eeddfe873b99965e1b514b9d4f84d6603417,2021-05,Durham Constabulary,Durham Constabulary,-1.333012,54.831289,On or near Strangways Street,E01020741,County Durham 017B,Violence and sexual offences,Unable to prosecute suspect,
4759357bcfc51a92a30580f2c5684ce6866272b72afb42cbbdfb67408126ab8f,2021-05,Durham Constabulary,Durham Constabulary,-1.333012,54.831289,On or near Strangways Street,E01020741,County Durham 017B,Violence and sexual offences,Unable to prosecute suspect,
5075e9c0028d8c6a34822e359e0e950db1847e7c45136f76efa65e94a684c671,2021-05,Durham Constabulary,Durham Constabulary,-1.337934,54.831154,On or near James Street,E01020741,County Durham 017B,Violence and sexual offences,Unable to prosecute suspect,
549353c5d8403f7323bea8e071d68d38e0af2721aa6adf7a431c258b5a979ab3,2021-05,Durham Constabulary,Durham Constabulary,-1.332629,54.830928,On or near Ilchester Street,E01020741,County Durham 017B,Violence and sexual offences,Unable to prosecute suspect,
5d837b94fecad58e786b04e33cc85d7d283218c8e5fa05c28a3a001788578265,2021-05,Durham Constabulary,Durham Constabulary,-1.335889,54.831494,On or near Grenaby Way,E01020741,County Durham 017B,Violence and sexual offences,Unable to prosecute suspect,
6ae43d192a28a45dfef843ac668683d40e8a8d4a5e4d661536d97340219b0b80,2021-05,Durham Constabulary,Durham Constabulary,-1.332629,54.830928,On or near Ilchester Street,E01020741,County Durham 017B,Other crime,Unable to prosecute suspect,
,2021-05,Durham Constabulary,Durham Constabulary,-1.332005,54.827222,On or near Melbury Street,E01020742,County Durham 017C,Anti-social behaviour,,
224b90ce1e218673e591afe81eecfa38d666a54618daa68769973c3b0b7d9a9d,2021-05,Durham Constabulary,Durham Constabulary,-1.333443,54.828784,On or near Queen Alexandra Road,E01020742,County Durham 017C,Criminal damage and arson,Unable to prosecute suspect,
c0041ac424d75c028beaa358738dbf715ca4706fcde274bcf677d33d8cca2660,2021-05,Durham Constabulary,Durham Constabulary,-1.335949,54.829706,On or near Margaret Street,E01020742,County Durham 017C,Criminal damage and arson,Unable to prosecute suspect,
c564470acca56ba03a1c416aed4dc35063c36aa4b6f8f67194e1f1c38f11f8bb,2021-05,Durham Constabulary,Durham Constabulary,-1.334051,54.830594,On or near Dawdon Crescent,E01020742,County Durham 017C,Drugs,Investigation complete; no suspect identified,
1fc3e38d5cd1202f7ae825f5b350dace85e7ca957b67d7469fbc61d914f76380,2021-05,Durham Constabulary,Durham Constabulary,-1.334049,54.828814,On or near Embleton Mews,E01020742,County Durham 017C,Other theft,Further investigation is not in the public interest,
a486fd01d24971cdf3efcf668b7e9e16238f10cb28edc9fbdc8f3dd7f9592c55,2021-05,Durham Constabulary,Durham Constabulary,-1.334051,54.830594,On or near Dawdon Crescent,E01020742,County Durham 017C,Public order,Unable to prosecute suspect,
6e60a164626d51c754e58611689bdf7a776baf3a550a630ab83ab989abc262cb,2021-05,Durham Constabulary,Durham Constabulary,-1.334049,54.828814,On or near Embleton Mews,E01020742,County Durham 017C,Public order,Unable to prosecute suspect,
7da21b81429356e7bba9144b682bacb40b1eee360ab2c56246fba0de4427b6d2,2021-05,Durham Constabulary,Durham Constabulary,-1.334051,54.830594,On or near Dawdon Crescent,E01020742,County Durham 017C,Public order,Investigation complete; no suspect identified,
0ca0917cdf96b335ef782fbc993d686492c1f7186fe098831fb2737069f9217c,2021-05,Durham Constabulary,Durham Constabulary,-1.335321,54.829127,On or near Stavordale Street West,E01020742,County Durham 017C,Public order,Unable to prosecute suspect,
c8191ae74435a95e8faa4af9222f375a1e5de0481f06de766c9ea377ea1385e8,2021-05,Durham Constabulary,Durham Constabulary,-1.334049,54.828814,On or near Embleton Mews,E01020742,County Durham 017C,Public order,Unable to prosecute suspect,
4368ddddc52375b02f603eb41536cebf865d8f6f54991e4456542059b0ee0d7a,2021-05,Durham Constabulary,Durham Constabulary,-1.336358,54.829447,On or near Chaplin Street,E01020742,County Durham 017C,Vehicle crime,Investigation complete; no suspect identified,
adc074a871fc4f319023de981ef9879dfedd66143c06fadb72206672818e2598,2021-05,Durham Constabulary,Durham Constabulary,-1.327567,54.827368,On or near Hazel Dene Way,E01020742,County Durham 017C,Violence and sexual offences,Unable to prosecute suspect,
755e093eb3b166f44bf9364cd96921eac2a0e0cb243948ae0859d6959456f738,2021-05,Durham Constabulary,Durham Constabulary,-1.323953,54.824724,On or near East Cliff Road,E01020742,County Durham 017C,Violence and sexual offences,Unable to prosecute suspect,
a58cacf5ed3c39cf95a25b40ede092a9e7703fc81781dcf6344ad408fdae424d,2021-05,Durham Constabulary,Durham Constabulary,-1.332684,54.828564,On or near Longnewton Street,E01020742,County Durham 017C,Violence and sexual offences,Unable to prosecute suspect,
15f24e3b7c56d98cacd5dfa836856a63c3153dd928c0cd05f11ebc3ac71a5127,2021-05,Durham Constabulary,Durham Constabulary,-1.329515,54.829095,On or near Hill Crescent,E01020742,County Durham 017C,Violence and sexual offences,Unable to prosecute suspect,
c11f716d30d9a134fc137dde35bc38262823f7fd2184d1c448f0ad7366918032,2021-05,Durham Constabulary,Durham Constabulary,-1.334049,54.828814,On or near Embleton Mews,E01020742,County Durham 017C,Violence and sexual offences,Unable to prosecute suspect,
20bf2f0542934ea401cd01a0ca51447b5936e0780ea8532b8f1251099731e4c4,2021-05,Durham Constabulary,Durham Constabulary,-1.334049,54.828814,On or near Embleton Mews,E01020742,County Durham 017C,Violence and sexual offences,Unable to prosecute suspect,
b04b58bf6a97d2e39708c416cfd8258ec10a383f74660bddee98a83d3d9e5536,2021-05,Durham Constabulary,Durham Constabulary,-1.331244,54.828062,On or near Londonderry Street,E01020742,County Durham 017C,Violence and sexual offences,Investigation complete; no suspect identified,
2946741db0a28dabd937213ee0f7924af40817e9a57669a49fd89ce4998c9d95,2021-05,Durham Constabulary,Durham Constabulary,-1.334051,54.830594,On or near Dawdon Crescent,E01020742,County Durham 017C,Violence and sexual offences,Unable to prosecute suspect,
0cd7683fa9d39600d854980ec9b2d4f4834a390a419bff1d751ed05567d005ec,2021-05,Durham Constabulary,Durham Constabulary,-1.334051,54.830594,On or near Dawdon Crescent,E01020742,County Durham 017C,Violence and sexual offences,Unable to prosecute suspect,
d17f39a56abbaff82c3846f722aca279287f1423574d76394b6179c5f6f3e67a,2021-05,Durham Constabulary,Durham Constabulary,-1.335321,54.829127,On or near Stavordale Street West,E01020742,County Durham 017C,Violence and sexual offences,Unable to prosecute suspect,
,2021-05,Durham Constabulary,Durham Constabulary,-1.348374,54.839236,On or near Station Road,E01020782,County Durham 017D,Anti-social behaviour,,
,2021-05,Durham Constabulary,Durham Constabulary,-1.348166,54.839594,On or near Thornhill Reach,E01020782,County Durham 017D,Anti-social behaviour,,
c44057df5ce49e75cdd3ef720233ade3bfb3ae52a5b3fea66d6d3a633601e678,2021-05,Durham Constabulary,Durham Constabulary,-1.336127,54.841632,On or near Dalden Grove,E01020782,County Durham 017D,Criminal damage and arson,Unable to prosecute suspect,
1780946288cff54ff57d2ff1b3c188e8350f1ceee6bd5c371c5b8a026b38d3e4,2021-05,Durham Constabulary,Durham Constabulary,-1.336127,54.841632,On or near Dalden Grove,E01020782,County Durham 017D,Public order,Unable to prosecute suspect,
eeaa876e53bd5537d702e8ab0d1418b65a457a62d927152b4a72d1e85e277125,2021-05,Durham Constabulary,Durham Constabulary,-1.344802,54.840583,On or near Derwent Close,E01020782,County Durham 017D,Vehicle crime,Unable to prosecute suspect,
2e5e6c25383330004e597e95b3dded6509f927cea89759fb1dbe2f7ada6fd95d,2021-05,Durham Constabulary,Durham Constabulary,-1.337764,54.840553,On or near Northdene Avenue,E01020782,County Durham 017D,Violence and sexual offences,Investigation complete; no suspect identified,
6714ef963b7fe7854e5e3fce23585e72c2450383059e60d6afa6db6a9e09ed91,2021-05,Durham Constabulary,Durham Constabulary,-1.344802,54.840583,On or near Derwent Close,E01020782,County Durham 017D,Violence and sexual offences,Unable to prosecute suspect,
,2021-05,Durham Constabulary,Durham Constabulary,-1.351580,54.840322,On or near St Aldwyn Road,E01020783,County Durham 017E,Anti-social behaviour,,
,2021-05,Durham Constabulary,Durham Constabulary,-1.353910,54.842608,On or near North Haven,E01020783,County Durham 017E,Anti-social behaviour,,
744c5cb7125cf1e6fd80cce98a27ec9aa3fd3aabd8bd87c7636e7630f89654fd,2021-05,Durham Constabulary,Durham Constabulary,-1.353490,54.840647,On or near Oliver Street,E01020783,County Durham 017E,Burglary,Investigation complete; no suspect identified,
157b4dbdfc2352b8e2bc19b8a92494299d90740b609b03e9e35f7a1ee6795b92,2021-05,Durham Constabulary,Durham Constabulary,-1.351580,54.840322,On or near St Aldwyn Road,E01020783,County Durham 017E,Criminal damage and arson,Unable to prosecute suspect,
2eb7b6f915cf9172a0ed0bdbe6890aed3840c73a304defb7c334ddcd84ee5b4d,2021-05,Durham Constabulary,Durham Constabulary,-1.353490,54.840647,On or near Oliver Street,E01020783,County Durham 017E,Drugs,Unable to prosecute suspect,
10b376a9d4769d667c9f2468b1f1b4cea06e9abcbb89be28812b71175a9b4b9b,2021-05,Durham Constabulary,Durham Constabulary,-1.350144,54.840503,On or near Parkland Terrace,E01020783,County Durham 017E,Other theft,Investigation complete; no suspect identified,
13d4de5ed8608549e55bc5855585b5bb82c0d6c49e7633fe4aa1d1650de04908,2021-05,Durham Constabulary,Durham Constabulary,-1.352696,54.839609,On or near Clara Street,E01020783,County Durham 017E,Public order,Court result unavailable,
d796a0e2084c4d297e62e00a33371a3aed6747a8749c76df88ceddad75d665d2,2021-05,Durham Constabulary,Durham Constabulary,-1.352696,54.839609,On or near Clara Street,E01020783,County Durham 017E,Violence and sexual offences,Unable to prosecute suspect,
8418467189f10f26451421b24ec37c8f091af0c51bed78e5d415e6ec4ef2a635,2021-05,Durham Constabulary,Durham Constabulary,-1.350144,54.840503,On or near Parkland Terrace,E01020783,County Durham 017E,Violence and sexual offences,Unable to prosecute suspect,
029959e01b2a0ff5253eedb9a152726fd887afa6555ada50f28808f25a7302b5,2021-05,Durham Constabulary,Durham Constabulary,-1.351580,54.840322,On or near St Aldwyn Road,E01020783,County Durham 017E,Violence and sexual offences,Unable to prosecute suspect,
14a9412073f1a1856ed8152fe470665fbeb77d5efe1ebbe738f67fe6246fe55f,2021-05,Durham Constabulary,Durham Constabulary,-1.350144,54.840503,On or near Parkland Terrace,E01020783,County Durham 017E,Other crime,Unable to prosecute suspect,
,2021-05,Durham Constabulary,Durham Constabulary,-1.332316,54.836668,On or near Green Street,E01020784,County Durham 017F,Anti-social behaviour,,
,2021-05,Durham Constabulary,Durham Constabulary,-1.332805,54.839133,On or near Back North Terrace,E01020784,County Durham 017F,Anti-social behaviour,,
,2021-05,Durham Constabulary,Durham Constabulary,-1.339803,54.836835,On or near George Street,E01020784,County Durham 017F,Anti-social behaviour,,
,2021-05,Durham Constabulary,Durham Constabulary,-1.332805,54.839133,On or near Back North Terrace,E01020784,County Durham 017F,Anti-social behaviour,,
,2021-05,Durham Constabulary,Durham Constabulary,-1.337925,54.838335,On or near Castlereagh Road,E01020784,County Durham 017F,Anti-social behaviour,,
,2021-05,Durham Constabulary,Durham Constabulary,-1.339735,54.838120,On or near Cornelia Terrace,E01020784,County Durham 017F,Anti-social behaviour,,
,2021-05,Durham Constabulary,Durham Constabulary,-1.334717,54.838380,On or near Tees Street,E01020784,County Durham 017F,Anti-social behaviour,,
,2021-05,Durham Constabulary,Durham Constabulary,-1.332805,54.839133,On or near Back North Terrace,E01020784,County Durham 017F,Anti-social behaviour,,
,2021-05,Durham Constabulary,Durham Constabulary,-1.338261,54.836863,On or near Emily Street East,E01020784,County Durham 017F,Anti-social behaviour,,
,2021-05,Durham Constabulary,Durham Constabulary,-1.334717,54.838380,On or near Tees Street,E01020784,County Durham 017F,Anti-social behaviour,,
619d747e2f56b715ad99c26fb4eeb903bb1ab10bfab2e463cd790545022f53b8,2021-05,Durham Constabulary,Durham Constabulary,-1.333868,54.837953,On or near Parking Area,E01020784,County Durham 017F,Burglary,Investigation complete; no suspect identified,
6095df27e9f718140ab3ade161b274dc1848e37db5eab6923ccc31bb597f6ae1,2021-05,Durham Constabulary,Durham Constabulary,-1.332132,54.837449,On or near Parking Area,E01020784,County Durham 017F,Burglary,Unable to prosecute suspect,
9d0adf40392076960b48f01f3b29ed8193d75b2934699d90cb470a7f203e128b,2021-05,Durham Constabulary,Durham Constabulary,-1.335180,54.836774,On or near Caroline Street,E01020784,County Durham 017F,Burglary,Investigation complete; no suspect identified,
b5825cdf086060546cdc3ddf58b89f06e46c88aff972d4dbf5618da597da0b1f,2021-05,Durham Constabulary,Durham Constabulary,-1.332132,54.837449,On or near Parking Area,E01020784,County Durham 017F,Burglary,Unable to prosecute suspect,
6e161857c0e2b8ce2bb91b31ece71aa6761bae135e06573cfd874ea99b556336,2021-05,Durham Constabulary,Durham Constabulary,-1.333188,54.835738,On or near Shakespeare Street,E01020784,County Durham 017F,Burglary,Investigation complete; no suspect identified,
bc8508aeaf2de7e4f901385c9530e080800d81b80dff0c6900dc51d0f27a533b,2021-05,Durham Constabulary,Durham Constabulary,-1.332316,54.836668,On or near Green Street,E01020784,County Durham 017F,Criminal damage and arson,Unable to prosecute suspect,
0db386856fa01a82318699229d0f652283e20bc00418cfa3d4f3226b960e9337,2021-05,Durham Constabulary,Durham Constabulary,-1.332462,54.836355,On or near Shaw Street,E01020784,County Durham 017F,Other theft,Investigation complete; no suspect identified,
a8cbceec63313d3f48c1e9fae5e4a3e824f8ffa531d8a1ffef9dc3304bc30964,2021-05,Durham Constabulary,Durham Constabulary,-1.335472,54.838896,On or near Henry Street,E01020784,County Durham 017F,Other theft,Investigation complete; no suspect identified,
9dfe94f43617091f88833fce389e8993e898b522b89117c1207d51abde9dce10,2021-05,Durham Constabulary,Durham Constabulary,-1.335223,54.836999,On or near Church Street,E01020784,County Durham 017F,Public order,Investigation complete; no suspect identified,
07923d56aebf6cf15ffc8ecc8fd3d9c6fe360af73e23f7d311be2f16c04a7543,2021-05,Durham Constabulary,Durham Constabulary,-1.331697,54.834607,On or near Linthorpe Road,E01020784,County Durham 017F,Public order,Unable to prosecute suspect,
e5c4567fb86739e0a877f20beff78370ac3006c75b44c18a258b247ea93f8166,2021-05,Durham Constabulary,Durham Constabulary,-1.335787,54.834872,On or near Regency Court,E01020784,County Durham 017F,Public order,Unable to prosecute suspect,
db7aa5adcb96eb2138910b60dab4d5517482ae436577095995e096015d0745cf,2021-05,Durham Constabulary,Durham Constabulary,-1.335180,54.836774,On or near Caroline Street,E01020784,County Durham 017F,Public order,Investigation complete; no suspect identified,
a55cd91ef4f83d0fb0533578fb2597b82a5bcfe9b88c4d03ba86286a4a0d7e87,2021-05,Durham Constabulary,Durham Constabulary,-1.332132,54.837449,On or near Parking Area,E01020784,County Durham 017F,Public order,Court result unavailable,
9ba8715ddece48ef2781ac1ac62df5a75c3d61b25b0b67db33e7b74c24d5bbd2,2021-05,Durham Constabulary,Durham Constabulary,-1.332132,54.837449,On or near Parking Area,E01020784,County Durham 017F,Public order,Investigation complete; no suspect identified,
3f02e06d3c6d0cfd03c6d10413cd7145be44e5ab5a782a1483c29abbf6dea8ac,2021-05,Durham Constabulary,Durham Constabulary,-1.331697,54.834607,On or near Linthorpe Road,E01020784,County Durham 017F,Shoplifting,Suspect charged as part of another case,
fd5f8106504161b4acf610ee8c4eb1f1a881ac8bb3740dcbbd426d8239039192,2021-05,Durham Constabulary,Durham Constabulary,-1.333457,54.837366,On or near Back South Railway Street,E01020784,County Durham 017F,Shoplifting,Investigation complete; no suspect identified,
b1369effa903b969dbf7b839bbac759d9d91e1591f57c31aa4e0a07383b0d12a,2021-05,Durham Constabulary,Durham Constabulary,-1.333872,54.838636,On or near Back North Railway Street,E01020784,County Durham 017F,Shoplifting,Suspect charged as part of another case,
c10d673a469b8b3011dd9582966938bb5f0f29cba24102144545cf3f581b3ea6,2021-05,Durham Constabulary,Durham Constabulary,-1.338261,54.836863,On or near Emily Street East,E01020784,County Durham 017F,Violence and sexual offences,Unable to prosecute suspect,
25dd96023e023aabe763f0a66e12bf2fc5bbf91836d6378c6bf124752a6098cd,2021-05,Durham Constabulary,Durham Constabulary,-1.333872,54.838636,On or near Back North Railway Street,E01020784,County Durham 017F,Violence and sexual offences,Unable to prosecute suspect,
416bc62b81650b50b6ac572e3b9866971ac9ca71b6f2132dd0991159ab0832b4,2021-05,Durham Constabulary,Durham Constabulary,-1.332132,54.837449,On or near Parking Area,E01020784,County Durham 017F,Violence and sexual offences,Unable to prosecute suspect,
530d76e01918946279efb85bc8e6476f8d00bd825b9475814171d1ba4d16963c,2021-05,Durham Constabulary,Durham Constabulary,-1.331697,54.834607,On or near Linthorpe Road,E01020784,County Durham 017F,Violence and sexual offences,Unable to prosecute suspect,
67060396ee7dfc1f4e8f18169b8f52c523bf470f88eb79c1d5a50df082358812,2021-05,Durham Constabulary,Durham Constabulary,-1.334717,54.838380,On or near Tees Street,E01020784,County Durham 017F,Violence and sexual offences,Unable to prosecute suspect,
c9af2c0707d73fbd1bae565bb79ef48fc03aa3e597dad4761ceae90672ec7436,2021-05,Durham Constabulary,Durham Constabulary,-1.335180,54.836774,On or near Caroline Street,E01020784,County Durham 017F,Violence and sexual offences,Investigation complete; no suspect identified,
207a1d1032673a6919750e8928970c9fb4a8823721aa9c484485922e633eb4ca,2021-05,Durham Constabulary,Durham Constabulary,-1.336470,54.838776,On or near Vane Terrace,E01020784,County Durham 017F,Violence and sexual offences,Unable to prosecute suspect,
385036db8f1e1c8ff511b76ed7d132a7785edefbdb5311a205e27742b01fb389,2021-05,Durham Constabulary,Durham Constabulary,-1.334717,54.838380,On or near Tees Street,E01020784,County Durham 017F,Violence and sexual offences,Unable to prosecute suspect,
e1b8523558fc2ddb643459b38dac2a3d4b966b5d5ce5a631cbb81a75b8e1df62,2021-05,Durham Constabulary,Durham Constabulary,-1.331697,54.834607,On or near Linthorpe Road,E01020784,County Durham 017F,Violence and sexual offences,Unable to prosecute suspect,
e121d7698b0fcd2b36c3aca5e7c73acd1104d6ae898f8abe287e737a6322a252,2021-05,Durham Constabulary,Durham Constabulary,-1.335180,54.836774,On or near Caroline Street,E01020784,County Durham 017F,Violence and sexual offences,Investigation complete; no suspect identified,
e2fc26e31c2d672cc413375f5320c39ae89f1506f315f6a3a39f45a5e52f10a2,2021-05,Durham Constabulary,Durham Constabulary,-1.336470,54.838776,On or near Vane Terrace,E01020784,County Durham 017F,Violence and sexual offences,Court result unavailable,
1576b5a07faf91b8d59628e190dfbeaa93d59fd0d197f5e157d0e91b6fe35018,2021-05,Durham Constabulary,Durham Constabulary,-1.331697,54.834607,On or near Linthorpe Road,E01020784,County Durham 017F,Violence and sexual offences,Court result unavailable,
,2021-05,Durham Constabulary,Durham Constabulary,-1.341186,54.827443,On or near Ash Crescent,E01020743,County Durham 018A,Anti-social behaviour,,
,2021-05,Durham Constabulary,Durham Constabulary,-1.346520,54.825827,On or near Heathway,E01020743,County Durham 018A,Anti-social behaviour,,
,2021-05,Durham Constabulary,Durham Constabulary,-1.347909,54.827497,On or near Sports/Recreation Area,E01020743,County Durham 018A,Anti-social behaviour,,
,2021-05,Durham Constabulary,Durham Constabulary,-1.344284,54.829311,On or near Aspen Grove,E01020743,County Durham 018A,Anti-social behaviour,,
a7b98d12dc156aa290cbeb5b4edb681bf5ce9e8bc6e1c9011fdb03f07e4a853d,2021-05,Durham Constabulary,Durham Constabulary,-1.345838,54.824655,On or near Laburnum Crescent,E01020743,County Durham 018A,Burglary,Investigation complete; no suspect identified,
1c3f35e5d6bc2879f17be86663016fac3b44b2f3d36eaf2471867c8f228b01f9,2021-05,Durham Constabulary,Durham Constabulary,-1.345024,54.826852,On or near Elmtree Court,E01020743,County Durham 018A,Criminal damage and arson,Unable to prosecute suspect,
81cb3c08b49937dd5b2d6d760cf09a6c9a441dc9be09bbbe774e374b7bbd8841,2021-05,Durham Constabulary,Durham Constabulary,-1.348639,54.830475,On or near Dene Road,E01020743,County Durham 018A,Robbery,Local resolution,
c1b79b6dfc05fc0e20ff5da26947128614735e24c9188b7431e4e8fd80400c5c,2021-05,Durham Constabulary,Durham Constabulary,-1.344284,54.829311,On or near Aspen Grove,E01020743,County Durham 018A,Vehicle crime,Unable to prosecute suspect,
b7160b832e9451ffc0c4bf596f09650b1527572f8b06b14b2b1687e5b8ef448b,2021-05,Durham Constabulary,Durham Constabulary,-1.345301,54.828022,On or near Alder Grove,E01020743,County Durham 018A,Vehicle crime,Unable to prosecute suspect,
bec1c6d468d33fab25c5222391429d308788585f115a0d5cc25684bad0fbc41d,2021-05,Durham Constabulary,Durham Constabulary,-1.344901,54.824848,On or near Fern Crescent,E01020743,County Durham 018A,Violence and sexual offences,Unable to prosecute suspect,
1343e34b8ad23e33c4e7eaec58e86aa40267bd59d7c498108bc86f7ba99c0404,2021-05,Durham Constabulary,Durham Constabulary,-1.341186,54.827443,On or near Ash Crescent,E01020743,County Durham 018A,Violence and sexual offences,Investigation complete; no suspect identified,
6d3b5e3d4c86c53076b2a29b75a95a580278556407bfaf1143d3976ef91d2797,2021-05,Durham Constabulary,Durham Constabulary,-1.345024,54.826852,On or near Elmtree Court,E01020743,County Durham 018A,Violence and sexual offences,Unable to prosecute suspect,
,2021-05,Durham Constabulary,Durham Constabulary,-1.361155,54.833462,On or near Lawnside,E01020747,County Durham 018B,Anti-social behaviour,,
6b1d1d59c8f8b328c95695c250911a7bf5734458169a25527adffa4955925537,2021-05,Durham Constabulary,Durham Constabulary,-1.360746,54.834682,On or near Topaz Street,E01020747,County Durham 018B,Burglary,Investigation complete; no suspect identified,
0941c69713196980776419317551d843eff36d738290c25e1c7dc32a1c75b3ba,2021-05,Durham Constabulary,Durham Constabulary,-1.359675,54.835468,On or near Queensbury Road,E01020747,County Durham 018B,Criminal damage and arson,Investigation complete; no suspect identified,
7dcb791b6729a65715762732fcfbe9f226913fe2fd2d957976b9886ee61163bf,2021-05,Durham Constabulary,Durham Constabulary,-1.362169,54.834294,On or near Ryton Crescent,E01020747,County Durham 018B,Public order,Unable to prosecute suspect,
f3c121f4ffff95d60ea141d54a18e510a063cdc9670f5e1a7524ac40004ac3a2,2021-05,Durham Constabulary,Durham Constabulary,-1.357552,54.834890,On or near The Avenue,E01020747,County Durham 018B,Public order,Investigation complete; no suspect identified,
c836fd73a7f3e4b7174be1239c02c58328bb0aec32447a5a3c2c8dfa65848aef,2021-05,Durham Constabulary,Durham Constabulary,-1.360746,54.834682,On or near Topaz Street,E01020747,County Durham 018B,Violence and sexual offences,Unable to prosecute suspect,
b094961eaa9622f564818a5cf34fc99dd3a7b9c9d58fdb89defaa905fa39093f,2021-05,Durham Constabulary,Durham Constabulary,-1.359826,54.836780,On or near Malvern Crescent,E01020747,County Durham 018B,Violence and sexual offences,Action to be taken by another organisation,
82ef38b7ac9035feb367429a733b04fb1bb4922f85b163f72ec44dbb5765829a,2021-05,Durham Constabulary,Durham Constabulary,-1.361155,54.833462,On or near Lawnside,E01020747,County Durham 018B,Violence and sexual offences,Unable to prosecute suspect,
cf2598b6bdbf1ed2e1c109d78843b603f828064626fa983f9a90d7b148d4b440,2021-05,Durham Constabulary,Durham Constabulary,-1.357552,54.834890,On or near The Avenue,E01020747,County Durham 018B,Violence and sexual offences,Unable to prosecute suspect,
f2f89c8185f02313d4c825f7085860ff54812b7b1829e7249df76f8be013ed0b,2021-05,Durham Constabulary,Durham Constabulary,-1.357552,54.834890,On or near The Avenue,E01020747,County Durham 018B,Violence and sexual offences,Investigation complete; no suspect identified,
ccdf156ab39df912152cc9e4f54ba27709a95cd3f48e49f39dad94e77089f08b,2021-05,Durham Constabulary,Durham Constabulary,-1.360746,54.834682,On or near Topaz Street,E01020747,County Durham 018B,Violence and sexual offences,Unable to prosecute suspect,
df20d8308c5f482232dd8349974aaa1839edf94f19ea4167c120bfb45413525d,2021-05,Durham Constabulary,Durham Constabulary,-1.357552,54.834890,On or near The Avenue,E01020747,County Durham 018B,Violence and sexual offences,Unable to prosecute suspect,
e62f9b77009305a339fa398b2cddf6ac136f9e11fbf6ddd5fa5587c97b22e786,2021-05,Durham Constabulary,Durham Constabulary,-1.356277,54.836708,On or near Portland Avenue,E01020747,County Durham 018B,Violence and sexual offences,Unable to prosecute suspect,
d5113889242cb6d32272b6d60b8ee4d4e9798ecc671ab08f8d995b967989640d,2021-05,Durham Constabulary,Durham Constabulary,-1.362169,54.834294,On or near Ryton Crescent,E01020747,County Durham 018B,Violence and sexual offences,Unable to prosecute suspect,
356891fd6cdf844f31b2bef7e97a4389fcdef484f0a637a9abf79aa6ccc96fc7,2021-05,Durham Constabulary,Durham Constabulary,-1.362389,54.836156,On or near Eastlea Crescent,E01020748,County Durham 018C,Criminal damage and arson,Investigation complete; no suspect identified,
9c0de08773fe5cb0c0d6a0ffb66032b843d9b8c1fa3410c6bc61ab4aa2c5875e,2021-05,Durham Constabulary,Durham Constabulary,-1.365973,54.833955,On or near Sports/Recreation Area,E01020748,County Durham 018C,Public order,Unable to prosecute suspect,
416d4312f58d2f65687d5f0356ba728a136f903e1fe08612cf19b634cb92c16f,2021-05,Durham Constabulary,Durham Constabulary,-1.365759,54.835733,On or near Ellesmere Drive,E01020748,County Durham 018C,Public order,Investigation complete; no suspect identified,
dac5c3ce8b43cb007ad166747bda77bc86ef69e0bb2c98aafa6d625fe71b14ea,2021-05,Durham Constabulary,Durham Constabulary,-1.366843,54.835074,On or near Westlea Road,E01020748,County Durham 018C,Public order,Unable to prosecute suspect,
82820d7ea0d7fd5672686bb374ebf6045aea98f80a425f3597ef080015d00061,2021-05,Durham Constabulary,Durham Constabulary,-1.365241,54.834958,On or near Eastdene Road,E01020748,County Durham 018C,Vehicle crime,Court result unavailable,
1baf56b78c90d7c8d6b33d3f90c158fc9f0017c7845148223ad53b1723f3e054,2021-05,Durham Constabulary,Durham Constabulary,-1.365241,54.834958,On or near Eastdene Road,E01020748,County Durham 018C,Violence and sexual offences,Unable to prosecute suspect,
e04452c2113f0c9b92b72b855c8858a7c3f62b372a79d170b09bd986bc02668c,2021-05,Durham Constabulary,Durham Constabulary,-1.362389,54.836156,On or near Eastlea Crescent,E01020748,County Durham 018C,Violence and sexual offences,Unable to prosecute suspect,
d29460948778b2804c53d4d8af7bd50558f3256c6c18065b77e3775429b83677,2021-05,Durham Constabulary,Durham Constabulary,-1.365241,54.834958,On or near Eastdene Road,E01020748,County Durham 018C,Violence and sexual offences,Unable to prosecute suspect,
9e97aa620b29ed295ecbf67e83f6d214879f2809ccbde3aa8517d07619ff811d,2021-05,Durham Constabulary,Durham Constabulary,-1.365241,54.834958,On or near Eastdene Road,E01020748,County Durham 018C,Violence and sexual offences,Unable to prosecute suspect,
6617033ce57e0d7cd51d931674540d5eb332d8b1b4562f630f27d502d487c90b,2021-05,Durham Constabulary,Durham Constabulary,-1.365241,54.834958,On or near Eastdene Road,E01020748,County Durham 018C,Violence and sexual offences,Investigation complete; no suspect identified,
d9da55a0954281753585b803d010b059354747e5831de5b2ed72c3d51bca041e,2021-05,Durham Constabulary,Durham Constabulary,-1.366032,54.837190,On or near Ennerdale Close,E01020748,County Durham 018C,Violence and sexual offences,Action to be taken by another organisation,
b9c722fac13f0d8c2489031bceb4108cb67584510248d2cd3cc6198ca9d9aebe,2021-05,Durham Constabulary,Durham Constabulary,-1.365241,54.834958,On or near Eastdene Road,E01020748,County Durham 018C,Violence and sexual offences,Investigation complete; no suspect identified,
41730a0781e649d30783643aa1dcf61e6a20e94fb27c0190ae2f2724555cec0a,2021-05,Durham Constabulary,Durham Constabulary,-1.365759,54.835733,On or near Ellesmere Drive,E01020748,County Durham 018C,Other crime,Unable to prosecute suspect,
,2021-05,Durham Constabulary,Durham Constabulary,-1.355469,54.832731,On or near Hexham Avenue,E01020749,County Durham 018D,Anti-social behaviour,,
,2021-05,Durham Constabulary,Durham Constabulary,-1.351345,54.834561,On or near Laurel Avenue,E01020749,County Durham 018D,Anti-social behaviour,,
,2021-05,Durham Constabulary,Durham Constabulary,-1.351345,54.834561,On or near Laurel Avenue,E01020749,County Durham 018D,Anti-social behaviour,,
,2021-05,Durham Constabulary,Durham Constabulary,-1.351345,54.834561,On or near Laurel Avenue,E01020749,County Durham 018D,Anti-social behaviour,,
,2021-05,Durham Constabulary,Durham Constabulary,-1.351345,54.834561,On or near Laurel Avenue,E01020749,County Durham 018D,Anti-social behaviour,,
eddf4d8025862d7ba502aca36efdc0c12bb06c3b3ec1c8cc07e28968d94fba55,2021-05,Durham Constabulary,Durham Constabulary,-1.349162,54.837676,On or near Police Station,E01020749,County Durham 018D,Burglary,Investigation complete; no suspect identified,
425d290d532efbd164c7fe5848c71cfbeea156dc2153171f748b1b2e20c890ad,2021-05,Durham Constabulary,Durham Constabulary,-1.351345,54.834561,On or near Laurel Avenue,E01020749,County Durham 018D,Criminal damage and arson,Unable to prosecute suspect,
19209f6eaa7ff64a698505a0189beedff5a9bb7cd1eed7be9abbbf4fe303e6d5,2021-05,Durham Constabulary,Durham Constabulary,-1.355469,54.832731,On or near Hexham Avenue,E01020749,County Durham 018D,Criminal damage and arson,Investigation complete; no suspect identified,
3f60bb3778b3ab482816a4ce8703161895524433d5d5081d217e627a9e027249,2021-05,Durham Constabulary,Durham Constabulary,-1.348582,54.835993,On or near Pedestrian Subway,E01020749,County Durham 018D,Drugs,Further action is not in the public interest,
d58ca762b5d24cbe47250bc9ba6262e9cb77f8590bc3b6245d18a93094b5d1d6,2021-05,Durham Constabulary,Durham Constabulary,-1.351345,54.834561,On or near Laurel Avenue,E01020749,County Durham 018D,Violence and sexual offences,Investigation complete; no suspect identified,
1574f7865b6c00386171261edc71b58d0adbe2a553f0031198e684691fe05783,2021-05,Durham Constabulary,Durham Constabulary,-1.355469,54.832731,On or near Hexham Avenue,E01020749,County Durham 018D,Violence and sexual offences,Unable to prosecute suspect,
180836b373be3b1fa34890305a5128330a1e3abca071d97c3e44bb38dcaeb4c8,2021-05,Durham Constabulary,Durham Constabulary,-1.355469,54.832731,On or near Hexham Avenue,E01020749,County Durham 018D,Violence and sexual offences,Unable to prosecute suspect,
,2021-05,Durham Constabulary,Durham Constabulary,-1.383438,54.820853,On or near Treen Crescent,E01020773,County Durham 018E,Anti-social behaviour,,
,2021-05,Durham Constabulary,Durham Constabulary,-1.367706,54.824690,On or near B1285,E01020773,County Durham 018E,Anti-social behaviour,,
614fe728fa1909fb4341ab3a25a5661cc2c92052f03f8ed7c453ea38a7649787,2021-05,Durham Constabulary,Durham Constabulary,-1.375794,54.822027,On or near Sea View Walk,E01020773,County Durham 018E,Burglary,Investigation complete; no suspect identified,
63a1be5eb1428337107476896b20268044b58537da2c687b0249866974ee4438,2021-05,Durham Constabulary,Durham Constabulary,-1.384710,54.821138,On or near Penzance Bungs,E01020773,County Durham 018E,Criminal damage and arson,Investigation complete; no suspect identified,
4e37805e1bba4666027734381538d38689b53747951e34cdf195263613372fcf,2021-05,Durham Constabulary,Durham Constabulary,-1.384710,54.821138,On or near Penzance Bungs,E01020773,County Durham 018E,Criminal damage and arson,Investigation complete; no suspect identified,
41faaeb28e1ecf165d6dd1df120e85cdd7b1cb4c6d120d57ef9ab17d73ad3164,2021-05,Durham Constabulary,Durham Constabulary,-1.367706,54.824690,On or near B1285,E01020773,County Durham 018E,Vehicle crime,Investigation complete; no suspect identified,
ae7928a33b349175d51e0c15fd6c7f76df1645e812f6a51f2a00a6536372d3cf,2021-05,Durham Constabulary,Durham Constabulary,-1.375794,54.822027,On or near Sea View Walk,E01020773,County Durham 018E,Vehicle crime,Investigation complete; no suspect identified,
8eca14a96c3840df0d20b2d647b76dc611ad5fd1852bfa6a0e77c1d4d4b59c13,2021-05,Durham Constabulary,Durham Constabulary,-1.367628,54.826675,On or near Overdene,E01020773,County Durham 018E,Vehicle crime,Investigation complete; no suspect identified,
82eccbbd7d911f1ed66fa8f4d45fcf0b56bc49e64d33edc3d5865f310bf7562f,2021-05,Durham Constabulary,Durham Constabulary,-1.384710,54.821138,On or near Penzance Bungs,E01020773,County Durham 018E,Violence and sexual offences,Unable to prosecute suspect,
9a951a06d8ff3278c5b7ffbd7c80639f445fe2d5c570b2266d3c2574090a382b,2021-05,Durham Constabulary,Durham Constabulary,-1.386146,54.821882,On or near Mann Crescent,E01020773,County Durham 018E,Violence and sexual offences,Unable to prosecute suspect,
09b39af325210d002763d8a95b41ad28e43c725afa6f7c890edbe96830723bf1,2021-05,Durham Constabulary,Durham Constabulary,-1.386146,54.821882,On or near Mann Crescent,E01020773,County Durham 018E,Violence and sexual offences,Unable to prosecute suspect,
c08faf09e8f853c2a70cd3b1efae93eed8138496d786d489ff4f9e3d2a0c61f7,2021-05,Durham Constabulary,Durham Constabulary,-1.386146,54.821882,On or near Mann Crescent,E01020773,County Durham 018E,Violence and sexual offences,Court result unavailable,
cf1e6dbe988bd58525842c05b5b6e7d7144792f7f4554b9451d848b0913e480c,2021-05,Durham Constabulary,Durham Constabulary,-1.383438,54.820853,On or near Treen Crescent,E01020773,County Durham 018E,Violence and sexual offences,Status update unavailable,
76a393dff4f27fa9fc497a91b320cf262f15df8f54c9e5a33c06fc2c1c800d6c,2021-05,Durham Constabulary,Durham Constabulary,-1.382779,54.822260,On or near Truro Avenue,E01020773,County Durham 018E,Violence and sexual offences,Unable to prosecute suspect,
b5166982dcbc4210f87a0f1aad9a39953001440e871475825a8479bebaec0f4c,2021-05,Durham Constabulary,Durham Constabulary,-1.382779,54.822260,On or near Truro Avenue,E01020773,County Durham 018E,Violence and sexual offences,Unable to prosecute suspect,
,2021-05,Durham Constabulary,Durham Constabulary,-1.400124,54.820729,On or near Stephens Road,E01020775,County Durham 018F,Anti-social behaviour,,
,2021-05,Durham Constabulary,Durham Constabulary,-1.400124,54.820729,On or near Stephens Road,E01020775,County Durham 018F,Anti-social behaviour,,
,2021-05,Durham Constabulary,Durham Constabulary,-1.390483,54.819118,On or near Barnes Road,E01020775,County Durham 018F,Anti-social behaviour,,
,2021-05,Durham Constabulary,Durham Constabulary,-1.400124,54.820729,On or near Stephens Road,E01020775,County Durham 018F,Anti-social behaviour,,
1be8b8d245e3d76a5d7a3edad924bc19ccca4520af038c7c7a36c9479e25b35f,2021-05,Durham Constabulary,Durham Constabulary,-1.400124,54.820729,On or near Stephens Road,E01020775,County Durham 018F,Bicycle theft,Investigation complete; no suspect identified,
03f1a03ad85a1d19d79eff9d106d454f9c55af007005d35f6603916cbbdbdac9,2021-05,Durham Constabulary,Durham Constabulary,-1.390304,54.821741,On or near Burnip Road,E01020775,County Durham 018F,Burglary,Investigation complete; no suspect identified,
62ca0b2b2e6851f91950b4e035a2b344f94de0c105aff3dbeb40fd167a71b307,2021-05,Durham Constabulary,Durham Constabulary,-1.393649,54.819727,On or near Lansbury Drive,E01020775,County Durham 018F,Criminal damage and arson,Unable to prosecute suspect,
5c8ef509f06fe3b8f0af8f597b6dd09caf22afbb771905e7f9356c1e02ecf590,2021-05,Durham Constabulary,Durham Constabulary,-1.394374,54.820171,On or near Hill Crescent,E01020775,County Durham 018F,Criminal damage and arson,Unable to prosecute suspect,
4768f1d64f28394da94963a7d1410ab22fb3cd63dd233324e42f6e7c8cbc6692,2021-05,Durham Constabulary,Durham Constabulary,-1.394374,54.820171,On or near Hill Crescent,E01020775,County Durham 018F,Drugs,Offender given a caution,
c5e9b4623b28df44bff59da83cc0c203d85cca11ba58cbe229f0ddebafaf23da,2021-05,Durham Constabulary,Durham Constabulary,-1.394374,54.820171,On or near Hill Crescent,E01020775,County Durham 018F,Drugs,Offender given a caution,
4669f196694cec765556f9527ccd02e4ae5f6fb1315b54d2ab836858545e7a71,2021-05,Durham Constabulary,Durham Constabulary,-1.390483,54.819118,On or near Barnes Road,E01020775,County Durham 018F,Other theft,Investigation complete; no suspect identified,
b6605d4bd7c11d3258bd49252026975cdd1fa0d3593b47cb4935281c51f0a9f0,2021-05,Durham Constabulary,Durham Constabulary,-1.400124,54.820729,On or near Stephens Road,E01020775,County Durham 018F,Public order,Court result unavailable,
5aaedd878e670741bf9e1da0c0b0c2474c43d88083c6a27b21f4f7da01e17816,2021-05,Durham Constabulary,Durham Constabulary,-1.392424,54.820439,On or near Webb Avenue,E01020775,County Durham 018F,Public order,Unable to prosecute suspect,
365dad675b190009c97c3a35a0f9b5fcc232eb7c6a4fa937a623caea5a2f7629,2021-05,Durham Constabulary,Durham Constabulary,-1.392424,54.820439,On or near Webb Avenue,E01020775,County Durham 018F,Vehicle crime,Investigation complete; no suspect identified,
dc115cfef8d1a332141a63195556d2dd8961d3d04f2151874f2e4ba8429363e5,2021-05,Durham Constabulary,Durham Constabulary,-1.400124,54.820729,On or near Stephens Road,E01020775,County Durham 018F,Violence and sexual offences,Unable to prosecute suspect,
2d4760caa102ab336f51d6b5687596cf7917c729b67c394af6752eb8ae6a0f68,2021-05,Durham Constabulary,Durham Constabulary,-1.397024,54.819887,On or near Wetherburn Avenue,E01020775,County Durham 018F,Violence and sexual offences,Unable to prosecute suspect,
d69c470485814e918a4b1b6b7a1875604dfa9fb00df2614a125482265824833e,2021-05,Durham Constabulary,Durham Constabulary,-1.394374,54.820171,On or near Hill Crescent,E01020775,County Durham 018F,Violence and sexual offences,Unable to prosecute suspect,
a0e47c5b368d64ba2d8bd16294de794a273592a7e97ca2bb0d5c7cb4971be95b,2021-05,Durham Constabulary,Durham Constabulary,-1.397024,54.819887,On or near Wetherburn Avenue,E01020775,County Durham 018F,Violence and sexual offences,Unable to prosecute suspect,
b4edf8b33e282640e90ef8fa7cbb55ee0fcb7b0586bb71c05c98c76f4d2c98c8,2021-05,Durham Constabulary,Durham Constabulary,-1.397024,54.819887,On or near Wetherburn Avenue,E01020775,County Durham 018F,Violence and sexual offences,Unable to prosecute suspect,
de72078c75ee624c22cb5185fa1cbb09df60fc128fefdf2ecf5848270bc13197,2021-05,Durham Constabulary,Durham Constabulary,-1.392424,54.820439,On or near Webb Avenue,E01020775,County Durham 018F,Violence and sexual offences,Unable to prosecute suspect,
cde1757d6af6c7d8c2a9d126ef627bd6da1fa17b6bad7ea6f62a9b21ec1d86bf,2021-05,Durham Constabulary,Durham Constabulary,-1.400124,54.820729,On or near Stephens Road,E01020775,County Durham 018F,Violence and sexual offences,Court result unavailable,
666a29ed68d2613c7f0423f584ad084dcace13fc949e2fc1d42487dc730641b6,2021-05,Durham Constabulary,Durham Constabulary,-1.400124,54.820729,On or near Stephens Road,E01020775,County Durham 018F,Violence and sexual offences,Unable to prosecute suspect,
,2021-05,Durham Constabulary,Durham Constabulary,-1.632905,54.835747,On or near Stobart Street,E01020604,County Durham 019A,Anti-social behaviour,,
,2021-05,Durham Constabulary,Durham Constabulary,-1.609007,54.845387,On or near Olive Street,E01020604,County Durham 019A,Anti-social behaviour,,
,2021-05,Durham Constabulary,Durham Constabulary,-1.595503,54.842503,On or near Lilburn Close,E01020604,County Durham 019A,Anti-social behaviour,,
,2021-05,Durham Constabulary,Durham Constabulary,-1.609007,54.845387,On or near Olive Street,E01020604,County Durham 019A,Anti-social behaviour,,
,2021-05,Durham Constabulary,Durham Constabulary,-1.609007,54.845387,On or near Olive Street,E01020604,County Durham 019A,Anti-social behaviour,,
,2021-05,Durham Constabulary,Durham Constabulary,-1.609007,54.845387,On or near Olive Street,E01020604,County Durham 019A,Anti-social behaviour,,
,2021-05,Durham Constabulary,Durham Constabulary,-1.594248,54.841959,On or near Hawkhill Close,E01020604,County Durham 019A,Anti-social behaviour,,
f4fef93f7f1568620f382495732513648685d821a9f592c7cf8b10e5c8531d79,2021-05,Durham Constabulary,Durham Constabulary,-1.582313,54.839645,On or near The Dene,E01020604,County Durham 019A,Burglary,Investigation complete; no suspect identified,
25d4d279070f32e011ec3c0249bfe42e3b5f3ca304b49998ed79bb68e5d711a3,2021-05,Durham Constabulary,Durham Constabulary,-1.582313,54.839645,On or near The Dene,E01020604,County Durham 019A,Burglary,Investigation complete; no suspect identified,
ce81e463eeb37c708969b9408ba3cf42c0e9f786dff250c6fa1dfe929a87572e,2021-05,Durham Constabulary,Durham Constabulary,-1.608337,54.845447,On or near Cedar Street,E01020604,County Durham 019A,Criminal damage and arson,Unable to prosecute suspect,
10061ac07c88c39b693f9fc384eecd1f053b45c1d6f416151a477b04303d5440,2021-05,Durham Constabulary,Durham Constabulary,-1.586804,54.835877,On or near Sports/Recreation Area,E01020604,County Durham 019A,Other theft,Investigation complete; no suspect identified,
35ce1630be89c5f59f8e2e31fd16fae992d2f3b6cc155a9e9a34d9ebec2b047b,2021-05,Durham Constabulary,Durham Constabulary,-1.590739,54.842424,On or near Bewick Close,E01020604,County Durham 019A,Public order,Unable to prosecute suspect,
5c66bff1f444274abfed7f80b636550f673de8cc0bf39ac876da4761249a46e4,2021-05,Durham Constabulary,Durham Constabulary,-1.590739,54.842424,On or near Bewick Close,E01020604,County Durham 019A,Public order,Investigation complete; no suspect identified,
ec3f53b1ae9baca564ebc1ee067d58b19db02a958a8c32e1ec6f4194517554d1,2021-05,Durham Constabulary,Durham Constabulary,-1.592132,54.837091,On or near The Crescent,E01020604,County Durham 019A,Violence and sexual offences,Status update unavailable,
6dfab49e3ef1172e1c20446d99cac889b8b95397c265ebfb18372beecff39ac9,2021-05,Durham Constabulary,Durham Constabulary,-1.633635,54.835992,On or near Tyzack Street,E01020604,County Durham 019A,Violence and sexual offences,Unable to prosecute suspect,
5fc2e40bbdbc7480afec3f77460d3b4e16e24ffd63c45f5711a85f4b68d9849e,2021-05,Durham Constabulary,Durham Constabulary,-1.592132,54.837091,On or near The Crescent,E01020604,County Durham 019A,Violence and sexual offences,Status update unavailable,
,2021-05,Durham Constabulary,Durham Constabulary,-1.599331,54.822368,On or near Tanmeads,E01020607,County Durham 019B,Anti-social behaviour,,
8b8f440dda703908dc6dfc9ea15ffb0726104c0be5c840104caed09809681a15,2021-05,Durham Constabulary,Durham Constabulary,-1.602249,54.823222,On or near Hillmeads,E01020607,County Durham 019B,Drugs,Offender given a caution,
f7722eb0c60a9bcfaa72dd43b260369ac2b5011744d5c03ef9608d34b20bd622,2021-05,Durham Constabulary,Durham Constabulary,-1.593639,54.826590,On or near Darley Court,E01020607,County Durham 019B,Other theft,Unable to prosecute suspect,
4a3da9762a0eb7a18b31d39994b8e60080a4b54632c48934f068c4ad1141a01d,2021-05,Durham Constabulary,Durham Constabulary,-1.602249,54.823222,On or near Hillmeads,E01020607,County Durham 019B,Other theft,Investigation complete; no suspect identified,
471fc356aefb46d58bfb27b4659768e52e76953f036c02b522e4dc2bfae08763,2021-05,Durham Constabulary,Durham Constabulary,-1.593880,54.825818,On or near A167,E01020607,County Durham 019B,Public order,Investigation complete; no suspect identified,
25cedb1400c9e53a7dbdc37d6596a9b14f92eba8db6489a1d8917a5ed0c0901c,2021-05,Durham Constabulary,Durham Constabulary,-1.593639,54.826590,On or near Darley Court,E01020607,County Durham 019B,Public order,Court result unavailable,
b90a3a2f81b1c328db52aef13d8a75b2ad815cf11fce385a9ec78c3d6591e0e8,2021-05,Durham Constabulary,Durham Constabulary,-1.593639,54.826590,On or near Darley Court,E01020607,County Durham 019B,Public order,Court result unavailable,
5ea5cdf251375866b44252089573382506328cf1426f82cdcee5efcdc3997dc9,2021-05,Durham Constabulary,Durham Constabulary,-1.593639,54.826590,On or near Darley Court,E01020607,County Durham 019B,Theft from the person,Local resolution,
09312ab1a0a5f233eca5102b42c036806c10ccbfdb55a2af21c723cbf1190e9f,2021-05,Durham Constabulary,Durham Constabulary,-1.599331,54.822368,On or near Tanmeads,E01020607,County Durham 019B,Theft from the person,Investigation complete; no suspect identified,
4db353aba541a1262b67ccf94690c24b3ca65980f1eac261124dd1d60c2e9f92,2021-05,Durham Constabulary,Durham Constabulary,-1.593639,54.826590,On or near Darley Court,E01020607,County Durham 019B,Vehicle crime,Investigation complete; no suspect identified,
e07bacf3f6111422dc843f4773e1181be11b1b696769048afa38c0aa2e57c77a,2021-05,Durham Constabulary,Durham Constabulary,-1.593639,54.826590,On or near Darley Court,E01020607,County Durham 019B,Vehicle crime,Unable to prosecute suspect,
b0fe3f2c3baffc65928bbea3197e6b4af6bd33231e09b6b38b874d02a701a2b0,2021-05,Durham Constabulary,Durham Constabulary,-1.604855,54.824084,On or near B6312,E01020607,County Durham 019B,Vehicle crime,Court result unavailable,
6ac1bcd54657c7f043d3e43c546064e70b6ca27d3b06b9a275c97e42c94dc6bb,2021-05,Durham Constabulary,Durham Constabulary,-1.593639,54.826590,On or near Darley Court,E01020607,County Durham 019B,Vehicle crime,Court result unavailable,
b91d0717bc201d3f50fe9eef869aa0af3f45212ea238c16fa79f59d56ce9f392,2021-05,Durham Constabulary,Durham Constabulary,-1.593639,54.826590,On or near Darley Court,E01020607,County Durham 019B,Violence and sexual offences,Unable to prosecute suspect,
81888890f57591d234aefcfd4ea6aa6d6ea63b8cca9f49d07529e37bc4fd293b,2021-05,Durham Constabulary,Durham Constabulary,-1.593639,54.826590,On or near Darley Court,E01020607,County Durham 019B,Violence and sexual offences,Local resolution,
da93d496486fb564d0dfdeeeb13d393b2cebb7daf09d66162ecf811416b428a4,2021-05,Durham Constabulary,Durham Constabulary,-1.628902,54.827404,On or near Westhills Close,E01020607,County Durham 019B,Violence and sexual offences,Court result unavailable,
fb45c934b290c6ae0d3842f1011e50d7e7327d8a859246e95a7d48ac282f47bb,2021-05,Durham Constabulary,Durham Constabulary,-1.593639,54.826590,On or near Darley Court,E01020607,County Durham 019B,Violence and sexual offences,Court result unavailable,
bb8358454906a14463eda40ad7fac4d2f2464bc9dc332ccdeeb0c7b887b01149,2021-05,Durham Constabulary,Durham Constabulary,-1.602249,54.823222,On or near Hillmeads,E01020607,County Durham 019B,Violence and sexual offences,Unable to prosecute suspect,
7924b960047fd2e3c1d91159c5782f9d94ac3d554a1d63ff682267420ec3c60f,2021-05,Durham Constabulary,Durham Constabulary,-1.601811,54.825009,On or near Ugly Lane,E01020607,County Durham 019B,Violence and sexual offences,Unable to prosecute suspect,
4048ae95ecbfddc1f78cdb2a44c109ceb33edc6d79c9b8963fe5338e1568ecc4,2021-05,Durham Constabulary,Durham Constabulary,-1.602249,54.823222,On or near Hillmeads,E01020607,County Durham 019B,Violence and sexual offences,Local resolution,
13e271fd989bcce400d14cd4aeccb3349ada8248ddc1d0c3dc030d8e500309b8,2021-05,Durham Constabulary,Durham Constabulary,-1.593639,54.826590,On or near Darley Court,E01020607,County Durham 019B,Violence and sexual offences,Unable to prosecute suspect,
6237e97189e9b0b4be5371854752982c8e4d75fb3d5a7529131c2ff97c2084d3,2021-05,Durham Constabulary,Durham Constabulary,-1.593639,54.826590,On or near Darley Court,E01020607,County Durham 019B,Other crime,Court result unavailable,
621a8bf3397f037b9d664e4f2e1414f43929a7df1eb8a96024f61aa888b3b3db,2021-05,Durham Constabulary,Durham Constabulary,-1.593639,54.826590,On or near Darley Court,E01020607,County Durham 019B,Other crime,Court result unavailable,
,2021-05,Durham Constabulary,Durham Constabulary,-1.626752,54.817566,On or near Supermarket,E01020619,County Durham 019C,Anti-social behaviour,,
,2021-05,Durham Constabulary,Durham Constabulary,-1.624113,54.816785,On or near Fynway,E01020619,County Durham 019C,Anti-social behaviour,,
,2021-05,Durham Constabulary,Durham Constabulary,-1.629835,54.815689,On or near Witton Road,E01020619,County Durham 019C,Anti-social behaviour,,
,2021-05,Durham Constabulary,Durham Constabulary,-1.631767,54.822210,On or near Sports/Recreation Area,E01020619,County Durham 019C,Anti-social behaviour,,
,2021-05,Durham Constabulary,Durham Constabulary,-1.629835,54.815689,On or near Witton Road,E01020619,County Durham 019C,Anti-social behaviour,,
870829ec190e855edc3952c26fa97d960338f1329205100dd2ad81aed2354508,2021-05,Durham Constabulary,Durham Constabulary,-1.631767,54.822210,On or near Sports/Recreation Area,E01020619,County Durham 019C,Criminal damage and arson,Court result unavailable,
0ae0951efe14c072ea92df33b29e6f447bd13069153b3398a59892dc5e059a07,2021-05,Durham Constabulary,Durham Constabulary,-1.620537,54.814869,On or near Eastwood,E01020619,County Durham 019C,Drugs,Status update unavailable,
59fa59a5451ccc15538ae3faefdee90bf25be7cdad7b57102461e761c3ef644f,2021-05,Durham Constabulary,Durham Constabulary,-1.626952,54.817747,On or near Parking Area,E01020619,County Durham 019C,Other theft,Investigation complete; no suspect identified,
654f47941e2ae19504956732a7dc4cf8fc39092b76306e3171e1468061af7aaa,2021-05,Durham Constabulary,Durham Constabulary,-1.626752,54.817566,On or near Supermarket,E01020619,County Durham 019C,Other theft,Unable to prosecute suspect,
805cded6b37d821d9a4fc8e7e2a9b5729e1640ac7622897d6366dc9077da7a1c,2021-05,Durham Constabulary,Durham Constabulary,-1.626752,54.817566,On or near Supermarket,E01020619,County Durham 019C,Other theft,Unable to prosecute suspect,
b3b934394b3b3cc448ce67a3906c67f189f4770d9d1139a10c2fb16be4476e98,2021-05,Durham Constabulary,Durham Constabulary,-1.621302,54.814512,On or near Findon Hill,E01020619,County Durham 019C,Public order,Unable to prosecute suspect,
ca97204e60220a182923cf002daeb394a7a6edc4b1a157d46a1f0eb81f3db07b,2021-05,Durham Constabulary,Durham Constabulary,-1.626952,54.817747,On or near Parking Area,E01020619,County Durham 019C,Public order,Investigation complete; no suspect identified,
82322931349e768288598eeb0ba028fc19e3eaf1794313f9a8329c250ac2f367,2021-05,Durham Constabulary,Durham Constabulary,-1.620537,54.814869,On or near Eastwood,E01020619,County Durham 019C,Vehicle crime,Unable to prosecute suspect,
3c5d5fe3a2b973ecf703afb5df065de41fcec882342a40bc2c5030f0de71dfd0,2021-05,Durham Constabulary,Durham Constabulary,-1.624912,54.816294,On or near Durham Road,E01020619,County Durham 019C,Violence and sexual offences,Unable to prosecute suspect,
1f90be9dad30985b53d662e1c65d17c315854511208ff6da8227bac6824b1cb2,2021-05,Durham Constabulary,Durham Constabulary,-1.624778,54.818989,On or near John Street,E01020619,County Durham 019C,Violence and sexual offences,Investigation complete; no suspect identified,
3395a98cea5e9d9413de1b1625dfd4d4f55368cf6458a2ace9ff846ae9a1dc0c,2021-05,Durham Constabulary,Durham Constabulary,-1.626752,54.817566,On or near Supermarket,E01020619,County Durham 019C,Violence and sexual offences,Unable to prosecute suspect,
adf4994121e20f2698cc1093004070b25867750e7f3e9e239826d2731784a3da,2021-05,Durham Constabulary,Durham Constabulary,-1.626752,54.817566,On or near Supermarket,E01020619,County Durham 019C,Violence and sexual offences,Unable to prosecute suspect,
0271d4ada63b9b5b7bb62f7a51c31792d1aefb204fc453565edbe9e5f2d04c72,2021-05,Durham Constabulary,Durham Constabulary,-1.621302,54.814512,On or near Findon Hill,E01020619,County Durham 019C,Violence and sexual offences,Unable to prosecute suspect,
488878fb52dd1ef7b5988c6939faf7ac9d960267fe7486497193e2ec624a8027,2021-05,Durham Constabulary,Durham Constabulary,-1.624778,54.818989,On or near John Street,E01020619,County Durham 019C,Violence and sexual offences,Investigation complete; no suspect identified,
6817b612f459b2f2ede843608ba091685ade6832608356962c0b67ec1e9e3648,2021-05,Durham Constabulary,Durham Constabulary,-1.632270,54.821717,On or near Coniston Drive,E01020619,County Durham 019C,Violence and sexual offences,Unable to prosecute suspect,
d0ff9080df5b64f6887ab1f6662d2a98c8ca9c5477f100fc1da769b5681ae74b,2021-05,Durham Constabulary,Durham Constabulary,-1.620537,54.814869,On or near Eastwood,E01020619,County Durham 019C,Violence and sexual offences,Unable to prosecute suspect,
afdc8c26169831be1f47f44935cc4378ff1b78fc14f9e5e411b7e4a68974a9f6,2021-05,Durham Constabulary,Durham Constabulary,-1.621302,54.814512,On or near Findon Hill,E01020619,County Durham 019C,Violence and sexual offences,Investigation complete; no suspect identified,
,2021-05,Durham Constabulary,Durham Constabulary,-1.630808,54.831804,On or near Bruce Street,E01020620,County Durham 019D,Anti-social behaviour,,
,2021-05,Durham Constabulary,Durham Constabulary,-1.632650,54.822680,On or near Acorn Close,E01020620,County Durham 019D,Anti-social behaviour,,
,2021-05,Durham Constabulary,Durham Constabulary,-1.629624,54.828548,On or near Edmondsley Lane,E01020620,County Durham 019D,Anti-social behaviour,,
,2021-05,Durham Constabulary,Durham Constabulary,-1.625136,54.824041,On or near Deneside,E01020620,County Durham 019D,Anti-social behaviour,,
,2021-05,Durham Constabulary,Durham Constabulary,-1.630808,54.831804,On or near Bruce Street,E01020620,County Durham 019D,Anti-social behaviour,,
0e3aa9b29bf89a951cf672b5a668f5e0707e3921b8bb11b18013b3909de8a57c,2021-05,Durham Constabulary,Durham Constabulary,-1.623826,54.824252,On or near Cross Lane,E01020620,County Durham 019D,Criminal damage and arson,Unable to prosecute suspect,
6052a0f01adc251abcc3dbf5e94cf7c502b1a130d55606d7f263b00e5f74e3bf,2021-05,Durham Constabulary,Durham Constabulary,-1.629624,54.828548,On or near Edmondsley Lane,E01020620,County Durham 019D,Other theft,Investigation complete; no suspect identified,
b551983643ae5c20e399e3b4970cbae9cf3d5dbce61a38ae737e1ba414f3ab7b,2021-05,Durham Constabulary,Durham Constabulary,-1.627386,54.819644,On or near Victoria Street,E01020620,County Durham 019D,Shoplifting,Unable to prosecute suspect,
ad6d1201f6727be4def764e9bb3c632ba3a6eaffe6235da77dedc62d0120c9ba,2021-05,Durham Constabulary,Durham Constabulary,-1.627386,54.819644,On or near Victoria Street,E01020620,County Durham 019D,Violence and sexual offences,Unable to prosecute suspect,
518208f24216f023ced795159e1e3190b84736a297c06355855e173c32a830fd,2021-05,Durham Constabulary,Durham Constabulary,-1.632585,54.822958,On or near Charlaw Close,E01020620,County Durham 019D,Violence and sexual offences,Unable to prosecute suspect,
56f7698f8abc0122aaf2e72c8ff3a1e3f92bfb4dad7dc98d8cb61f64e3ab50bc,2021-05,Durham Constabulary,Durham Constabulary,-1.627386,54.819644,On or near Victoria Street,E01020620,County Durham 019D,Violence and sexual offences,Unable to prosecute suspect,
8b9228a5da50afcabcdaef8f12f21444f42cafc7840f6e1afd50843a777b7897,2021-05,Durham Constabulary,Durham Constabulary,-1.627386,54.819644,On or near Victoria Street,E01020620,County Durham 019D,Violence and sexual offences,Unable to prosecute suspect,
797e629e46ebc1ed36ee66ce7a6005d457932e611bbc7de61f0dc73be43e9eb3,2021-05,Durham Constabulary,Durham Constabulary,-1.625136,54.824041,On or near Deneside,E01020620,County Durham 019D,Violence and sexual offences,Investigation complete; no suspect identified,
f6481d4b9816f3d788e5452e3efee19e35dfab46a50ac58c1eac71682389e623,2021-05,Durham Constabulary,Durham Constabulary,-1.631487,54.818731,On or near Sports/Recreation Area,E01020620,County Durham 019D,Violence and sexual offences,Unable to prosecute suspect,
ee2f6aa5bf04ca000eeeb824056316a6a9aab26056ab85517d8dd7372b697df6,2021-05,Durham Constabulary,Durham Constabulary,-1.632585,54.822958,On or near Charlaw Close,E01020620,County Durham 019D,Violence and sexual offences,Offender given a caution,
ebc7d5a52b909731129bc4c18c61ac2ff8172cb313ff3a61097f3e6d68a4fb19,2021-05,Durham Constabulary,Durham Constabulary,-1.630286,54.825863,On or near Fordham Drive,E01020620,County Durham 019D,Violence and sexual offences,Unable to prosecute suspect,
83a709bcb4cb4d5049710215c7833d1f3a338112c58af4c76ca4e9ffb7225b86,2021-05,Durham Constabulary,Durham Constabulary,-1.627386,54.819644,On or near Victoria Street,E01020620,County Durham 019D,Violence and sexual offences,Unable to prosecute suspect,
7e526482ef121f0edebbe35e6d1a0dc77650f458cb171edec85360279a424bde,2021-05,Durham Constabulary,Durham Constabulary,-1.629624,54.828548,On or near Edmondsley Lane,E01020620,County Durham 019D,Violence and sexual offences,Status update unavailable,
8afa2c5447eaa14091e9c63781414e9af9a201cf07a2714eda1851fea0563b23,2021-05,Durham Constabulary,Durham Constabulary,-1.631487,54.818731,On or near Sports/Recreation Area,E01020620,County Durham 019D,Other crime,Unable to prosecute suspect,
,2021-05,Durham Constabulary,Durham Constabulary,-1.628475,54.821391,On or near Church Street,E01020621,County Durham 019E,Anti-social behaviour,,
,2021-05,Durham Constabulary,Durham Constabulary,-1.622794,54.816422,On or near Crossfield,E01020621,County Durham 019E,Anti-social behaviour,,
,2021-05,Durham Constabulary,Durham Constabulary,-1.622652,54.818336,On or near Holly Crescent,E01020621,County Durham 019E,Anti-social behaviour,,
861359e4834b07ae8394f9a8caa3ead4d34811cb939802ca9ae179de5df5754b,2021-05,Durham Constabulary,Durham Constabulary,-1.624151,54.821171,On or near Witton Avenue,E01020621,County Durham 019E,Criminal damage and arson,Unable to prosecute suspect,
b10273802bebf485a6bbd4d5711aaa50d0f2abd2c91639622db0ff30e6f89f9e,2021-05,Durham Constabulary,Durham Constabulary,-1.620011,54.817815,On or near Viola Crescent,E01020621,County Durham 019E,Criminal damage and arson,Investigation complete; no suspect identified,
6542e0f005331a6b53de4fee34d628be74a70c110606e855b40d9b7bb1be838c,2021-05,Durham Constabulary,Durham Constabulary,-1.621273,54.817702,On or near Lilac Avenue,E01020621,County Durham 019E,Drugs,Offender given a caution,
1ee33d625a332c7396bf2ca48e7b90fedfcd3d2d84c53856ee23147caf4b9019,2021-05,Durham Constabulary,Durham Constabulary,-1.624745,54.820858,On or near Findon Avenue,E01020621,County Durham 019E,Other theft,Investigation complete; no suspect identified,
43b720208cb1f5305ca94c412d19ab37f71cfce77eb9aaada93ffe7b6d34602f,2021-05,Durham Constabulary,Durham Constabulary,-1.625170,54.822037,On or near Morningside,E01020621,County Durham 019E,Other theft,Investigation complete; no suspect identified,
6ac0aeb2d5cc64aeb060cc5f2daa771a8e954e7285083f9cb36c6edc34928e0d,2021-05,Durham Constabulary,Durham Constabulary,-1.622794,54.816422,On or near Crossfield,E01020621,County Durham 019E,Public order,Investigation complete; no suspect identified,
a89808cd56012a86a4a8ce16917bf16b45b15da1b16f8925da1d7fb8bb978ffa,2021-05,Durham Constabulary,Durham Constabulary,-1.619838,54.819666,On or near Rose Crescent,E01020621,County Durham 019E,Violence and sexual offences,Unable to prosecute suspect,
76fdf2e0246bd47c85fcfd0ebeb569577520fb0194607ad26bd1fdd642d2b5a8,2021-05,Durham Constabulary,Durham Constabulary,-1.619838,54.819666,On or near Rose Crescent,E01020621,County Durham 019E,Violence and sexual offences,Local resolution,
a3d2e1954c626fd1787715f267520dada7cbfa98f1ec129f673d3c0cf8159974,2021-05,Durham Constabulary,Durham Constabulary,-1.628475,54.821391,On or near Church Street,E01020621,County Durham 019E,Violence and sexual offences,Action to be taken by another organisation,
2178a8d945f704861664ff87797f671a0378139242e726f2f1f9ab0295ba1d91,2021-05,Durham Constabulary,Durham Constabulary,-1.621506,54.819410,On or near Beechwood Close,E01020621,County Durham 019E,Violence and sexual offences,Unable to prosecute suspect,
e57962da7ff4e11adf95a0c12910c87af7004752498b45f5c780158aee31b93a,2021-05,Durham Constabulary,Durham Constabulary,-1.625170,54.822037,On or near Morningside,E01020621,County Durham 019E,Violence and sexual offences,Unable to prosecute suspect,
f913d923d593af75a5be55b3d2c4f38dda0b1cacbcb124266c94090d1739b54b,2021-05,Durham Constabulary,Durham Constabulary,-1.624151,54.821171,On or near Witton Avenue,E01020621,County Durham 019E,Violence and sexual offences,Unable to prosecute suspect,
622a3261466ec92dfa9687d4536f95d8589450eca227e9b41a5013a1e212628f,2021-05,Durham Constabulary,Durham Constabulary,-1.619838,54.819666,On or near Rose Crescent,E01020621,County Durham 019E,Violence and sexual offences,Unable to prosecute suspect,
a67e5d539ca320013da9ef07599724caf7effcabe4058cf7acc7be4113b965a9,2021-05,Durham Constabulary,Durham Constabulary,-1.628475,54.821391,On or near Church Street,E01020621,County Durham 019E,Violence and sexual offences,Unable to prosecute suspect,
838b8d8d6a2365d447aac9ae0c01c2fb81a5b72f5ae9f2f67d16ec2d596cdde2,2021-05,Durham Constabulary,Durham Constabulary,-1.622794,54.816422,On or near Crossfield,E01020621,County Durham 019E,Violence and sexual offences,Investigation complete; no suspect identified,
,2021-05,Durham Constabulary,Durham Constabulary,-1.708435,54.826336,On or near Langley Avenue,E01020633,County Durham 020A,Anti-social behaviour,,
,2021-05,Durham Constabulary,Durham Constabulary,-1.661360,54.836288,On or near Ash Tree Terrace,E01020633,County Durham 020A,Anti-social behaviour,,
d7908383615740b9a21cca3bdb682c09fe26ba84c82cfb8ce06ebece2c9b488e,2021-05,Durham Constabulary,Durham Constabulary,-1.661024,54.811322,On or near Park/Open Space,E01020633,County Durham 020A,Criminal damage and arson,Investigation complete; no suspect identified,
a637f4bd0554f6531c7f851a05a01306a4fdd9882c26f7982f0df227fa952b13,2021-05,Durham Constabulary,Durham Constabulary,-1.689437,54.833496,On or near Holmside Lane,E01020633,County Durham 020A,Possession of weapons,Unable to prosecute suspect,
f4e0d22ba588e16eec8c3abbe945d5a8cb4e1da5be1f7285b8fb84a06e85cd99,2021-05,Durham Constabulary,Durham Constabulary,-1.689437,54.833496,On or near Holmside Lane,E01020633,County Durham 020A,Possession of weapons,Court result unavailable,
2602f93353981b45b6c6a04433d549e1132e7419166838104d2153d4186bb73e,2021-05,Durham Constabulary,Durham Constabulary,-1.712084,54.825284,On or near The Haven,E01020633,County Durham 020A,Public order,Court result unavailable,
9e386bfeea851ee42c871b5d38f32427ff658cd74e6f2ea45466e600d1f29212,2021-05,Durham Constabulary,Durham Constabulary,-1.711321,54.827547,On or near Wright'S Court,E01020633,County Durham 020A,Public order,Court result unavailable,
5dab419f482de0d6362d87b64cf68ac9f174daa46e53259c4740548b15084b9c,2021-05,Durham Constabulary,Durham Constabulary,-1.711321,54.827547,On or near Wright'S Court,E01020633,County Durham 020A,Violence and sexual offences,Court result unavailable,
7dcc65b9e92e7c2d11f2e1009c40f610c43aa68ea3398987fb4ad35e8b23ffa3,2021-05,Durham Constabulary,Durham Constabulary,-1.661360,54.836288,On or near Ash Tree Terrace,E01020633,County Durham 020A,Violence and sexual offences,Unable to prosecute suspect,
5dd1b20052db21edb2583528cbdb8795da422ccba455f5849e66d6c320b23de7,2021-05,Durham Constabulary,Durham Constabulary,-1.710784,54.824230,On or near Braeside,E01020633,County Durham 020A,Violence and sexual offences,Unable to prosecute suspect,
2b9260c1dc8279a2476de3c89dfa8e8fb32c91710dcac5f7a267eb8da9150976,2021-05,Durham Constabulary,Durham Constabulary,-1.711362,54.826118,On or near The Gables,E01020633,County Durham 020A,Violence and sexual offences,Unable to prosecute suspect,
9b6f5df90974d443d8f2a96c70683fef233a6716ad491a13acd107a6151d5fe0,2021-05,Durham Constabulary,Durham Constabulary,-1.705698,54.825943,On or near Meadowfield Road,E01020633,County Durham 020A,Violence and sexual offences,Unable to prosecute suspect,
78bb745a514561d11ffbe43c75171d328fb6f853fb3083ff076bedccccc4cdf4,2021-05,Durham Constabulary,Durham Constabulary,-1.710784,54.824230,On or near Braeside,E01020633,County Durham 020A,Violence and sexual offences,Unable to prosecute suspect,
7b61e82972e23d09c42ad18f666315125e98b25f0ca593dd2231c5a3f4844a80,2021-05,Durham Constabulary,Durham Constabulary,-1.705698,54.825943,On or near Meadowfield Road,E01020633,County Durham 020A,Violence and sexual offences,Unable to prosecute suspect,
5ee7448481c576e4f36e378b0f564e9879d694182f2aa294fd4aefc528bafa65,2021-05,Durham Constabulary,Durham Constabulary,-1.704366,54.831421,On or near Edwards Walk,E01020633,County Durham 020A,Violence and sexual offences,Investigation complete; no suspect identified,
fce586daf9c5f7555fe1c3fe3d2f53270a4139fe0991cbf6028aacc781da9162,2021-05,Durham Constabulary,Durham Constabulary,-1.709531,54.823220,On or near Beech Grove,E01020633,County Durham 020A,Violence and sexual offences,Unable to prosecute suspect,
8cb1990b8eaa0682578137b3bd988fe6063a8c44d3dfc17300e8ef01916cabce,2021-05,Durham Constabulary,Durham Constabulary,-1.711362,54.826118,On or near The Gables,E01020633,County Durham 020A,Other crime,Local resolution,
,2021-05,Durham Constabulary,Durham Constabulary,-1.742945,54.821022,On or near Station Road,E01020664,County Durham 020B,Anti-social behaviour,,
,2021-05,Durham Constabulary,Durham Constabulary,-1.742945,54.821022,On or near Station Road,E01020664,County Durham 020B,Anti-social behaviour,,
3487a76fbe7c3f0531bffb331ab18e98ada42a9b130afc3cac6da0d76f16ba91,2021-05,Durham Constabulary,Durham Constabulary,-1.859472,54.805828,On or near A68,E01020664,County Durham 020B,Burglary,Court result unavailable,
400c2811886f45ed1fd084a3df0a00cf3154e78e574589bfae3fc6a87f871a79,2021-05,Durham Constabulary,Durham Constabulary,-1.873407,54.797036,On or near Weatherleyhill Lane,E01020664,County Durham 020B,Criminal damage and arson,Investigation complete; no suspect identified,
d222c7f879caa95497410d81754d03e405e8267d4b7a13dbbf8244b55e46de4f,2021-05,Durham Constabulary,Durham Constabulary,-1.747356,54.822487,On or near Parking Area,E01020664,County Durham 020B,Criminal damage and arson,Investigation complete; no suspect identified,
77b4e4cd4bba29f5f892336831d154f140b84b5d5f951238662be85c8edc8448,2021-05,Durham Constabulary,Durham Constabulary,-1.859472,54.805828,On or near A68,E01020664,County Durham 020B,Other theft,Court result unavailable,
6321acdc27c5e57891cf1266d0863201c9591f7e6a3fecf5f19d7e3fca9d905e,2021-05,Durham Constabulary,Durham Constabulary,-1.745289,54.822033,On or near Lee Hill Court,E01020664,County Durham 020B,Other theft,Unable to prosecute suspect,
5d0d1d25a40be0e15bd6320c014477f7ea787264bed6013c876ae16d96b9080f,2021-05,Durham Constabulary,Durham Constabulary,-1.743918,54.819802,On or near Railway Street,E01020664,County Durham 020B,Public order,Further investigation is not in the public interest,
4dbdf35eedae07b43bbb54e54721d9eb7fd7e29e28725d50f07ceec676d7e3ba,2021-05,Durham Constabulary,Durham Constabulary,-1.745289,54.822033,On or near Lee Hill Court,E01020664,County Durham 020B,Violence and sexual offences,Investigation complete; no suspect identified,
37fce0b98beca5edf0a8ef328550c7f35e0c0061bbf972d1e93a6b27000e7f7f,2021-05,Durham Constabulary,Durham Constabulary,-1.732115,54.818321,On or near Sports/Recreation Area,E01020665,County Durham 020C,Burglary,Investigation complete; no suspect identified,
e0000a767a378259e03bc923273b4d412638625033222eb417ce9830989813bf,2021-05,Durham Constabulary,Durham Constabulary,-1.736481,54.821880,On or near Peth Bank,E01020665,County Durham 020C,Criminal damage and arson,Unable to prosecute suspect,
c950e8dda7ae6c16c1a43145f5dcb4d83bd41b9113d193480888d9f45d27c24d,2021-05,Durham Constabulary,Durham Constabulary,-1.741634,54.821666,On or near A691,E01020665,County Durham 020C,Criminal damage and arson,Investigation complete; no suspect identified,
f13a8a9d36a69b1e9cde0484d6d1d4021b3896ac31aea15b1a1490f058366abd,2021-05,Durham Constabulary,Durham Constabulary,-1.745390,54.825664,On or near Fenhall Park,E01020665,County Durham 020C,Shoplifting,Formal action is not in the public interest,
1db927cae707596187d4fa270f954f21ec4ce2a385d904ad9b4ab954a932313c,2021-05,Durham Constabulary,Durham Constabulary,-1.734932,54.818417,On or near Manor Grange,E01020665,County Durham 020C,Violence and sexual offences,Unable to prosecute suspect,
d626b45319d982d9dccde6f76ab44fe94fad3ceaf55e611bc6a0759a362e7c48,2021-05,Durham Constabulary,Durham Constabulary,-1.734537,54.816879,On or near Oakwood,E01020665,County Durham 020C,Violence and sexual offences,Unable to prosecute suspect,
59c0c15bf963241c02c0d8b998eb14dc43ea397dd39ee81d0990f01cbfa3e9b6,2021-05,Durham Constabulary,Durham Constabulary,-1.734537,54.816879,On or near Oakwood,E01020665,County Durham 020C,Violence and sexual offences,Unable to prosecute suspect,
6036d715b968916e9af149af37f1fe31c2a2587fd3b14840e3fa13f641b5dd01,2021-05,Durham Constabulary,Durham Constabulary,-1.734932,54.818417,On or near Manor Grange,E01020665,County Durham 020C,Violence and sexual offences,Unable to prosecute suspect,
,2021-05,Durham Constabulary,Durham Constabulary,-1.748916,54.821852,On or near Alderdene,E01020666,County Durham 020D,Anti-social behaviour,,
,2021-05,Durham Constabulary,Durham Constabulary,-1.398401,54.817288,On or near Gregson Terrace,E01020776,County Durham 021C,Anti-social behaviour,,
8930e77d4b1e58c35168170294bf07bf55d0e4677db4e80eb0caf1b830c733a3,2021-05,Durham Constabulary,Durham Constabulary,-1.393122,54.816453,On or near West Avenue,E01020776,County Durham 021C,Criminal damage and arson,Investigation complete; no suspect identified,
88b1821d05d3b895229d3fdb3b56c829b0592652d31eec57ab51f330bda0013f,2021-05,Durham Constabulary,Durham Constabulary,-1.396294,54.817673,On or near Park Lane,E01020776,County Durham 021C,Other theft,Investigation complete; no suspect identified,
a2d8873b3c289845c4f9d49f7af5be1cf1fa7aa944e06395a98306a23cd489b1,2021-05,Durham Constabulary,Durham Constabulary,-1.396294,54.817673,On or near Park Lane,E01020776,County Durham 021C,Public order,Unable to prosecute suspect,
1e06823cb3bb8da6b9c82fd32951d500215abb257507213a87391489d921badf,2021-05,Durham Constabulary,Durham Constabulary,-1.403441,54.817376,On or near Station Road,E01020776,County Durham 021C,Violence and sexual offences,Unable to prosecute suspect,
5655f4dd83739ece5be5ba68e26d3f9da496945ca4d7747fb2d5d54391b586e2,2021-05,Durham Constabulary,Durham Constabulary,-1.393122,54.816453,On or near West Avenue,E01020776,County Durham 021C,Violence and sexual offences,Further investigation is not in the public interest,
d4a604ff90987cea5e0382d8a7e6c1ee48c886cd748ce9a869744b2e68b52cce,2021-05,Durham Constabulary,Durham Constabulary,-1.393312,54.816274,On or near Church Lane,E01020776,County Durham 021C,Violence and sexual offences,Unable to prosecute suspect,
d1df98fcd0e27940632dd6026fffdb13acb08f1cc1338f43777c175038d588a3,2021-05,Durham Constabulary,Durham Constabulary,-1.393122,54.816453,On or near West Avenue,E01020776,County Durham 021C,Violence and sexual offences,Further investigation is not in the public interest,
cc53a662dd1d22b0c96869b356b3dfbab6a907627f7c5cde46f7355db9a9e15c,2021-05,Durham Constabulary,Durham Constabulary,-1.393122,54.816453,On or near West Avenue,E01020776,County Durham 021C,Violence and sexual offences,Unable to prosecute suspect,
,2021-05,Durham Constabulary,Durham Constabulary,-1.378615,54.815661,On or near B1285,E01033161,County Durham 021D,Anti-social behaviour,,
,2021-05,Durham Constabulary,Durham Constabulary,-1.363809,54.817121,On or near B1432,E01033161,County Durham 021D,Anti-social behaviour,,
,2021-05,Durham Constabulary,Durham Constabulary,-1.381728,54.813610,On or near Calstock Close,E01033161,County Durham 021D,Anti-social behaviour,,
,2021-05,Durham Constabulary,Durham Constabulary,-1.361734,54.813542,On or near B1432,E01033161,County Durham 021D,Anti-social behaviour,,
,2021-05,Durham Constabulary,Durham Constabulary,-1.378615,54.815661,On or near B1285,E01033161,County Durham 021D,Anti-social behaviour,,
,2021-05,Durham Constabulary,Durham Constabulary,-1.381728,54.813610,On or near Calstock Close,E01033161,County Durham 021D,Anti-social behaviour,,
0862a8bf203fb2a10df943d9e14be3ec79f0b6c5c55bbb4917da58672b4b6152,2021-05,Durham Constabulary,Durham Constabulary,-1.366103,54.815749,On or near A19,E01033161,County Durham 021D,Burglary,Investigation complete; no suspect identified,
e800871d0c2d89c48d13eeb25f17f6b8cffcb3c05cc019f6570bec37ef555c91,2021-05,Durham Constabulary,Durham Constabulary,-1.361734,54.813542,On or near B1432,E01033161,County Durham 021D,Drugs,Court result unavailable,
789feb21034223ac94b06a95c6aec42c736565e80150d92baf98aa0321abc0cc,2021-05,Durham Constabulary,Durham Constabulary,-1.361734,54.813542,On or near B1432,E01033161,County Durham 021D,Drugs,Local resolution,
bd10ae9e2297f3d41cc4c28f38492cb6b839f29783d4df38604a7a77fedbf6e6,2021-05,Durham Constabulary,Durham Constabulary,-1.363809,54.817121,On or near B1432,E01033161,County Durham 021D,Other theft,Investigation complete; no suspect identified,
12a9562e95bd982e6ba67d91b019339291a8287b425bd69bb1e77c9a71e45e96,2021-05,Durham Constabulary,Durham Constabulary,-1.383069,54.815486,On or near Church Street,E01033161,County Durham 021D,Other theft,Investigation complete; no suspect identified,
84f6563b0ba2eaaa95f21b0050e44a59442cb50e72e5a192813200fc0d2edc73,2021-05,Durham Constabulary,Durham Constabulary,-1.374338,54.814542,On or near Parking Area,E01033161,County Durham 021D,Other theft,Status update unavailable,
c627613f8874b8aeb8602fc8f1e5c18505b0f1eeb48e3cc3bcd6471ebe35cdf8,2021-05,Durham Constabulary,Durham Constabulary,-1.374338,54.814542,On or near Parking Area,E01033161,County Durham 021D,Other theft,Unable to prosecute suspect,
f5b53e1a418d3bc140fe70846cf79fec3b1c7ad879fdd9311a63c071c49c7cbf,2021-05,Durham Constabulary,Durham Constabulary,-1.374338,54.814542,On or near Parking Area,E01033161,County Durham 021D,Other theft,Investigation complete; no suspect identified,
4fdcf300e2ae04194a9e005902eba3c511a0160c58912adeb6441154dbe56d43,2021-05,Durham Constabulary,Durham Constabulary,-1.383069,54.815486,On or near Church Street,E01033161,County Durham 021D,Other theft,Unable to prosecute suspect,
177da90d11ad3c9d5b2537784257fc7dd60d4d84b72791fedfbee26bacce2959,2021-05,Durham Constabulary,Durham Constabulary,-1.374338,54.814542,On or near Parking Area,E01033161,County Durham 021D,Public order,Unable to prosecute suspect,
7b1f672f7932c97e005a883ba4964deebcc2a9297448dadfc77e6aa54526fb20,2021-05,Durham Constabulary,Durham Constabulary,-1.378615,54.815661,On or near B1285,E01033161,County Durham 021D,Shoplifting,Suspect charged as part of another case,
972bc803284eb80f77c20d93a729d90b7aaea195f04be6ae69aacd50cd5fdf64,2021-05,Durham Constabulary,Durham Constabulary,-1.378218,54.816189,On or near Grenaby Way,E01033161,County Durham 021D,Vehicle crime,Investigation complete; no suspect identified,
9454a84f08271de19048ad946dde4ceb3cf92313515b5a6e810dff72e2bb8d3e,2021-05,Durham Constabulary,Durham Constabulary,-1.361734,54.813542,On or near B1432,E01033161,County Durham 021D,Violence and sexual offences,Court result unavailable,
6d0809e4a6862105d62bffa3334d78e8e14732f4fb4cafff8e92ec5f38ad37fa,2021-05,Durham Constabulary,Durham Constabulary,-1.386472,54.813733,On or near Fairfield Grove,E01033161,County Durham 021D,Violence and sexual offences,Unable to prosecute suspect,
9b4c9f37af5333bb15ca5a342e60d942ea1bcd7afa01649162fe660251db68c5,2021-05,Durham Constabulary,Durham Constabulary,-1.381728,54.813610,On or near Calstock Close,E01033161,County Durham 021D,Violence and sexual offences,Action to be taken by another organisation,
469f08df1d7fac7a23ae3b031b532e4b8663108b4e7fce8b901a58decb4171ec,2021-05,Durham Constabulary,Durham Constabulary,-1.378615,54.815661,On or near B1285,E01033161,County Durham 021D,Violence and sexual offences,Investigation complete; no suspect identified,
cc6a2cc19bdb9e46c5bc71a256ccc8c9f9c7c7bd0807d1fc8d2d5345b0fa52d1,2021-05,Durham Constabulary,Durham Constabulary,-1.381728,54.813610,On or near Calstock Close,E01033161,County Durham 021D,Violence and sexual offences,Unable to prosecute suspect,
8e7b43bb58c2f2968f7301112d0a27969f4beaf418f38002bd3ebf257311135d,2021-05,Durham Constabulary,Durham Constabulary,-1.377436,54.816472,On or near Dalby Grove,E01033161,County Durham 021D,Violence and sexual offences,Unable to prosecute suspect,
2caa7d2d8c2d437100c338906057a2f75cc49e2ffc48475c07910cbb818e0d61,2021-05,Durham Constabulary,Durham Constabulary,-1.374338,54.814542,On or near Parking Area,E01033161,County Durham 021D,Violence and sexual offences,Unable to prosecute suspect,
a251a746676fcc95fc9e1227c750ef0524e5bba249c714d97f154f6447ac6bec,2021-05,Durham Constabulary,Durham Constabulary,-1.377436,54.816472,On or near Dalby Grove,E01033161,County Durham 021D,Violence and sexual offences,Local resolution,
085ab617ee8da152de9290825a09a4be22c7015ad80c9d1b00e0501ec079f0f8,2021-05,Durham Constabulary,Durham Constabulary,-1.378615,54.815661,On or near B1285,E01033161,County Durham 021D,Violence and sexual offences,Investigation complete; no suspect identified,
,2021-05,Durham Constabulary,Durham Constabulary,-1.387424,54.816604,On or near Harrogate Terrace,E01033198,County Durham 021E,Anti-social behaviour,,
,2021-05,Durham Constabulary,Durham Constabulary,-1.385372,54.818553,On or near Henry Street South,E01033198,County Durham 021E,Anti-social behaviour,,
,2021-05,Durham Constabulary,Durham Constabulary,-1.382925,54.816725,On or near Parking Area,E01033198,County Durham 021E,Anti-social behaviour,,
f4a988f27182f10a826f934ebf6b957312e271de7da6d9c118776bf0284259ce,2021-05,Durham Constabulary,Durham Constabulary,-1.385372,54.818553,On or near Henry Street South,E01033198,County Durham 021E,Burglary,Unable to prosecute suspect,
bcd71b0b3d49bd87502ea3933714c8a2fe83a1db20d821da86c7f9dd80c56520,2021-05,Durham Constabulary,Durham Constabulary,-1.385372,54.818553,On or near Henry Street South,E01033198,County Durham 021E,Criminal damage and arson,Investigation complete; no suspect identified,
27060bf54b3a881feff609b4035c27fc52b2701841cadd9110fd624c2d1e5b50,2021-05,Durham Constabulary,Durham Constabulary,-1.383895,54.817422,On or near Wood'S Terrace,E01033198,County Durham 021E,Criminal damage and arson,Investigation complete; no suspect identified,
61078d0ce3dd532e4834bcf0563a8d9f4b7b5d3f3eae3ee08dce3356d63f93f9,2021-05,Durham Constabulary,Durham Constabulary,-1.384835,54.817031,On or near Western Terrace South,E01033198,County Durham 021E,Criminal damage and arson,Investigation complete; no suspect identified,
7a9e370467efbd03b34831177f27ffe60077b10f8df931748a828b393a789e09,2021-05,Durham Constabulary,Durham Constabulary,-1.387075,54.818103,On or near Watts Street,E01033198,County Durham 021E,Criminal damage and arson,Investigation complete; no suspect identified,
5dbac1de356dd53c3ef7b1e5f019472099a8488f96b7db054a93f2c1f69b8c63,2021-05,Durham Constabulary,Durham Constabulary,-1.387075,54.818103,On or near Watts Street,E01033198,County Durham 021E,Criminal damage and arson,Investigation complete; no suspect identified,
af77536a96390eebec195a730a94d6f808d5a274858f21dd00f39283266a8390,2021-05,Durham Constabulary,Durham Constabulary,-1.385223,54.818076,On or near James Street South,E01033198,County Durham 021E,Criminal damage and arson,Unable to prosecute suspect,
91d7a3e6fe316bf2b69813c0203bd1a98f4cd81c877ae04b92aaee7d4e154587,2021-05,Durham Constabulary,Durham Constabulary,-1.387075,54.818103,On or near Watts Street,E01033198,County Durham 021E,Criminal damage and arson,Investigation complete; no suspect identified,
a68f56b3973e6ed0ae5e79f1eb1bd47b9c1ef3f7d47e100704a806443399f5c5,2021-05,Durham Constabulary,Durham Constabulary,-1.387075,54.818103,On or near Watts Street,E01033198,County Durham 021E,Criminal damage and arson,Investigation complete; no suspect identified,
280a98d6cd572a6cd5b0a367cf009b4c56377bc285149bffb221433945cccc16,2021-05,Durham Constabulary,Durham Constabulary,-1.383895,54.817422,On or near Wood'S Terrace,E01033198,County Durham 021E,Public order,Unable to prosecute suspect,
ffb3ca958a4b6cb7b445e048c39b4ef5916098284ab2516469ddfad538ef5dbe,2021-05,Durham Constabulary,Durham Constabulary,-1.382648,54.819572,On or near Claude Terrace,E01033198,County Durham 021E,Public order,Unable to prosecute suspect,
20d8eb659dafad1905999a162070176fa5e885bbc824758b7cbba230990eb3ac,2021-05,Durham Constabulary,Durham Constabulary,-1.383895,54.817422,On or near Wood'S Terrace,E01033198,County Durham 021E,Violence and sexual offences,Status update unavailable,
50bb16064b68d59caed8752dc5002b4a183cea2c0afd8e99264d5a269c5ed38b,2021-05,Durham Constabulary,Durham Constabulary,-1.385223,54.818076,On or near James Street South,E01033198,County Durham 021E,Violence and sexual offences,Further investigation is not in the public interest,
8df01bae345973933aa1f35c0cba2e654f5e8fa4f84efa44ccc448367d41a171,2021-05,Durham Constabulary,Durham Constabulary,-1.384835,54.817031,On or near Western Terrace South,E01033198,County Durham 021E,Violence and sexual offences,Unable to prosecute suspect,
c4976b258bbaf6c30860449b4c41569099c3963cd8995fdd621fe752ef16f8c4,2021-05,Durham Constabulary,Durham Constabulary,-1.385223,54.818076,On or near James Street South,E01033198,County Durham 021E,Violence and sexual offences,Unable to prosecute suspect,
fa0c49178a5742175551ffe6ea97a1e4639ab82328e6280cc314914f6d0eb258,2021-05,Durham Constabulary,Durham Constabulary,-1.383895,54.817422,On or near Wood'S Terrace,E01033198,County Durham 021E,Violence and sexual offences,Unable to prosecute suspect,
7a8dc9ed2cd46db6f49e983c5c4287ae6a5167673904bf19af67526a4671257a,2021-05,Durham Constabulary,Durham Constabulary,-1.387075,54.818103,On or near Watts Street,E01033198,County Durham 021E,Violence and sexual offences,Investigation complete; no suspect identified,
59f7c9ae30934c4fb130043b43a51cf47d7873d91fc55672bf3fa73654e63f4d,2021-05,Durham Constabulary,Durham Constabulary,-1.385742,54.817710,On or near North Coronation Street,E01033198,County Durham 021E,Violence and sexual offences,Investigation complete; no suspect identified,
913ee41f5f7cfc427e36720842a0ff8bb7209592c76aab247ddd58bb695c8bb3,2021-05,Durham Constabulary,Durham Constabulary,-1.383895,54.817422,On or near Wood'S Terrace,E01033198,County Durham 021E,Violence and sexual offences,Unable to prosecute suspect,
35dcc09c7037f1fbeaef5c3746f98a06a9f0b72b1b3e30a37f32d0589588dbae,2021-05,Durham Constabulary,Durham Constabulary,-1.384835,54.817031,On or near Western Terrace South,E01033198,County Durham 021E,Violence and sexual offences,Unable to prosecute suspect,
7cb7b6209b563fe4e54eaccf09ddc4828db32435b24fe0962fe699868d1c4f9f,2021-05,Durham Constabulary,Durham Constabulary,-1.384835,54.817031,On or near Western Terrace South,E01033198,County Durham 021E,Violence and sexual offences,Investigation complete; no suspect identified,
f0b4b54271ed26dbd409bc5bf12fcdd1e268420a2b387c7c70cae4a2d8210e2d,2021-05,Durham Constabulary,Durham Constabulary,-1.385223,54.818076,On or near James Street South,E01033198,County Durham 021E,Violence and sexual offences,Unable to prosecute suspect,
62feb707131c4476a68918db8ff60c7d0fcd8994a61c3b0fd2d898ca8920b52d,2021-05,Durham Constabulary,Durham Constabulary,-1.384835,54.817031,On or near Western Terrace South,E01033198,County Durham 021E,Violence and sexual offences,Unable to prosecute suspect,
17da7201df17130c09f8066558198d13a0ce1de2e2f3c1d6ecf2ef6d0b152b55,2021-05,Durham Constabulary,Durham Constabulary,-1.387424,54.816604,On or near Harrogate Terrace,E01033198,County Durham 021E,Other crime,Unable to prosecute suspect,
,2021-05,Durham Constabulary,Durham Constabulary,-1.399971,54.799538,On or near Sports/Recreation Area,E01033205,County Durham 021F,Anti-social behaviour,,
b3f1748c3fa5bac8f55baa519d003b9da4a0fd79fa65130f1e3316c78fba1de9,2021-05,Durham Constabulary,Durham Constabulary,-1.399971,54.799538,On or near Sports/Recreation Area,E01033205,County Durham 021F,Criminal damage and arson,Investigation complete; no suspect identified,
1a20a0df092ade66eaec052d9627a4c9cdeb6fc4b55b7909f84c5bd4248740de,2021-05,Durham Constabulary,Durham Constabulary,-1.416731,54.801184,On or near Plantation Walk,E01033205,County Durham 021F,Public order,Unable to prosecute suspect,
705a246916444cb7e69bedc6ddf621bf29517cca2d47d3ba833a9aeffbd3bc27,2021-05,Durham Constabulary,Durham Constabulary,-1.395045,54.799190,On or near Windermere Road,E01033205,County Durham 021F,Public order,Unable to prosecute suspect,
305482736f4cae3ca24fd507cd3a77a62a97f05a874ef0421a386b7d87bf3e34,2021-05,Durham Constabulary,Durham Constabulary,-1.402443,54.798535,On or near Greencroft,E01033205,County Durham 021F,Vehicle crime,Unable to prosecute suspect,
f22315a302c00ca5384556452378c722eb85311a56e776b440226028ef071197,2021-05,Durham Constabulary,Durham Constabulary,-1.397379,54.795985,On or near Gregson Terrace,E01033205,County Durham 021F,Vehicle crime,Investigation complete; no suspect identified,
c998da5aec8babdc4984583a94e9bbd921dc5f7bb9cdf6479011074d5311e573,2021-05,Durham Constabulary,Durham Constabulary,-1.396111,54.798674,On or near West Lane,E01033205,County Durham 021F,Violence and sexual offences,Unable to prosecute suspect,
a108c90f4c2a726973584114ec96aa6548dcaaa3dbc531b0f25f04114107ccc1,2021-05,Durham Constabulary,Durham Constabulary,-1.417401,54.802211,On or near Sycamore Close,E01033205,County Durham 021F,Violence and sexual offences,Court result unavailable,
3879aecb881a9323145b50894fb59440d82dfd0ce872e3cb55d9f56e157b475d,2021-05,Durham Constabulary,Durham Constabulary,-1.416731,54.801184,On or near Plantation Walk,E01033205,County Durham 021F,Violence and sexual offences,Unable to prosecute suspect,
8cc8327c94886e89fe6556912aa4c71041b4cbe7c82e1e84e8e7587206eaeeab,2021-05,Durham Constabulary,Durham Constabulary,-1.416526,54.801407,On or near Pinedale Drive,E01033205,County Durham 021F,Violence and sexual offences,Unable to prosecute suspect,
330fbe37c671b5920b43e9b5b4149f810213092d1ede87ff8449765d4bac25b7,2021-05,Durham Constabulary,Durham Constabulary,-1.396111,54.798674,On or near West Lane,E01033205,County Durham 021F,Violence and sexual offences,Unable to prosecute suspect,
,2021-05,Durham Constabulary,Durham Constabulary,-1.409523,54.801571,On or near Clarence Gate,E01033206,County Durham 021G,Anti-social behaviour,,
,2021-05,Durham Constabulary,Durham Constabulary,-1.416053,54.802924,On or near Braddyll Square,E01033206,County Durham 021G,Anti-social behaviour,,
,2021-05,Durham Constabulary,Durham Constabulary,-1.412743,54.800535,On or near Front Street,E01033206,County Durham 021G,Anti-social behaviour,,
,2021-05,Durham Constabulary,Durham Constabulary,-1.412743,54.800535,On or near Front Street,E01033206,County Durham 021G,Anti-social behaviour,,
a599393896ed016c36e025bfb026aaa6a230985bda4bf0ac020cf3634390d4cc,2021-05,Durham Constabulary,Durham Constabulary,-1.410971,54.798271,On or near Charters Crescent,E01033206,County Durham 021G,Criminal damage and arson,Investigation complete; no suspect identified,
101dc69c9218aad272e704cee8826b7a2167a2dc9278f5df2a237cc1ef5f390b,2021-05,Durham Constabulary,Durham Constabulary,-1.412068,54.799840,On or near Jubilee Square,E01033206,County Durham 021G,Criminal damage and arson,Investigation complete; no suspect identified,
fa5ec14c60806e0b4bd458f45c6c0be72094f79c42da3809146f6a10a07ab1d6,2021-05,Durham Constabulary,Durham Constabulary,-1.410971,54.798271,On or near Charters Crescent,E01033206,County Durham 021G,Criminal damage and arson,Investigation complete; no suspect identified,
e1b6f31c4af2185b2c950de099a7e1cdb2c6291d1b2bffa4df5cc7f75edd408e,2021-05,Durham Constabulary,Durham Constabulary,-1.419576,54.804576,On or near Buttermere Crescent,E01033206,County Durham 021G,Criminal damage and arson,Investigation complete; no suspect identified,
367f08e8eed38afe0f52c374a913d14528d351851e5bfe207a879ac27c331b3e,2021-05,Durham Constabulary,Durham Constabulary,-1.414627,54.802566,On or near Hutton Court,E01033206,County Durham 021G,Public order,Investigation complete; no suspect identified,
a50777bc59053e1cde885ff66df253d0d46aac139a1a9a7a2bde46cf8b2661fa,2021-05,Durham Constabulary,Durham Constabulary,-1.410971,54.798271,On or near Charters Crescent,E01033206,County Durham 021G,Violence and sexual offences,Investigation complete; no suspect identified,
4138a4a99250bdd662cd74d3a9aa5bd0705ddef89d8992a9797a55cf38f95889,2021-05,Durham Constabulary,Durham Constabulary,-1.414730,54.802935,On or near Ravensworth Court,E01033206,County Durham 021G,Violence and sexual offences,Unable to prosecute suspect,
e947012a145cae286611f9b69e3ee52a0e51e88db672f0a73389e7ecb089471e,2021-05,Durham Constabulary,Durham Constabulary,-1.419576,54.804576,On or near Buttermere Crescent,E01033206,County Durham 021G,Violence and sexual offences,Unable to prosecute suspect,
fa194020bb620e714658a49b204e54db081190c3abf662d3a2e6464c293f0e39,2021-05,Durham Constabulary,Durham Constabulary,-1.411773,54.800863,On or near Pasteur Road,E01033206,County Durham 021G,Violence and sexual offences,Unable to prosecute suspect,
45c5f4e05195ecde722af351158b8f511311d35a870108cb5607eaf4f2070493,2021-05,Durham Constabulary,Durham Constabulary,-1.416053,54.802924,On or near Braddyll Square,E01033206,County Durham 021G,Violence and sexual offences,Unable to prosecute suspect,
1b8ea3aed4579740fe0a936f4c2aa2fa7750604400bcfaab73e0a94d6666d10d,2021-05,Durham Constabulary,Durham Constabulary,-1.410174,54.800676,On or near Regent Court,E01033206,County Durham 021G,Other crime,Court result unavailable,
,2021-05,Durham Constabulary,Durham Constabulary,-1.552072,54.818878,On or near Cocken Road,E01020709,County Durham 022A,Anti-social behaviour,,
81cec88cf8216a345f5b413d670b989a3618aa9411c661447458ae8edabbbb15,2021-05,Durham Constabulary,Durham Constabulary,-1.576449,54.806321,On or near Beaver Close,E01020709,County Durham 022A,Bicycle theft,Local resolution,
2ca2ddab69244a7d932e84a8f7735739252cfd048d3fbd9cead0c5087c972384,2021-05,Durham Constabulary,Durham Constabulary,-1.556101,54.804775,On or near Prison,E01020709,County Durham 022A,Bicycle theft,Investigation complete; no suspect identified,
6eff1a2cb0af4672c51543a69eb36fc7ec669680ebc58eb36833890673bc82a4,2021-05,Durham Constabulary,Durham Constabulary,-1.581064,54.806840,On or near Shopping Area,E01020709,County Durham 022A,Other theft,Unable to prosecute suspect,
53e082a9dcb665de7dcf6fbf186a134abd69b44933a18ce994158ebe2a7d6879,2021-05,Durham Constabulary,Durham Constabulary,-1.540250,54.822491,On or near Cocken Lane,E01020709,County Durham 022A,Public order,Unable to prosecute suspect,
c7003ef23b11995d529cfcbb91fa75660e08efcfe7ba4f2d4a75a4bba0bcde2c,2021-05,Durham Constabulary,Durham Constabulary,-1.557961,54.806803,On or near Rowan Drive,E01020709,County Durham 022A,Public order,Unable to prosecute suspect,
18adbddc2129880cef0cd7d401b0ce01e631ae219e639a37359fa7b2aa0ced68,2021-05,Durham Constabulary,Durham Constabulary,-1.556101,54.804775,On or near Prison,E01020709,County Durham 022A,Public order,Action to be taken by another organisation,
cbaf2d20d0f485d1af8524ecac72142292368646bff88fa3c5d37dfa24202b58,2021-05,Durham Constabulary,Durham Constabulary,-1.578563,54.808009,On or near Petrol Station,E01020709,County Durham 022A,Public order,Further investigation is not in the public interest,
203a37a6f3c59e7a04089b3e2687f990979214b57bd6bd50a3dd6efbf788784d,2021-05,Durham Constabulary,Durham Constabulary,-1.580318,54.806757,On or near Supermarket,E01020709,County Durham 022A,Shoplifting,Investigation complete; no suspect identified,
6164c75a4e4ba398a3ed0ebcad23d603a3870743c7ed2a427b5c12253962b5fa,2021-05,Durham Constabulary,Durham Constabulary,-1.581064,54.806840,On or near Shopping Area,E01020709,County Durham 022A,Shoplifting,Offender given a caution,
51c1d0fef02907596f5184083df268ab23b0b1d8c16ea1ca27bd39da289bb5b2,2021-05,Durham Constabulary,Durham Constabulary,-1.581064,54.806840,On or near Shopping Area,E01020709,County Durham 022A,Shoplifting,Court result unavailable,
5fda87db76986bd87c9b894b8346f88d77666bff7ce052c12eac1b950284f5d6,2021-05,Durham Constabulary,Durham Constabulary,-1.581064,54.806840,On or near Shopping Area,E01020709,County Durham 022A,Shoplifting,Suspect charged as part of another case,
1d6f0ec3b99369776b60663469090456bbde489e9a93b75b6dadb08ea72ea0b1,2021-05,Durham Constabulary,Durham Constabulary,-1.580318,54.806757,On or near Supermarket,E01020709,County Durham 022A,Shoplifting,Investigation complete; no suspect identified,
e5250752a2e5e879709403660104067978919452bd92c0725815d126ea2254dc,2021-05,Durham Constabulary,Durham Constabulary,-1.576449,54.806321,On or near Beaver Close,E01020709,County Durham 022A,Shoplifting,Unable to prosecute suspect,
dc99dfcc493f195cc8eb60120279cecfff071614d4f9214cfa75753b38c4d757,2021-05,Durham Constabulary,Durham Constabulary,-1.567589,54.805634,On or near Canterbury Road,E01020709,County Durham 022A,Vehicle crime,Unable to prosecute suspect,
4d48b33cf51ef7806cdcab1a6b36350f645e0cb04e98e555b17fb5d9b6d320b6,2021-05,Durham Constabulary,Durham Constabulary,-1.556101,54.804775,On or near Prison,E01020709,County Durham 022A,Violence and sexual offences,Action to be taken by another organisation,
737f46a70a03e17045ec10f0ba5fa88c3d9a22d86545d9b134a02b994b837d6e,2021-05,Durham Constabulary,Durham Constabulary,-1.552072,54.818878,On or near Cocken Road,E01020709,County Durham 022A,Violence and sexual offences,Unable to prosecute suspect,
bcfec9b208d3d0c770484597ad3e944d0f5cba3e5577dd8a69728a882886d88f,2021-05,Durham Constabulary,Durham Constabulary,-1.578563,54.808009,On or near Petrol Station,E01020709,County Durham 022A,Violence and sexual offences,Unable to prosecute suspect,
143d46384f0f7b4c9f86a88d820bb3992d37d99d5fb232b53496c2070b4b1d97,2021-05,Durham Constabulary,Durham Constabulary,-1.556101,54.804775,On or near Prison,E01020709,County Durham 022A,Violence and sexual offences,Action to be taken by another organisation,
3b1e7b1ec089242eab3b6a28b66a3a8736b0642e084fdb9328fb93110e3afdb8,2021-05,Durham Constabulary,Durham Constabulary,-1.556101,54.804775,On or near Prison,E01020709,County Durham 022A,Violence and sexual offences,Action to be taken by another organisation,
9e2f2999a4e0ceeddc471a5834bb5a48dacaa4bb38acf8d4ea29314d8c5e91d3,2021-05,Durham Constabulary,Durham Constabulary,-1.556101,54.804775,On or near Prison,E01020709,County Durham 022A,Violence and sexual offences,Unable to prosecute suspect,
3e219273dac65e5f589b3bfdde8e7c972f785adaa7e47240b4273c92a39afb8f,2021-05,Durham Constabulary,Durham Constabulary,-1.556101,54.804775,On or near Prison,E01020709,County Durham 022A,Violence and sexual offences,Unable to prosecute suspect,
9765214e22c7b997f9b907a9e450a198fdaceef54630ad8f99c8336dc315e556,2021-05,Durham Constabulary,Durham Constabulary,-1.556101,54.804775,On or near Prison,E01020709,County Durham 022A,Violence and sexual offences,Investigation complete; no suspect identified,
22dbab0f55fc5883b9c628719018534b8566ae4ef4ee87c5d43cab324e6441d1,2021-05,Durham Constabulary,Durham Constabulary,-1.556101,54.804775,On or near Prison,E01020709,County Durham 022A,Violence and sexual offences,Court result unavailable,
79525a506f7d1d01a59c2dc5f3cdeacf800c904573deff0bc210ef468bd99cce,2021-05,Durham Constabulary,Durham Constabulary,-1.556101,54.804775,On or near Prison,E01020709,County Durham 022A,Violence and sexual offences,Court result unavailable,
c86f68395cca1ac1562c5e2fb92f1da41831e558a1eebe329f10efb01d6ab401,2021-05,Durham Constabulary,Durham Constabulary,-1.557961,54.806803,On or near Rowan Drive,E01020709,County Durham 022A,Violence and sexual offences,Unable to prosecute suspect,
5ed5a9564b810eed9e3d17b5513ea81e4d3da47c2aa9f63888d7145e844a7f6b,2021-05,Durham Constabulary,Durham Constabulary,-1.556101,54.804775,On or near Prison,E01020709,County Durham 022A,Other crime,Action to be taken by another organisation,
831e5e8db920dea056aa25d4f51237021304b194d0d3216ca2a76996742deb7d,2021-05,Durham Constabulary,Durham Constabulary,-1.556101,54.804775,On or near Prison,E01020709,County Durham 022A,Other crime,Action to be taken by another organisation,
5cf681952f13152c8ae121635645b38d10a453349152d590c5828c2ed5087f06,2021-05,Durham Constabulary,Durham Constabulary,-1.556101,54.804775,On or near Prison,E01020709,County Durham 022A,Other crime,Court result unavailable,
74619da3a8499118fb0f3c1631274337c4e607c88f9b201ef5ebeb822b23f9fe,2021-05,Durham Constabulary,Durham Constabulary,-1.556101,54.804775,On or near Prison,E01020709,County Durham 022A,Other crime,Court result unavailable,
,2021-05,Durham Constabulary,Durham Constabulary,-1.565631,54.803892,On or near York Crescent,E01020717,County Durham 022B,Anti-social behaviour,,
,2021-05,Durham Constabulary,Durham Constabulary,-1.567327,54.802488,On or near Norwich Road,E01020717,County Durham 022B,Anti-social behaviour,,
00283f88b853b80017e2484e0b08187f2a1d2587f0d720fd03214dbd1eeee0f5,2021-05,Durham Constabulary,Durham Constabulary,-1.567758,54.804340,On or near Ripon Road,E01020717,County Durham 022B,Other theft,Investigation complete; no suspect identified,
8ae7841764e96f37df52aa042b38df3f58e5190e15bf1faf90b4fef8530952f9,2021-05,Durham Constabulary,Durham Constabulary,-1.563451,54.804136,On or near Salisbury Road,E01020717,County Durham 022B,Violence and sexual offences,Unable to prosecute suspect,
a826fea5c46881100de253e77d50cc1192098b6e7a31bb604cb12b36592d8de2,2021-05,Durham Constabulary,Durham Constabulary,-1.579765,54.800114,On or near Police Station,E01020718,County Durham 022C,Public order,Action to be taken by another organisation,
5a12c0bf80de3ce273b658fea134a673a7305084b00a8bc28bae28d0cb484214,2021-05,Durham Constabulary,Durham Constabulary,-1.572863,54.799649,On or near Bowes Court,E01020718,County Durham 022C,Violence and sexual offences,Unable to prosecute suspect,
94af5ce2ea3525a0664fb0e5065d5b7daa0977bc5b17e5f04044c5c5ea98c551,2021-05,Durham Constabulary,Durham Constabulary,-1.573552,54.802159,On or near Helmsley Road,E01020718,County Durham 022C,Violence and sexual offences,Unable to prosecute suspect,
,2021-05,Durham Constabulary,Durham Constabulary,-1.575230,54.792037,On or near Edlingham Road,E01020721,County Durham 022E,Anti-social behaviour,,
16843f2321a7d18e4332daedfd572412ce10915aaa16b82b52da6c76b66d0a71,2021-05,Durham Constabulary,Durham Constabulary,-1.563984,54.797982,On or near Eggleston Close,E01020721,County Durham 022E,Violence and sexual offences,Unable to prosecute suspect,
,2021-05,Durham Constabulary,Durham Constabulary,-1.592656,54.792825,On or near St Cuthberts Avenue,E01020708,County Durham 023A,Anti-social behaviour,,
fda877de7b06fb982cf7b26220f6ff06b9d612546f3e06ca8d22d29dc7d55dd1,2021-05,Durham Constabulary,Durham Constabulary,-1.591698,54.795239,On or near Durham Terrace,E01020708,County Durham 023A,Other theft,Unable to prosecute suspect,
1107eff471b33e2073326db40093e4db0a19b69ec31f0c4b0ee668cdaa0e82a9,2021-05,Durham Constabulary,Durham Constabulary,-1.588065,54.800753,On or near Mere Drive,E01020708,County Durham 023A,Violence and sexual offences,Unable to prosecute suspect,
671040edf007fb7b713cb98c20fbe019e03ff6b4daf38899b3692891126139ab,2021-05,Durham Constabulary,Durham Constabulary,-1.590977,54.795839,On or near Newcastle Terrace,E01020708,County Durham 023A,Violence and sexual offences,Investigation complete; no suspect identified,
c9b6e3a9463bf3b19321f43d0e9589c1070bb3025c1e796d3f0889a8ea01ad78,2021-05,Durham Constabulary,Durham Constabulary,-1.590977,54.795839,On or near Newcastle Terrace,E01020708,County Durham 023A,Violence and sexual offences,Unable to prosecute suspect,
,2021-05,Durham Constabulary,Durham Constabulary,-1.586336,54.805519,On or near Smithfield,E01020710,County Durham 023B,Anti-social behaviour,,
c8a55540c1cc3bc633fd2d3eec070c8be36687d331fae23c201aea22beddaecf,2021-05,Durham Constabulary,Durham Constabulary,-1.596405,54.797357,On or near Sports/Recreation Area,E01020710,County Durham 023B,Bicycle theft,Investigation complete; no suspect identified,
5b903bcea1801e41560d41e2e461353a93c0f33fb64f3aec96747f92bd2199d0,2021-05,Durham Constabulary,Durham Constabulary,-1.592466,54.799285,On or near Beaumont Close,E01020710,County Durham 023B,Criminal damage and arson,Unable to prosecute suspect,
5754b57d69a3122d98b9d212aa7a5e977774708504b53dced133f939b05bed1a,2021-05,Durham Constabulary,Durham Constabulary,-1.586336,54.805519,On or near Smithfield,E01020710,County Durham 023B,Criminal damage and arson,Unable to prosecute suspect,
84548f9645d52898942f6b0d97b22e7766df6b206fa86f315cb93de645f476d1,2021-05,Durham Constabulary,Durham Constabulary,-1.590939,54.801069,On or near The Avenue,E01020710,County Durham 023B,Vehicle crime,Unable to prosecute suspect,
b1b39e7e5d702a21de889ca123bdae14db78051767b36eac6e75d2c8d7606573,2021-05,Durham Constabulary,Durham Constabulary,-1.591598,54.800550,On or near Hudspeth Crescent,E01020710,County Durham 023B,Violence and sexual offences,Unable to prosecute suspect,
cd2f1a9a4768b5623a8e3e7fc35ee1377175948804fb15840dfccf36a250b059,2021-05,Durham Constabulary,Durham Constabulary,-1.591598,54.800550,On or near Hudspeth Crescent,E01020710,County Durham 023B,Violence and sexual offences,Unable to prosecute suspect,
b384bf006b04f2dc6a3f3fe40adc2d32c758f779b0a78fb3242362db083a049b,2021-05,Durham Constabulary,Durham Constabulary,-1.589701,54.805081,On or near Farrier Close,E01020710,County Durham 023B,Other crime,Action to be taken by another organisation,
11b94b06d54277534e2a2f6be0b6e829b7573d8996cd0d84330078447ace458f,2021-05,Durham Constabulary,Durham Constabulary,-1.589701,54.805081,On or near Farrier Close,E01020710,County Durham 023B,Other crime,Action to be taken by another organisation,
,2021-05,Durham Constabulary,Durham Constabulary,-1.580783,54.797970,On or near Bek Road,E01020711,County Durham 023C,Anti-social behaviour,,
,2021-05,Durham Constabulary,Durham Constabulary,-1.588920,54.794627,On or near Gray Avenue,E01020711,County Durham 023C,Anti-social behaviour,,
,2021-05,Durham Constabulary,Durham Constabulary,-1.587961,54.795649,On or near Lund Court,E01020711,County Durham 023C,Anti-social behaviour,,
,2021-05,Durham Constabulary,Durham Constabulary,-1.588920,54.794627,On or near Gray Avenue,E01020711,County Durham 023C,Anti-social behaviour,,
ccbe6ff2cee5d51ba418cd855ebe8e1e0d91874474ee99bee8086b0249759529,2021-05,Durham Constabulary,Durham Constabulary,-1.582969,54.795623,On or near Priory Road,E01020711,County Durham 023C,Criminal damage and arson,Investigation complete; no suspect identified,
f2ac7157fd681330f996d9d18b584ebbd092c7c2d5246d8e508f697d10f3ee41,2021-05,Durham Constabulary,Durham Constabulary,-1.582918,54.794490,On or near Bracken Field Road,E01020711,County Durham 023C,Other theft,Unable to prosecute suspect,
8fece524369eae2474319ba4ea4e3d5fa68be14c9bcaad9b3ab7ce5a30ce79cc,2021-05,Durham Constabulary,Durham Constabulary,-1.583910,54.796399,On or near Carrside,E01020711,County Durham 023C,Violence and sexual offences,Action to be taken by another organisation,
fb1383f9a4a963309aee952655a2d2ef158c7022aa91f0f62f70efba3d76a674,2021-05,Durham Constabulary,Durham Constabulary,-1.584251,54.793434,On or near Flambard Road,E01020711,County Durham 023C,Violence and sexual offences,Unable to prosecute suspect,
0cda258bc6299aaffb5d0ca87689ed4df8e6bd908930d8160444c62591b16ebd,2021-05,Durham Constabulary,Durham Constabulary,-1.588432,54.795228,On or near Lund Avenue,E01020711,County Durham 023C,Violence and sexual offences,Local resolution,
11e8aae89255f16b002a6ddcdc06eccc6c278daa7ac828ddd9c34ba8281bc13b,2021-05,Durham Constabulary,Durham Constabulary,-1.586676,54.795042,On or near Newton Drive,E01020711,County Durham 023C,Violence and sexual offences,Unable to prosecute suspect,
cf56931277c749fa5d2883b13b2fc466cda9ee440482f47a6da6af83cfc46a16,2021-05,Durham Constabulary,Durham Constabulary,-1.584251,54.793434,On or near Flambard Road,E01020711,County Durham 023C,Violence and sexual offences,Unable to prosecute suspect,
d6ba44af3f07697556eb4ffeaafc57158ba15ac6270731303466a4245b41fdb2,2021-05,Durham Constabulary,Durham Constabulary,-1.593439,54.790680,On or near Barrington Close,E01020711,County Durham 023C,Violence and sexual offences,Unable to prosecute suspect,
6463c0b782a6216225b8edf3eccb8775c8a58426df0e58028938925112f42c52,2021-05,Durham Constabulary,Durham Constabulary,-1.581581,54.794423,On or near Ghyll Field Road,E01020711,County Durham 023C,Violence and sexual offences,Unable to prosecute suspect,
1104fa6305e85ddb6601b148df746d293b0c334ea624eed731963a9b530cdc19,2021-05,Durham Constabulary,Durham Constabulary,-1.584971,54.794470,On or near Finchale Road,E01020711,County Durham 023C,Other crime,Investigation complete; no suspect identified,
,2021-05,Durham Constabulary,Durham Constabulary,-1.577068,54.796204,On or near Bek Road,E01020720,County Durham 023D,Anti-social behaviour,,
,2021-05,Durham Constabulary,Durham Constabulary,-1.572491,54.795164,On or near Kirkham Road,E01020720,County Durham 023D,Anti-social behaviour,,
,2021-05,Durham Constabulary,Durham Constabulary,-1.572491,54.795164,On or near Kirkham Road,E01020720,County Durham 023D,Anti-social behaviour,,
,2021-05,Durham Constabulary,Durham Constabulary,-1.577068,54.796204,On or near Bek Road,E01020720,County Durham 023D,Anti-social behaviour,,
,2021-05,Durham Constabulary,Durham Constabulary,-1.577068,54.796204,On or near Bek Road,E01020720,County Durham 023D,Anti-social behaviour,,
,2021-05,Durham Constabulary,Durham Constabulary,-1.577068,54.796204,On or near Bek Road,E01020720,County Durham 023D,Anti-social behaviour,,
e7bdadbe5c8383c5583591e883da2a7a69509e9aefa16aa4e5b6af58a296f0cd,2021-05,Durham Constabulary,Durham Constabulary,-1.576255,54.795132,On or near Fordham Road,E01020720,County Durham 023D,Criminal damage and arson,Investigation complete; no suspect identified,
bb8a4b1d3e596974eee7e694713b1df1c0e9b4895aa372f48f5fcfd85d1f931a,2021-05,Durham Constabulary,Durham Constabulary,-1.576199,54.797477,On or near Langley Road,E01020720,County Durham 023D,Criminal damage and arson,Investigation complete; no suspect identified,
431448de6ebacad9a1c9f9bebf1b433951ff0f96378f69feff22a24f25e5b974,2021-05,Durham Constabulary,Durham Constabulary,-1.572006,54.796825,On or near Barrasford Road,E01020720,County Durham 023D,Public order,Local resolution,
45e3443a77aecbf84581fb304ee654a129807a10e79d5808051dfdcb4af0802a,2021-05,Durham Constabulary,Durham Constabulary,-1.572491,54.795164,On or near Kirkham Road,E01020720,County Durham 023D,Violence and sexual offences,Further investigation is not in the public interest,
49ab2c1d88aec6e70fcddff4f21ba8f24b49dcad413dafc37a67f22e015f2b3a,2021-05,Durham Constabulary,Durham Constabulary,-1.572006,54.796825,On or near Barrasford Road,E01020720,County Durham 023D,Violence and sexual offences,Unable to prosecute suspect,
e469f1adf127e45eb6e3d504e17b6035220b490625dd59d1a2c21c768acd4baa,2021-05,Durham Constabulary,Durham Constabulary,-1.576199,54.797477,On or near Langley Road,E01020720,County Durham 023D,Violence and sexual offences,Action to be taken by another organisation,
,2021-05,Durham Constabulary,Durham Constabulary,-1.713067,54.776616,On or near Western Avenue,E01020646,County Durham 024A,Anti-social behaviour,,
07396bf581d029ed60b604ae0a4af561cd1588fec728b13047c3731c61289289,2021-05,Durham Constabulary,Durham Constabulary,-1.716173,54.777045,On or near Valley Drive,E01020646,County Durham 024A,Criminal damage and arson,Unable to prosecute suspect,
92c6af8d219d77b70e491b012a29cbca5dc6e62a792af4f825978a9c358f08e3,2021-05,Durham Constabulary,Durham Constabulary,-1.800176,54.772621,On or near Pan Lane,E01020646,County Durham 024A,Criminal damage and arson,Unable to prosecute suspect,
40f05d657977204fb9f791e3f8c54d828b3c4eb21aaf736007599e674d8bd3a1,2021-05,Durham Constabulary,Durham Constabulary,-1.714855,54.776656,On or near Cliffords Gate,E01020646,County Durham 024A,Public order,Unable to prosecute suspect,
55a968dd8998a4ecc78b675fd73ca2a4ddef92a1fd36eee60d646ba58d435ea7,2021-05,Durham Constabulary,Durham Constabulary,-1.709155,54.775870,On or near Kingfisher Close,E01020646,County Durham 024A,Public order,Unable to prosecute suspect,
6d0ad37a59e7eec4b741f55d2e69334a2cafdba3e1d9ad67e352b759a448301a,2021-05,Durham Constabulary,Durham Constabulary,-1.713067,54.776616,On or near Western Avenue,E01020646,County Durham 024A,Public order,Unable to prosecute suspect,
46caeb64d6ebc7a0f39a9fee3b67a9f1cb53bd8c7f764a92c61f3c28d03841af,2021-05,Durham Constabulary,Durham Constabulary,-1.800176,54.772621,On or near Pan Lane,E01020646,County Durham 024A,Public order,Unable to prosecute suspect,
98b1d4f04c65c1e3756129816cafcb292cb42e24d3f57fa9fe89c5122be645d9,2021-05,Durham Constabulary,Durham Constabulary,-1.710168,54.775566,On or near Rowley Link,E01020646,County Durham 024A,Violence and sexual offences,Unable to prosecute suspect,
3a2491b6b4f94df0a9418c248d27a551262711f47b0a90007d8abe15fb336686,2021-05,Durham Constabulary,Durham Constabulary,-1.713067,54.776616,On or near Western Avenue,E01020646,County Durham 024A,Violence and sexual offences,Unable to prosecute suspect,
133e74f229632b7aa6652986c4f8c0da80c4ae3e6416a29d476ea5c100c10e77,2021-05,Durham Constabulary,Durham Constabulary,-1.714739,54.777572,On or near Valley Garth,E01020646,County Durham 024A,Violence and sexual offences,Unable to prosecute suspect,
6eac0f48ae3ef0780a79c2c4cb9590ecb8464454e063c447b9447613636e7b9d,2021-05,Durham Constabulary,Durham Constabulary,-1.716173,54.777045,On or near Valley Drive,E01020646,County Durham 024A,Violence and sexual offences,Investigation complete; no suspect identified,
12c01a76e614a9f44d2e5fae765a0d1f827ddb3c5e78e41d1258c516dea70f56,2021-05,Durham Constabulary,Durham Constabulary,-1.714855,54.776656,On or near Cliffords Gate,E01020646,County Durham 024A,Violence and sexual offences,Status update unavailable,
,2021-05,Durham Constabulary,Durham Constabulary,-1.664586,54.788875,On or near College Road,E01020658,County Durham 024B,Anti-social behaviour,,
,2021-05,Durham Constabulary,Durham Constabulary,-1.667009,54.800690,On or near Hawthorne Terrace,E01020658,County Durham 024B,Anti-social behaviour,,
,2021-05,Durham Constabulary,Durham Constabulary,-1.669455,54.796374,On or near Springwell Avenue,E01020658,County Durham 024B,Anti-social behaviour,,
,2021-05,Durham Constabulary,Durham Constabulary,-1.669158,54.800336,On or near Browney Court,E01020658,County Durham 024B,Anti-social behaviour,,
,2021-05,Durham Constabulary,Durham Constabulary,-1.669158,54.800336,On or near Browney Court,E01020658,County Durham 024B,Anti-social behaviour,,
,2021-05,Durham Constabulary,Durham Constabulary,-1.669364,54.797964,On or near Linden Mews,E01020658,County Durham 024B,Anti-social behaviour,,
,2021-05,Durham Constabulary,Durham Constabulary,-1.665911,54.796041,On or near Hilltop View,E01020658,County Durham 024B,Anti-social behaviour,,
,2021-05,Durham Constabulary,Durham Constabulary,-1.668553,54.796300,On or near Springwell Close,E01020658,County Durham 024B,Anti-social behaviour,,
7672f888bc1cdcbcfadc0cca4274ac93dcf115b7c3baa47876d11abf4f9c298d,2021-05,Durham Constabulary,Durham Constabulary,-1.665497,54.797208,On or near Hezlett Court,E01020658,County Durham 024B,Burglary,Investigation complete; no suspect identified,
1c9e4d318d3a376d8c99e3e125a59c5c6a66e6e34722192339b1323a6876b857,2021-05,Durham Constabulary,Durham Constabulary,-1.673949,54.800322,On or near Dale Street,E01020658,County Durham 024B,Criminal damage and arson,Investigation complete; no suspect identified,
9022db6c9e15d719ee71553880f86c531c43f6f4d2f7aac94f04eb9cf3564fcf,2021-05,Durham Constabulary,Durham Constabulary,-1.664586,54.788875,On or near College Road,E01020658,County Durham 024B,Criminal damage and arson,Investigation complete; no suspect identified,
db3c74aafb18c3c3e7fade3ba3835f9e515f3244496651a66d1f634da201a736,2021-05,Durham Constabulary,Durham Constabulary,-1.669158,54.800336,On or near Browney Court,E01020658,County Durham 024B,Public order,Unable to prosecute suspect,
240ebcdbbda07d10faa551d16f390c6a0884727423820e78673f6e136365ec6c,2021-05,Durham Constabulary,Durham Constabulary,-1.669158,54.800336,On or near Browney Court,E01020658,County Durham 024B,Shoplifting,Investigation complete; no suspect identified,
a666c9a23506b02e6d1a8cc911badb41076ae163a9762220651a1f8d1ba03ce9,2021-05,Durham Constabulary,Durham Constabulary,-1.669364,54.797964,On or near Linden Mews,E01020658,County Durham 024B,Theft from the person,Investigation complete; no suspect identified,
4c31c8d8e0b390fad9e0a34412aa9dd96344a442a0dcf8ee19e6e22d7d3be830,2021-05,Durham Constabulary,Durham Constabulary,-1.669455,54.796374,On or near Springwell Avenue,E01020658,County Durham 024B,Violence and sexual offences,Investigation complete; no suspect identified,
75add44c487b88a4c5ddf5f409fa7e2c00a5a41b57a7e1fdc0e1f5eb5cb66462,2021-05,Durham Constabulary,Durham Constabulary,-1.665911,54.796041,On or near Hilltop View,E01020658,County Durham 024B,Violence and sexual offences,Unable to prosecute suspect,
06b937bb48d4b3e8f269b842cb7794681b471f8a6c684dbc4782d203273aef3d,2021-05,Durham Constabulary,Durham Constabulary,-1.665911,54.796041,On or near Hilltop View,E01020658,County Durham 024B,Violence and sexual offences,Unable to prosecute suspect,
40bbbe6f568f375bb170c7e18dbf100816f5bd30ef4762f2d92621c53f1479e6,2021-05,Durham Constabulary,Durham Constabulary,-1.669158,54.800336,On or near Browney Court,E01020658,County Durham 024B,Violence and sexual offences,Action to be taken by another organisation,
826ff2d40e41430508ed24baa4ff314a0669aeccd6a51cd26d035f496e4bf631,2021-05,Durham Constabulary,Durham Constabulary,-1.669455,54.796374,On or near Springwell Avenue,E01020658,County Durham 024B,Violence and sexual offences,Investigation complete; no suspect identified,
4b5ad8fc60cdead8b095c54eeafb1ce680770e2db6fcf24c2b4db49565301381,2021-05,Durham Constabulary,Durham Constabulary,-1.669455,54.796374,On or near Springwell Avenue,E01020658,County Durham 024B,Violence and sexual offences,Investigation complete; no suspect identified,
d036710361d428cc58df7faba17c75cf1f8f888b15a72cc005581ef71ac4927b,2021-05,Durham Constabulary,Durham Constabulary,-1.669455,54.796374,On or near Springwell Avenue,E01020658,County Durham 024B,Violence and sexual offences,Investigation complete; no suspect identified,
a27721125716991d3f1083f02f20a758aaa339be28d57a81e9a3e69265dbceba,2021-05,Durham Constabulary,Durham Constabulary,-1.673949,54.800322,On or near Dale Street,E01020658,County Durham 024B,Violence and sexual offences,Investigation complete; no suspect identified,
,2021-05,Durham Constabulary,Durham Constabulary,-1.670930,54.798571,On or near Supermarket,E01020659,County Durham 024C,Anti-social behaviour,,
,2021-05,Durham Constabulary,Durham Constabulary,-1.670930,54.798571,On or near Supermarket,E01020659,County Durham 024C,Anti-social behaviour,,
,2021-05,Durham Constabulary,Durham Constabulary,-1.680172,54.798209,On or near Beamish Close,E01020659,County Durham 024C,Anti-social behaviour,,
c6471950e2f9ca793b8f36649115240cc7d1e7235dfad347a57fa3752aad1b6a,2021-05,Durham Constabulary,Durham Constabulary,-1.670930,54.798571,On or near Supermarket,E01020659,County Durham 024C,Criminal damage and arson,Investigation complete; no suspect identified,
cc84f19a3bfdff356471206be61fb91bd5248ce1e94ab65d9213acbfce41e125,2021-05,Durham Constabulary,Durham Constabulary,-1.674505,54.798904,On or near Supermarket,E01020659,County Durham 024C,Other theft,Investigation complete; no suspect identified,
4e38a623832302edda88e265d38234e4fe9db94c34c0d46597f842d5f9368557,2021-05,Durham Constabulary,Durham Constabulary,-1.738261,54.791977,On or near Hedleyhill Lane,E01020660,County Durham 024D,Other theft,Investigation complete; no suspect identified,
ba93127c1299fde134462e5643d2da4cb1ebc6fabf42bd3e593c09ee6998d42a,2021-05,Durham Constabulary,Durham Constabulary,-1.655995,54.806285,On or near Petrol Station,E01020660,County Durham 024D,Other theft,Status update unavailable,
f3c3210adaa6f3338068ebe81198dcad70382bfb9b2567ab1564d495d1739297,2021-05,Durham Constabulary,Durham Constabulary,-1.712629,54.794516,On or near Hamsteels Lane,E01020660,County Durham 024D,Other theft,Investigation complete; no suspect identified,
ddac0f3a7370333b05ba56f1c3274376adcf0d2604c29aea893976271f00e79b,2021-05,Durham Constabulary,Durham Constabulary,-1.685470,54.799005,On or near The Crescent,E01020660,County Durham 024D,Violence and sexual offences,Local resolution,
b9f096bcbca0b3c1fb3ee38e37ce8b4dfa18b610ee1af44cc0405a5088c999f4,2021-05,Durham Constabulary,Durham Constabulary,-1.707528,54.788006,On or near Laude Bank,E01020660,County Durham 024D,Violence and sexual offences,Unable to prosecute suspect,
c39781972de057fcb67d99858ee7adc12bd303e7241407b58d6c50b15adcecce,2021-05,Durham Constabulary,Durham Constabulary,-1.677816,54.799164,On or near Sports/Recreation Area,E01020660,County Durham 024D,Violence and sexual offences,Unable to prosecute suspect,
9d3be4806455f8130e51918302e18fc0fb93daa505136feadec2a4e3b8807981,2021-05,Durham Constabulary,Durham Constabulary,-1.677816,54.799164,On or near Sports/Recreation Area,E01020660,County Durham 024D,Violence and sexual offences,Unable to prosecute suspect,
,2021-05,Durham Constabulary,Durham Constabulary,-1.332925,54.791235,On or near Holmhill Lane,E01020751,County Durham 025A,Anti-social behaviour,,
389c087dad2e997bd7fb43fbf0242208f8ab651696ea80e4172f00be6b259aca,2021-05,Durham Constabulary,Durham Constabulary,-1.332925,54.791235,On or near Holmhill Lane,E01020751,County Durham 025A,Burglary,Investigation complete; no suspect identified,
d8dde61da48d780d921f4508393d415f4d8134986db71529d7cbd16d104a01f8,2021-05,Durham Constabulary,Durham Constabulary,-1.332925,54.791235,On or near Holmhill Lane,E01020751,County Durham 025A,Burglary,Unable to prosecute suspect,
97e31d07baa3243a791fae2e7719488187dd0edfeaebc7234e57b082a3ac93f2,2021-05,Durham Constabulary,Durham Constabulary,-1.338693,54.789433,On or near Holm Hill Gardens,E01020751,County Durham 025A,Burglary,Investigation complete; no suspect identified,
d08ceb8583a821c81c1e552e7e199174e6a4e80cd664c446562e7efdc9863134,2021-05,Durham Constabulary,Durham Constabulary,-1.338570,54.787465,On or near St Nicholas Terrace,E01020751,County Durham 025A,Criminal damage and arson,Investigation complete; no suspect identified,
3d9cd45ee3491a158e090f0e765f0691fe97b2fe489ce991e04d025d39c4619f,2021-05,Durham Constabulary,Durham Constabulary,-1.339765,54.788568,On or near Tennyson Road,E01020751,County Durham 025A,Criminal damage and arson,Unable to prosecute suspect,
d3b9ea78fc250bae93084a38ee7ac4d9adebc009ea1080cd80e671d0e8442822,2021-05,Durham Constabulary,Durham Constabulary,-1.344092,54.787360,On or near Milton Lane,E01020751,County Durham 025A,Criminal damage and arson,Unable to prosecute suspect,
8bea296191d7bb7d12bd7dd332a060fe3ef6e3bcc2f6af851beb280e2f80dc3c,2021-05,Durham Constabulary,Durham Constabulary,-1.335357,54.789011,On or near Oswald Terrace,E01020751,County Durham 025A,Other theft,Investigation complete; no suspect identified,
b2094e21435a97178960307d318038970499773649d8513290ad31116179ffdd,2021-05,Durham Constabulary,Durham Constabulary,-1.332925,54.791235,On or near Holmhill Lane,E01020751,County Durham 025A,Violence and sexual offences,Unable to prosecute suspect,
fd28b8a61bb21aa6928af70ac3f513f46545d28ed4dd6dfb4119f8474c41c6f5,2021-05,Durham Constabulary,Durham Constabulary,-1.332925,54.791235,On or near Holmhill Lane,E01020751,County Durham 025A,Violence and sexual offences,Court result unavailable,
56895782df06a5075a71207b083228b222028396379284ef71e6c004d467eb3c,2021-05,Durham Constabulary,Durham Constabulary,-1.338570,54.787465,On or near St Nicholas Terrace,E01020751,County Durham 025A,Violence and sexual offences,Action to be taken by another organisation,
0a933fe90a8dbe9c76ca104df94fde76494825b8ed4645a541d7690234622b16,2021-05,Durham Constabulary,Durham Constabulary,-1.332925,54.791235,On or near Holmhill Lane,E01020751,County Durham 025A,Violence and sexual offences,Unable to prosecute suspect,
64e033668881a22a52ed11651f12c0073849c2a63e3305fa3ddf18c76fcf2057,2021-05,Durham Constabulary,Durham Constabulary,-1.332925,54.791235,On or near Holmhill Lane,E01020751,County Durham 025A,Violence and sexual offences,Unable to prosecute suspect,
5174f7ada903307f333329f099324432fc94196fbfde7752a17ded5d2572ec98,2021-05,Durham Constabulary,Durham Constabulary,-1.332925,54.791235,On or near Holmhill Lane,E01020751,County Durham 025A,Violence and sexual offences,Unable to prosecute suspect,
c9842a13d8741edbe98529cf2bb4cdfaf938b826f39ba26b61016eb906d7ea09,2021-05,Durham Constabulary,Durham Constabulary,-1.332925,54.791235,On or near Holmhill Lane,E01020751,County Durham 025A,Other crime,Unable to prosecute suspect,
4dcbcc274ac36db28ff68065acd6fffd37cfdefb338b9ccc8561ebbc8d8584f4,2021-05,Durham Constabulary,Durham Constabulary,-1.332925,54.791235,On or near Holmhill Lane,E01020751,County Durham 025A,Other crime,Unable to prosecute suspect,
,2021-05,Durham Constabulary,Durham Constabulary,-1.320570,54.785173,On or near Sports/Recreation Area,E01020752,County Durham 025B,Anti-social behaviour,,
,2021-05,Durham Constabulary,Durham Constabulary,-1.319953,54.787640,On or near Castle Street,E01020752,County Durham 025B,Anti-social behaviour,,
,2021-05,Durham Constabulary,Durham Constabulary,-1.319300,54.788535,On or near Pedestrian Subway,E01020752,County Durham 025B,Anti-social behaviour,,
,2021-05,Durham Constabulary,Durham Constabulary,-1.324799,54.788908,On or near Anthony Street,E01020752,County Durham 025B,Anti-social behaviour,,
,2021-05,Durham Constabulary,Durham Constabulary,-1.319300,54.788535,On or near Pedestrian Subway,E01020752,County Durham 025B,Anti-social behaviour,,
,2021-05,Durham Constabulary,Durham Constabulary,-1.319300,54.788535,On or near Pedestrian Subway,E01020752,County Durham 025B,Anti-social behaviour,,
f825c435ea40aa8f8ee553e1a916ebc9206c0f6a274876c9506c3d78443fae5c,2021-05,Durham Constabulary,Durham Constabulary,-1.320570,54.785173,On or near Sports/Recreation Area,E01020752,County Durham 025B,Burglary,Investigation complete; no suspect identified,
b8e2952a822b2be8ddd06876820526bb47a9d6b8f089d8a4819ef7760ee8aefe,2021-05,Durham Constabulary,Durham Constabulary,-1.322758,54.788222,On or near B1283,E01020752,County Durham 025B,Criminal damage and arson,Investigation complete; no suspect identified,
7e958c25875e30246f602734e255f388da3f7258290c6fd451501f2c121c075c,2021-05,Durham Constabulary,Durham Constabulary,-1.331738,54.788739,On or near Vincent Street,E01020752,County Durham 025B,Criminal damage and arson,Status update unavailable,
119fd153981aeea0fbb9e5d3082e309f8225130f719d2c7baf5cbdf7c79ff03b,2021-05,Durham Constabulary,Durham Constabulary,-1.322758,54.788222,On or near B1283,E01020752,County Durham 025B,Criminal damage and arson,Investigation complete; no suspect identified,
199f0f19715916cc4e34afd5492a95015a1a7842b6603f685c16f430f5cd4df0,2021-05,Durham Constabulary,Durham Constabulary,-1.331738,54.788739,On or near Vincent Street,E01020752,County Durham 025B,Criminal damage and arson,Court result unavailable,
7757aa16ca877fe24ff5e081a33da06192234802fb8f19e4a31110acd4f87f21,2021-05,Durham Constabulary,Durham Constabulary,-1.329524,54.788116,On or near Supermarket,E01020752,County Durham 025B,Criminal damage and arson,Court result unavailable,
b2df77dda8ddfa1c10d8e67cf3a1a4ad1eca72c3a322bd9c94ff6db93a6b2bfb,2021-05,Durham Constabulary,Durham Constabulary,-1.326294,54.788790,On or near Avon Street,E01020752,County Durham 025B,Other theft,Unable to prosecute suspect,
ab8d9008910145cac6f98cdeda301872a4c09fbd595512c3068ef5093e142498,2021-05,Durham Constabulary,Durham Constabulary,-1.320451,54.788515,On or near Office Street,E01020752,County Durham 025B,Other theft,Unable to prosecute suspect,
5b07e448704660de9c4247c987e9819a19e2f7827bdcba1eb2f19c9554f3429c,2021-05,Durham Constabulary,Durham Constabulary,-1.320451,54.788515,On or near Office Street,E01020752,County Durham 025B,Other theft,Unable to prosecute suspect,
362becf0ac4567bb29926a1cb21c5a76f07ae0b6b095932c39af166762f949b6,2021-05,Durham Constabulary,Durham Constabulary,-1.324799,54.788908,On or near Anthony Street,E01020752,County Durham 025B,Shoplifting,Investigation complete; no suspect identified,
b44a825a1270f17466f19ed88a1f782e67d77c016e3ca6e1c3792e219b153efc,2021-05,Durham Constabulary,Durham Constabulary,-1.329524,54.788116,On or near Supermarket,E01020752,County Durham 025B,Shoplifting,Investigation complete; no suspect identified,
ea797df6e2a599d5700f9d3c93abb9baced378b8987eedf950aeb7c7a117559e,2021-05,Durham Constabulary,Durham Constabulary,-1.324799,54.788908,On or near Anthony Street,E01020752,County Durham 025B,Shoplifting,Investigation complete; no suspect identified,
dd04cdd72a1b5956510cfa43d12008c60afe7334445e0be66373c2baaa756411,2021-05,Durham Constabulary,Durham Constabulary,-1.324799,54.788908,On or near Anthony Street,E01020752,County Durham 025B,Shoplifting,Investigation complete; no suspect identified,
9df56fdc7e641f38f9c1db3f9eceb5ba0a50c361f62d76006ffbd80f45448463,2021-05,Durham Constabulary,Durham Constabulary,-1.324799,54.788908,On or near Anthony Street,E01020752,County Durham 025B,Shoplifting,Local resolution,
e20deb25cf867c8e1c748a1305a18f4308ec54302a0b0beb5a0015e2d0951c9b,2021-05,Durham Constabulary,Durham Constabulary,-1.324799,54.788908,On or near Anthony Street,E01020752,County Durham 025B,Shoplifting,Court result unavailable,
ad4579213cb523d14ff5696ea34076f8cb6b502a26b6b4f404361413ac2fe4cd,2021-05,Durham Constabulary,Durham Constabulary,-1.324799,54.788908,On or near Anthony Street,E01020752,County Durham 025B,Shoplifting,Investigation complete; no suspect identified,
7874b9ef69582518973c41030398fafcbddd1336d2ac037730c16ca5e1dfcf5e,2021-05,Durham Constabulary,Durham Constabulary,-1.323697,54.786933,On or near Bede Street,E01020752,County Durham 025B,Vehicle crime,Investigation complete; no suspect identified,
62e0b9eee11b13d680d1c57ccdf45a1bb708894b331abbbfd13fe790f91d3d71,2021-05,Durham Constabulary,Durham Constabulary,-1.322758,54.788222,On or near B1283,E01020752,County Durham 025B,Violence and sexual offences,Unable to prosecute suspect,
76b4ed250222778fcb63993f5ea0bdd2156cb03a18169039f9f82d438859a1d6,2021-05,Durham Constabulary,Durham Constabulary,-1.322758,54.788222,On or near B1283,E01020752,County Durham 025B,Violence and sexual offences,Unable to prosecute suspect,
370b1df106e0e4fbefe493abcf02c8c2f87c222be73435db573c7e4a3aa5acac,2021-05,Durham Constabulary,Durham Constabulary,-1.320170,54.785844,On or near Station Road,E01020752,County Durham 025B,Violence and sexual offences,Unable to prosecute suspect,
0ebf1eabf99a3d676a8b9011e9f8b065a2dfde3fcdc07323e95b56725d071e77,2021-05,Durham Constabulary,Durham Constabulary,-1.322758,54.788222,On or near B1283,E01020752,County Durham 025B,Violence and sexual offences,Unable to prosecute suspect,
860902bfb349a19bdac0ea8a6a46a16eb5e97c192b281c52b5d976cb20e1d671,2021-05,Durham Constabulary,Durham Constabulary,-1.326294,54.788790,On or near Avon Street,E01020752,County Durham 025B,Violence and sexual offences,Unable to prosecute suspect,
43f0322b0353db3bd44e7453a09f5f389add84689cd71dc9252f5e099bb32583,2021-05,Durham Constabulary,Durham Constabulary,-1.319953,54.787640,On or near Castle Street,E01020752,County Durham 025B,Violence and sexual offences,Unable to prosecute suspect,
8ffa53356c2972f9d1f4f1182df88edd11d2b84e042ed656b01af5fea124a1d7,2021-05,Durham Constabulary,Durham Constabulary,-1.320451,54.788515,On or near Office Street,E01020752,County Durham 025B,Violence and sexual offences,Unable to prosecute suspect,
689b1a76844403bb25033fa914d6f300693e6e9b53fd5734363289678f4e3551,2021-05,Durham Constabulary,Durham Constabulary,-1.329524,54.788116,On or near Supermarket,E01020752,County Durham 025B,Violence and sexual offences,Unable to prosecute suspect,
a468e250cf43b88e6b9a5472caa4bb6ed6751ebbb0ebeea949ef22a3871f4430,2021-05,Durham Constabulary,Durham Constabulary,-1.322758,54.788222,On or near B1283,E01020752,County Durham 025B,Violence and sexual offences,Investigation complete; no suspect identified,
99cdc3b3602f03eacfbe6b44b4167e4321453ed65704da09b7425ebb9ac1736e,2021-05,Durham Constabulary,Durham Constabulary,-1.322758,54.788222,On or near B1283,E01020752,County Durham 025B,Violence and sexual offences,Unable to prosecute suspect,
164b536ce26fb448c7a50f66e1a7012f5df0f76ce60b02c4676113630844755d,2021-05,Durham Constabulary,Durham Constabulary,-1.322758,54.788222,On or near B1283,E01020752,County Durham 025B,Violence and sexual offences,Unable to prosecute suspect,
7375758243e67b3b45c3aa6dccfb2cf7e113a30253a73465ae01705b2ec8fabd,2021-05,Durham Constabulary,Durham Constabulary,-1.329524,54.788116,On or near Supermarket,E01020752,County Durham 025B,Violence and sexual offences,Further investigation is not in the public interest,
d93a990f82ee36a8fc372eeb58b4605d259909e64ef3553107e15dab83411a85,2021-05,Durham Constabulary,Durham Constabulary,-1.325609,54.788840,On or near Angus Street,E01020752,County Durham 025B,Violence and sexual offences,Court result unavailable,
,2021-05,Durham Constabulary,Durham Constabulary,-1.354948,54.801887,On or near Stockton Road,E01020754,County Durham 025C,Anti-social behaviour,,
,2021-05,Durham Constabulary,Durham Constabulary,-1.354974,54.785621,On or near Cadwell Lane,E01020754,County Durham 025C,Anti-social behaviour,,
b57e63264384b800bf1012cf19a1017deea75d3bd0bf560f762d37902fc57db7,2021-05,Durham Constabulary,Durham Constabulary,-1.360030,54.804178,On or near Petrol Station,E01020754,County Durham 025C,Burglary,Investigation complete; no suspect identified,
5b95947ef211822db7e3511b338eb5c4100320866908eb6d6df05fff27b8c084,2021-05,Durham Constabulary,Durham Constabulary,-1.353568,54.792848,On or near Race Track,E01020754,County Durham 025C,Burglary,Investigation complete; no suspect identified,
3a6ccb1a65c2d08f63b030f7709d7b6df4a2e9cdd4d05dba80c9bbb614db77f4,2021-05,Durham Constabulary,Durham Constabulary,-1.348431,54.802804,On or near Belmont Avenue,E01020754,County Durham 025C,Criminal damage and arson,Unable to prosecute suspect,
9c12a9d38e6240533995090f743a08f447daf3f1fac02f9c27621822bde4c95f,2021-05,Durham Constabulary,Durham Constabulary,-1.359588,54.802585,On or near Petrol Station,E01020754,County Durham 025C,Other theft,Investigation complete; no suspect identified,
ae7c267da3c40ab2dfe07007f123269efaf7f2cb0d955fee1aac3c9841a85311,2021-05,Durham Constabulary,Durham Constabulary,-1.359588,54.802585,On or near Petrol Station,E01020754,County Durham 025C,Other theft,Investigation complete; no suspect identified,
f415f41e6c0c8f4d4b89c82ec12084cd049083ffc9d3a044a1fb48a8831538d1,2021-05,Durham Constabulary,Durham Constabulary,-1.350165,54.783915,On or near Grange Avenue,E01020754,County Durham 025C,Public order,Investigation complete; no suspect identified,
49c932ad000e83aa9cef1ce6bbe11c6095d57269be6bed5e3117a3b50b91259d,2021-05,Durham Constabulary,Durham Constabulary,-1.348431,54.802804,On or near Belmont Avenue,E01020754,County Durham 025C,Vehicle crime,Unable to prosecute suspect,
64a6eac95197587b4378efb3456fbec15e53375923d8943b609b6af8d1940f79,2021-05,Durham Constabulary,Durham Constabulary,-1.354948,54.801887,On or near Stockton Road,E01020754,County Durham 025C,Vehicle crime,Unable to prosecute suspect,
850cc5b95cc8f32b069c05fdd6f9667dea2b788e20b60ac4b374dc70fc8d52cd,2021-05,Durham Constabulary,Durham Constabulary,-1.347021,54.802437,On or near Barn Hollows,E01020754,County Durham 025C,Violence and sexual offences,Unable to prosecute suspect,
dae1ffc2cb6c3143976f563f221a3ee4e3459ea86739f1fbe89f7b3b175a29c4,2021-05,Durham Constabulary,Durham Constabulary,-1.357535,54.784924,On or near Essyn Court,E01020754,County Durham 025C,Violence and sexual offences,Unable to prosecute suspect,
,2021-05,Durham Constabulary,Durham Constabulary,-1.350504,54.781185,On or near Thorpe Road,E01020756,County Durham 025D,Anti-social behaviour,,
,2021-05,Durham Constabulary,Durham Constabulary,-1.361351,54.783552,On or near Westcliff Close,E01020756,County Durham 025D,Anti-social behaviour,,
,2021-05,Durham Constabulary,Durham Constabulary,-1.350504,54.781185,On or near Thorpe Road,E01020756,County Durham 025D,Anti-social behaviour,,
,2021-05,Durham Constabulary,Durham Constabulary,-1.366430,54.772938,On or near Hackworth Road,E01020756,County Durham 025D,Anti-social behaviour,,
,2021-05,Durham Constabulary,Durham Constabulary,-1.350504,54.781185,On or near Thorpe Road,E01020756,County Durham 025D,Anti-social behaviour,,
,2021-05,Durham Constabulary,Durham Constabulary,-1.353706,54.787142,On or near Fennel Grove,E01020756,County Durham 025D,Anti-social behaviour,,
78b31c2a0014b18659f8aaf365d37630b0a20c46bf50b74c73e84379b556ec86,2021-05,Durham Constabulary,Durham Constabulary,-1.372260,54.766848,On or near Cook Way,E01020756,County Durham 025D,Burglary,Unable to prosecute suspect,
5a189f8111eee2bd93e8a4ce66dd6857761b12feac6633438cb7b44d3ae9620d,2021-05,Durham Constabulary,Durham Constabulary,-1.372260,54.766848,On or near Cook Way,E01020756,County Durham 025D,Burglary,Unable to prosecute suspect,
9178614615879b4a4de9ce4f218aa102cf3dbc8fc1dd14d28833a7cecdb39bbf,2021-05,Durham Constabulary,Durham Constabulary,-1.383397,54.783702,On or near Pesspool Lane,E01020756,County Durham 025D,Public order,Unable to prosecute suspect,
deb642c04cf340934d696ffcf81644ebec3308d707d4a1540ab5496f152fe509,2021-05,Durham Constabulary,Durham Constabulary,-1.352652,54.778105,On or near Andrew'S Lane,E01020756,County Durham 025D,Public order,Investigation complete; no suspect identified,
56bc5549209607634e07fd5ac42927ce98393567586bbe40fd4b741691d67fd5,2021-05,Durham Constabulary,Durham Constabulary,-1.352249,54.780987,On or near Nursery Gardens,E01020756,County Durham 025D,Public order,Unable to prosecute suspect,
8e34fb18a0ce4860732f40aafcef8b073a2965bdc698291bae69dda18c0869f7,2021-05,Durham Constabulary,Durham Constabulary,-1.366522,54.784981,On or near Hall Walks,E01020756,County Durham 025D,Vehicle crime,Investigation complete; no suspect identified,
486a11b4f0cafc24a4c27fa21cc56753990570c05354031aacc5afacc2dd8b9d,2021-05,Durham Constabulary,Durham Constabulary,-1.357067,54.786009,On or near The Spinney,E01020756,County Durham 025D,Violence and sexual offences,Unable to prosecute suspect,
ecfd327d1faf3ccbb97eb17e3535866c745e78eb516496a66555e8b21a25e217,2021-05,Durham Constabulary,Durham Constabulary,-1.353706,54.787142,On or near Fennel Grove,E01020756,County Durham 025D,Violence and sexual offences,Unable to prosecute suspect,
40a37687e7b106a9f4f29e1b8ef2608fc1e08051631a63432e02b357bce25f66,2021-05,Durham Constabulary,Durham Constabulary,-1.383397,54.783702,On or near Pesspool Lane,E01020756,County Durham 025D,Violence and sexual offences,Offender given a caution,
ef96c9f3680ffe4dd42705f5ebc49cdb1cfc6150f080d719192625b1ba1b3508,2021-05,Durham Constabulary,Durham Constabulary,-1.383397,54.783702,On or near Pesspool Lane,E01020756,County Durham 025D,Violence and sexual offences,Unable to prosecute suspect,
d3d0ae26e8f207bdef3dfe09d7bd58a385d461e9f255f99b1e10e290e559550c,2021-05,Durham Constabulary,Durham Constabulary,-1.353706,54.787142,On or near Fennel Grove,E01020756,County Durham 025D,Violence and sexual offences,Unable to prosecute suspect,
057301712f80799dbf7de17ae46daaf5df79108d1d4adfecec68f7bf2baba7f0,2021-05,Durham Constabulary,Durham Constabulary,-1.353706,54.787142,On or near Fennel Grove,E01020756,County Durham 025D,Violence and sexual offences,Unable to prosecute suspect,
,2021-05,Durham Constabulary,Durham Constabulary,-1.627277,54.784129,On or near Bearpark Colliery Road,E01020679,County Durham 026A,Anti-social behaviour,,
,2021-05,Durham Constabulary,Durham Constabulary,-1.639926,54.786827,On or near Hilltop Road,E01020679,County Durham 026A,Anti-social behaviour,,
,2021-05,Durham Constabulary,Durham Constabulary,-1.627277,54.784129,On or near Bearpark Colliery Road,E01020679,County Durham 026A,Anti-social behaviour,,
,2021-05,Durham Constabulary,Durham Constabulary,-1.634419,54.785283,On or near Cook Avenue,E01020679,County Durham 026A,Anti-social behaviour,,
,2021-05,Durham Constabulary,Durham Constabulary,-1.639926,54.786827,On or near Hilltop Road,E01020679,County Durham 026A,Anti-social behaviour,,
,2021-05,Durham Constabulary,Durham Constabulary,-1.639328,54.784031,On or near Woodland Close,E01020679,County Durham 026A,Anti-social behaviour,,
214ef1becb4bdf0320ade5f29af874e8789aaf56a50bfae540b4aa5055ab13f3,2021-05,Durham Constabulary,Durham Constabulary,-1.632496,54.783076,On or near Auton Stile,E01020679,County Durham 026A,Burglary,Investigation complete; no suspect identified,
efa2c12e407a13f43f7281447179aee213e36a177fa5ed17b922b419edbafac2,2021-05,Durham Constabulary,Durham Constabulary,-1.630182,54.782745,On or near Wayside Court,E01020679,County Durham 026A,Criminal damage and arson,Investigation complete; no suspect identified,
5ffeaf6fa148479f0df1b4ef3370f9af7d9f819446272db83511a0e5acca7632,2021-05,Durham Constabulary,Durham Constabulary,-1.639328,54.784031,On or near Woodland Close,E01020679,County Durham 026A,Violence and sexual offences,Unable to prosecute suspect,
8c7eb4e7a6071da4c32ec1cb31e441241f03d2720fcd8c495adea1e27002fec8,2021-05,Durham Constabulary,Durham Constabulary,-1.632496,54.783076,On or near Auton Stile,E01020679,County Durham 026A,Violence and sexual offences,Unable to prosecute suspect,
9aa4276e31c94f3b5f689826786337f7ebbfc2164f241f3cc0237316afa4646d,2021-05,Durham Constabulary,Durham Constabulary,-1.627277,54.784129,On or near Bearpark Colliery Road,E01020679,County Durham 026A,Violence and sexual offences,Unable to prosecute suspect,
8245ac104967410906c9b31e71e6b38bed1c6a8f644d0f054af778b9d1e66b77,2021-05,Durham Constabulary,Durham Constabulary,-1.639328,54.784031,On or near Woodland Close,E01020679,County Durham 026A,Violence and sexual offences,Unable to prosecute suspect,
,2021-05,Durham Constabulary,Durham Constabulary,-1.632357,54.805209,On or near Sports/Recreation Area,E01020680,County Durham 026B,Anti-social behaviour,,
,2021-05,Durham Constabulary,Durham Constabulary,-1.636739,54.805779,On or near Newton Street,E01020680,County Durham 026B,Anti-social behaviour,,
01d812237ba96a404da1cb5a9a5347e1c43affa04763dd0da4eabffed3eefef5,2021-05,Durham Constabulary,Durham Constabulary,-1.612861,54.802264,On or near Trout'S Lane,E01020680,County Durham 026B,Criminal damage and arson,Unable to prosecute suspect,
5777f1ac84404e7f53f38439d2a2d14feb99d3ad374634dceb0e33c5114fba04,2021-05,Durham Constabulary,Durham Constabulary,-1.637104,54.787565,On or near Blackburn Close,E01020680,County Durham 026B,Criminal damage and arson,Unable to prosecute suspect,
915eab5faf4f00c3658cf2926cd29638e37d0937be6cf8cc249591a09ba86ed6,2021-05,Durham Constabulary,Durham Constabulary,-1.612861,54.802264,On or near Trout'S Lane,E01020680,County Durham 026B,Criminal damage and arson,Unable to prosecute suspect,
4bedf0da4826199010ece234d9760c21213f6ee98e052efd246c24fd8b44f95f,2021-05,Durham Constabulary,Durham Constabulary,-1.634173,54.807407,On or near Deneside,E01020680,County Durham 026B,Public order,Unable to prosecute suspect,
0c04ee2d80976b92bceae9dc2404802c63e5359cd1d2d04e243c59fda4ea8485,2021-05,Durham Constabulary,Durham Constabulary,-1.634173,54.807407,On or near Deneside,E01020680,County Durham 026B,Public order,Unable to prosecute suspect,
c722fcf28376ba23da8f1c4c3cda3ed5c7e5089267a560a12cfea355c96f0168,2021-05,Durham Constabulary,Durham Constabulary,-1.612861,54.802264,On or near Trout'S Lane,E01020680,County Durham 026B,Violence and sexual offences,Unable to prosecute suspect,
4857581e05d77fee95078ea4700bfd2bb63706811c24c52158e1255cbcb8236d,2021-05,Durham Constabulary,Durham Constabulary,-1.660001,54.801605,On or near Firs Terrace,E01020680,County Durham 026B,Violence and sexual offences,Unable to prosecute suspect,
9b99062954856fefea6573184f09b35a7264217a0108385c4b5cc99eb7a0f4c9,2021-05,Durham Constabulary,Durham Constabulary,-1.612861,54.802264,On or near Trout'S Lane,E01020680,County Durham 026B,Violence and sexual offences,Unable to prosecute suspect,
acd1b8d90fd2994e02dad7f5442d2597288f2e707a32c22dfd4c3a302a884c11,2021-05,Durham Constabulary,Durham Constabulary,-1.637206,54.786604,On or near Aden Court,E01020680,County Durham 026B,Violence and sexual offences,Unable to prosecute suspect,
9d3d237dac5ccbae254dc06319609f4823c3dca7c10b0be64a35da8bc8c2204b,2021-05,Durham Constabulary,Durham Constabulary,-1.612861,54.802264,On or near Trout'S Lane,E01020680,County Durham 026B,Violence and sexual offences,Unable to prosecute suspect,
62219d0bc5282151b8ac8cb17d28c3e8798a775d249df60ba62a391cb2e490da,2021-05,Durham Constabulary,Durham Constabulary,-1.637206,54.786604,On or near Aden Court,E01020680,County Durham 026B,Violence and sexual offences,Unable to prosecute suspect,
45c646fc15c8c5eaa6736a7d4ec0c60a6dc09ad3cb0c6bf704f794d3a8455cbd,2021-05,Durham Constabulary,Durham Constabulary,-1.612861,54.802264,On or near Trout'S Lane,E01020680,County Durham 026B,Violence and sexual offences,Unable to prosecute suspect,
44eb31ca752da05356a28fa7e6f2be51c0893dbbc015a6fac3b8bc7624bc2671,2021-05,Durham Constabulary,Durham Constabulary,-1.612861,54.802264,On or near Trout'S Lane,E01020680,County Durham 026B,Violence and sexual offences,Unable to prosecute suspect,
927c916edcaf90c5ff32537172f9f5162ce20283238fbe4ee162cdd3a22c4108,2021-05,Durham Constabulary,Durham Constabulary,-1.612861,54.802264,On or near Trout'S Lane,E01020680,County Durham 026B,Violence and sexual offences,Unable to prosecute suspect,
24c5881c601598e48f0b2718e72db7b1019488a1914d974dd7dd1c5267781bd4,2021-05,Durham Constabulary,Durham Constabulary,-1.612861,54.802264,On or near Trout'S Lane,E01020680,County Durham 026B,Violence and sexual offences,Unable to prosecute suspect,
6ef12cf24fd721668ef4ee90a396c26522587642d69c224cf4fe91475bf3f33b,2021-05,Durham Constabulary,Durham Constabulary,-1.612861,54.802264,On or near Trout'S Lane,E01020680,County Durham 026B,Violence and sexual offences,Unable to prosecute suspect,
1cd90e47f5e1ee26583f3f65be8e059f0efd91895afced6e9482199bb7dc5661,2021-05,Durham Constabulary,Durham Constabulary,-1.664528,54.799722,On or near Sports/Recreation Area,E01020680,County Durham 026B,Violence and sexual offences,Unable to prosecute suspect,
68350aa84f3e9b6712fe0f7ced68e2394c71ccabef03a974dbbd6d95badbf756,2021-05,Durham Constabulary,Durham Constabulary,-1.634173,54.807407,On or near Deneside,E01020680,County Durham 026B,Violence and sexual offences,Investigation complete; no suspect identified,
5f16a85677f2f86061430275a208803b87249f47937f07d1fe5ef278ba8799b6,2021-05,Durham Constabulary,Durham Constabulary,-1.637104,54.787565,On or near Blackburn Close,E01020680,County Durham 026B,Other crime,Unable to prosecute suspect,
0b1ce4b45d67aca65c939e91028c601ce5976f9b8ea56ead2ee9548d3a25add8,2021-05,Durham Constabulary,Durham Constabulary,-1.634479,54.809718,On or near Sacriston Lane,E01020681,County Durham 026C,Violence and sexual offences,Investigation complete; no suspect identified,
afaf6625d6a0b8120461e372fb358039b942caad7702a5c2d7eca11c926a834e,2021-05,Durham Constabulary,Durham Constabulary,-1.641751,54.775609,On or near Boundary Close,E01020714,County Durham 026D,Violence and sexual offences,Unable to prosecute suspect,
,2021-05,Durham Constabulary,Durham Constabulary,-1.634857,54.776370,On or near Maple Park,E01020716,County Durham 026E,Anti-social behaviour,,
,2021-05,Durham Constabulary,Durham Constabulary,-1.634857,54.776370,On or near Maple Park,E01020716,County Durham 026E,Anti-social behaviour,,
,2021-05,Durham Constabulary,Durham Constabulary,-1.633509,54.775898,On or near Pine Park,E01020716,County Durham 026E,Anti-social behaviour,,
,2021-05,Durham Constabulary,Durham Constabulary,-1.643914,54.778850,On or near Hunter Avenue,E01020716,County Durham 026E,Anti-social behaviour,,
,2021-05,Durham Constabulary,Durham Constabulary,-1.637671,54.781581,On or near Further/Higher Educational Building,E01020716,County Durham 026E,Anti-social behaviour,,
,2021-05,Durham Constabulary,Durham Constabulary,-1.640102,54.779171,On or near New Acres,E01020716,County Durham 026E,Anti-social behaviour,,
,2021-05,Durham Constabulary,Durham Constabulary,-1.637671,54.781581,On or near Further/Higher Educational Building,E01020716,County Durham 026E,Anti-social behaviour,,
,2021-05,Durham Constabulary,Durham Constabulary,-1.634857,54.776370,On or near Maple Park,E01020716,County Durham 026E,Anti-social behaviour,,
,2021-05,Durham Constabulary,Durham Constabulary,-1.644617,54.780281,On or near Whitehouse Lane,E01020716,County Durham 026E,Anti-social behaviour,,
531e7ae0176f7e53f2022e074cc36cdd26112937cee556102620b7fc9857f7a3,2021-05,Durham Constabulary,Durham Constabulary,-1.634857,54.776370,On or near Maple Park,E01020716,County Durham 026E,Burglary,Status update unavailable,
f9ddacd430eb544bc2a15d2239ac8ca712a67d06f820c929003c7eb5ade354d1,2021-05,Durham Constabulary,Durham Constabulary,-1.636439,54.778495,On or near Ash Avenue,E01020716,County Durham 026E,Criminal damage and arson,Unable to prosecute suspect,
4ab64b5c04a78aa57ae4e551ed9572bedbca06279a6b437bf265c39755d085f2,2021-05,Durham Constabulary,Durham Constabulary,-1.644617,54.780281,On or near Whitehouse Lane,E01020716,County Durham 026E,Criminal damage and arson,Court result unavailable,
a29f5630c4cffedd65cd23d31422c86ab29cdf7d85a3a2a394273778b4a0ce3d,2021-05,Durham Constabulary,Durham Constabulary,-1.634857,54.776370,On or near Maple Park,E01020716,County Durham 026E,Public order,Unable to prosecute suspect,
1075505dbc80797b10935c4e12cfd5a383b6844cd5ba8e2e41a80b9f6193ae3a,2021-05,Durham Constabulary,Durham Constabulary,-1.644617,54.780281,On or near Whitehouse Lane,E01020716,County Durham 026E,Public order,Status update unavailable,
6752f2913f103a0955c629dca5b670f578cfe61f07aef76a7e8af78da52e48b9,2021-05,Durham Constabulary,Durham Constabulary,-1.644617,54.780281,On or near Whitehouse Lane,E01020716,County Durham 026E,Public order,Court result unavailable,
5e55bfdb5032062e4099c04463656132b3644c693aa875ea4aa42952acf5a4e7,2021-05,Durham Constabulary,Durham Constabulary,-1.644617,54.780281,On or near Whitehouse Lane,E01020716,County Durham 026E,Public order,Investigation complete; no suspect identified,
93b033c977a1fd928b43f175179b12ce2b4a51676b6787004f40a9f1b5823ebc,2021-05,Durham Constabulary,Durham Constabulary,-1.633509,54.775898,On or near Pine Park,E01020716,County Durham 026E,Public order,Unable to prosecute suspect,
13e5743bfb4207cea8b694442a5c465f89c93b5bef64836502ebd7fa2d07bcb9,2021-05,Durham Constabulary,Durham Constabulary,-1.634857,54.776370,On or near Maple Park,E01020716,County Durham 026E,Theft from the person,Unable to prosecute suspect,
8add93ad4cd1b03aa783da80ec68098addcfa2ed2553291623d9ce883332f4e2,2021-05,Durham Constabulary,Durham Constabulary,-1.644617,54.780281,On or near Whitehouse Lane,E01020716,County Durham 026E,Violence and sexual offences,Unable to prosecute suspect,
976382b4f1220f141b2129de70da657294f02ef510e27c829a1507575e65e924,2021-05,Durham Constabulary,Durham Constabulary,-1.634857,54.776370,On or near Maple Park,E01020716,County Durham 026E,Violence and sexual offences,Unable to prosecute suspect,
f16d2c275f2b63d904dc0a91eac578f4d6322458083f479844bd7d537f81c4b0,2021-05,Durham Constabulary,Durham Constabulary,-1.632818,54.776705,On or near Bay Court,E01020716,County Durham 026E,Violence and sexual offences,Unable to prosecute suspect,
97a9f1f31b66f69b12fb6c4f72d5bbffbfdcb131c36f1bb002f23c8f865ae59d,2021-05,Durham Constabulary,Durham Constabulary,-1.636285,54.776653,On or near Lilac Park,E01020716,County Durham 026E,Violence and sexual offences,Unable to prosecute suspect,
ed1591bcff760018c37e279c51d75c774884d7caf99f2e0ce4f269a2996b4f09,2021-05,Durham Constabulary,Durham Constabulary,-1.637671,54.781581,On or near Further/Higher Educational Building,E01020716,County Durham 026E,Violence and sexual offences,Unable to prosecute suspect,
26f65772c57fba58ddca90c7318043b7107bda82576efa7e07cb79d349c5e65d,2021-05,Durham Constabulary,Durham Constabulary,-1.634857,54.776370,On or near Maple Park,E01020716,County Durham 026E,Violence and sexual offences,Unable to prosecute suspect,
38e316e5fabeb2e2f14e0b5e9645cf975cdb8d4a88d01c47e597c687b1365780,2021-05,Durham Constabulary,Durham Constabulary,-1.638031,54.777817,On or near Oakridge Road,E01020716,County Durham 026E,Other crime,Further investigation is not in the public interest,
1814dc7c922ab6c713fb4b59c817f0c61c326bca5b30666ea1117ee4cbd333be,2021-05,Durham Constabulary,Durham Constabulary,-1.637671,54.781581,On or near Further/Higher Educational Building,E01020716,County Durham 026E,Other crime,Unable to prosecute suspect,
,2021-05,Durham Constabulary,Durham Constabulary,-1.486847,54.790842,On or near Elizabeth Court,E01020725,County Durham 027A,Anti-social behaviour,,
,2021-05,Durham Constabulary,Durham Constabulary,-1.484126,54.789599,On or near Coalford Lane,E01020725,County Durham 027A,Anti-social behaviour,,
,2021-05,Durham Constabulary,Durham Constabulary,-1.485720,54.792644,On or near Newby Lane,E01020725,County Durham 027A,Anti-social behaviour,,
594ca47a4ba2f67491b3cac76d63e375c84b33c9099529027627d44ba1700b34,2021-05,Durham Constabulary,Durham Constabulary,-1.472096,54.784308,On or near Plantation Avenue,E01020725,County Durham 027A,Vehicle crime,Investigation complete; no suspect identified,
fe72d8925c76ea4a16983308b5d1599a78861ce770a1807b85400a11282343f1,2021-05,Durham Constabulary,Durham Constabulary,-1.484126,54.789599,On or near Coalford Lane,E01020725,County Durham 027A,Violence and sexual offences,Unable to prosecute suspect,
29649eb6032264c3fea995198dabf1bca6e3b8493588cd6d474178a78ee3a84d,2021-05,Durham Constabulary,Durham Constabulary,-1.484126,54.789599,On or near Coalford Lane,E01020725,County Durham 027A,Violence and sexual offences,Unable to prosecute suspect,
,2021-05,Durham Constabulary,Durham Constabulary,-1.499131,54.813611,On or near Lea Riggs,E01020726,County Durham 027B,Anti-social behaviour,,
,2021-05,Durham Constabulary,Durham Constabulary,-1.498299,54.816690,On or near The Dene,E01020726,County Durham 027B,Anti-social behaviour,,
,2021-05,Durham Constabulary,Durham Constabulary,-1.504389,54.815008,On or near Finchale Court,E01020726,County Durham 027B,Anti-social behaviour,,
,2021-05,Durham Constabulary,Durham Constabulary,-1.498299,54.816690,On or near The Dene,E01020726,County Durham 027B,Anti-social behaviour,,
,2021-05,Durham Constabulary,Durham Constabulary,-1.498636,54.815919,On or near Church Street,E01020726,County Durham 027B,Anti-social behaviour,,
,2021-05,Durham Constabulary,Durham Constabulary,-1.504389,54.815008,On or near Finchale Court,E01020726,County Durham 027B,Anti-social behaviour,,
,2021-05,Durham Constabulary,Durham Constabulary,-1.498299,54.816690,On or near The Dene,E01020726,County Durham 027B,Anti-social behaviour,,
fb9d022c5d733de2356bab0ed7c0aec13d6c2ee6f9b11f547fff8e28c0e86d3e,2021-05,Durham Constabulary,Durham Constabulary,-1.502385,54.810947,On or near Petrol Station,E01020726,County Durham 027B,Other theft,Investigation complete; no suspect identified,
96273af04bec9c7a6e311685280934bb45505b11bcff8b94526ba9c8840d1bca,2021-05,Durham Constabulary,Durham Constabulary,-1.502385,54.810947,On or near Petrol Station,E01020726,County Durham 027B,Other theft,Investigation complete; no suspect identified,
39b33dde5bd4ef5f4c8eb262d5d1d68f848f08c56a2d04ad6cc6ba89391ef90d,2021-05,Durham Constabulary,Durham Constabulary,-1.502385,54.810947,On or near Petrol Station,E01020726,County Durham 027B,Other theft,Investigation complete; no suspect identified,
a80e5b15da9650fdca3c71273996333da8f941e227199c2f397726b99423caad,2021-05,Durham Constabulary,Durham Constabulary,-1.503379,54.809810,On or near A690,E01020726,County Durham 027B,Violence and sexual offences,Status update unavailable,
da25e26b54146a0f930e7e5cba9532f94bae1ab00f37a41bd0ac853c501645f3,2021-05,Durham Constabulary,Durham Constabulary,-1.510323,54.811968,On or near Station Road,E01020726,County Durham 027B,Violence and sexual offences,Unable to prosecute suspect,
406c51ebe2afa99a62a4917ed074b6af31938d1be46ae90af8f9d5db5151f125,2021-05,Durham Constabulary,Durham Constabulary,-1.502385,54.810947,On or near Petrol Station,E01020726,County Durham 027B,Violence and sexual offences,Unable to prosecute suspect,
10585d7e555a350e48bc3ff6eda9e4196cb4984fc8e6912e6d12d66e445b3737,2021-05,Durham Constabulary,Durham Constabulary,-1.504389,54.815008,On or near Finchale Court,E01020726,County Durham 027B,Violence and sexual offences,Local resolution,
1d5a986fa5099a1f7a657c5128686583802ceef2d87340072054be5bd37bec9c,2021-05,Durham Constabulary,Durham Constabulary,-1.502385,54.810947,On or near Petrol Station,E01020726,County Durham 027B,Violence and sexual offences,Unable to prosecute suspect,
c2e815888d01015d1ca91e9e225b686ee44425d82323ae7923c5ccd7e23473d3,2021-05,Durham Constabulary,Durham Constabulary,-1.499131,54.813611,On or near Lea Riggs,E01020726,County Durham 027B,Violence and sexual offences,Unable to prosecute suspect,
4d809f1b5a8b456b3e68e6db9ef1341191bb80f41606c4ffdb6bf5559eaa216d,2021-05,Durham Constabulary,Durham Constabulary,-1.504389,54.815008,On or near Finchale Court,E01020726,County Durham 027B,Violence and sexual offences,Local resolution,
4d6ae1234a10853da05c8ecf1485697c6597ec69cdf6bccb4b28d753c0de037a,2021-05,Durham Constabulary,Durham Constabulary,-1.510323,54.811968,On or near Station Road,E01020726,County Durham 027B,Other crime,Unable to prosecute suspect,
7d30ebfb0f3d76605289264e873c14b5e9ee609ee02b3244d48f4c7c030a86bb,2021-05,Durham Constabulary,Durham Constabulary,-1.510323,54.811968,On or near Station Road,E01020726,County Durham 027B,Other crime,Unable to prosecute suspect,
dbc9b22b9c8df2d3cb762d31c4ce05c93683917d87166237c4f9919faf8929cd,2021-05,Durham Constabulary,Durham Constabulary,-1.502385,54.810947,On or near Petrol Station,E01020726,County Durham 027B,Other crime,Awaiting court outcome,
,2021-05,Durham Constabulary,Durham Constabulary,-1.504719,54.813517,On or near Fair View,E01020727,County Durham 027C,Anti-social behaviour,,
,2021-05,Durham Constabulary,Durham Constabulary,-1.506294,54.811897,On or near Chapel View,E01020727,County Durham 027C,Anti-social behaviour,,
,2021-05,Durham Constabulary,Durham Constabulary,-1.504719,54.813517,On or near Fair View,E01020727,County Durham 027C,Anti-social behaviour,,
ba74516faa2c6042c2efebec04e6c8baedcd693aef60b3eefd97bdc7a7446f4f,2021-05,Durham Constabulary,Durham Constabulary,-1.505445,54.811391,On or near Woodland View,E01020727,County Durham 027C,Burglary,Investigation complete; no suspect identified,
3309f328c77dc63497a3106fc1b4815c7c26ec3169408b095cdcbb6ebce7abca,2021-05,Durham Constabulary,Durham Constabulary,-1.508217,54.816326,On or near Adventure Lane,E01020727,County Durham 027C,Burglary,Investigation complete; no suspect identified,
fb6acb8eaac102075251838e937a14d565275ddc1276ed78c6033377d52fbb91,2021-05,Durham Constabulary,Durham Constabulary,-1.515270,54.813407,On or near Low Station Road,E01020727,County Durham 027C,Criminal damage and arson,Investigation complete; no suspect identified,
27cd961b9dc3d5fdcdbdd33ddcf852c582fa0b3f79131c770d5f315ad994766f,2021-05,Durham Constabulary,Durham Constabulary,-1.506294,54.811897,On or near Chapel View,E01020727,County Durham 027C,Other theft,Unable to prosecute suspect,
95420e248db3d2c0c24643c546388f3b22949829ca4728333bb3df0d0c50b2f3,2021-05,Durham Constabulary,Durham Constabulary,-1.507224,54.812216,On or near School View,E01020727,County Durham 027C,Violence and sexual offences,Unable to prosecute suspect,
3e43628c62c3b3e12c6f45685bb5b029096675502fb3d979e741b2ea3d94bcc0,2021-05,Durham Constabulary,Durham Constabulary,-1.508907,54.813283,On or near Prospect View,E01020727,County Durham 027C,Violence and sexual offences,Local resolution,
05ba983135c9a5fcdc36dd21d23418413c91b0864b4d9c26fe49222bd82824b9,2021-05,Durham Constabulary,Durham Constabulary,-1.505445,54.811391,On or near Woodland View,E01020727,County Durham 027C,Violence and sexual offences,Status update unavailable,
946dfe239ee691b8b9f29dc08ff04c73900f1bf5aac3d1ab8bfc308d5bbf4fc0,2021-05,Durham Constabulary,Durham Constabulary,-1.502455,54.812852,On or near Rainton View,E01020727,County Durham 027C,Violence and sexual offences,Unable to prosecute suspect,
50f856fed996e1a42191e924e791041fae191c862c04b1de28e73e1d7167a396,2021-05,Durham Constabulary,Durham Constabulary,-1.504719,54.813517,On or near Fair View,E01020727,County Durham 027C,Violence and sexual offences,Action to be taken by another organisation,
,2021-05,Durham Constabulary,Durham Constabulary,-1.439582,54.767430,On or near Sports/Recreation Area,E01020729,County Durham 027D,Anti-social behaviour,,
,2021-05,Durham Constabulary,Durham Constabulary,-1.439582,54.767430,On or near Sports/Recreation Area,E01020729,County Durham 027D,Anti-social behaviour,,
,2021-05,Durham Constabulary,Durham Constabulary,-1.487322,54.774165,On or near Local Avenue,E01020729,County Durham 027D,Anti-social behaviour,,
,2021-05,Durham Constabulary,Durham Constabulary,-1.473177,54.752527,On or near A181,E01020729,County Durham 027D,Anti-social behaviour,,
,2021-05,Durham Constabulary,Durham Constabulary,-1.438789,54.765233,On or near Barnard Avenue,E01020729,County Durham 027D,Anti-social behaviour,,
,2021-05,Durham Constabulary,Durham Constabulary,-1.439582,54.767430,On or near Sports/Recreation Area,E01020729,County Durham 027D,Anti-social behaviour,,
1273d1c2d66f55a0af7ae2b333cd636ab4679a46854f972e9355d6f890ee42cf,2021-05,Durham Constabulary,Durham Constabulary,-1.476826,54.775585,On or near North View,E01020729,County Durham 027D,Drugs,Investigation complete; no suspect identified,
70bc760723fb67cbbb10568f5fa5862367fb076a81f6e3c6521e5a79abb435dc,2021-05,Durham Constabulary,Durham Constabulary,-1.439582,54.767430,On or near Sports/Recreation Area,E01020729,County Durham 027D,Violence and sexual offences,Unable to prosecute suspect,
7b7ffece4ff3cf9411a42ac99e03efa815938a393fb57ec1ab314bbd9b59b963,2021-05,Durham Constabulary,Durham Constabulary,-1.476707,54.775189,On or near South View,E01020729,County Durham 027D,Violence and sexual offences,Unable to prosecute suspect,
9ce3a6d829b9003c85aec5161c50a9bd7035cbc569917a0e614e9202809d6fb5,2021-05,Durham Constabulary,Durham Constabulary,-1.438384,54.764198,On or near Thornton Close,E01020729,County Durham 027D,Violence and sexual offences,Court result unavailable,
eeebd434096eebc9011d2570f9f177083ecdcc40718c005d65585184e8ad8b7c,2021-05,Durham Constabulary,Durham Constabulary,-1.439582,54.767430,On or near Sports/Recreation Area,E01020729,County Durham 027D,Violence and sexual offences,Unable to prosecute suspect,
9e37d2b776633df1e52286d5d0f3fbea28c31c19a165db8b9a906c10e693b353,2021-05,Durham Constabulary,Durham Constabulary,-1.487322,54.774165,On or near Local Avenue,E01020729,County Durham 027D,Violence and sexual offences,Unable to prosecute suspect,
c517ec65a4193f4156e70d6894302df829f7213383d1dc59b36579da895ea0fb,2021-05,Durham Constabulary,Durham Constabulary,-1.476472,54.772950,On or near Pinders Way,E01020729,County Durham 027D,Violence and sexual offences,Court result unavailable,
b70cc27127e9b17debdb7a2712d8c73f0962b48ba1de9b6aae714f5adee9b8d5,2021-05,Durham Constabulary,Durham Constabulary,-1.438384,54.764198,On or near Thornton Close,E01020729,County Durham 027D,Violence and sexual offences,Court result unavailable,
4eff1077a564c44bed4390b00b596ec3c592dbb4c68a0ec35459e02052cf6500,2021-05,Durham Constabulary,Durham Constabulary,-1.479875,54.775472,On or near Kell Crescent,E01020729,County Durham 027D,Violence and sexual offences,Unable to prosecute suspect,
428342f1e7c99909fddfb804f5e50bc152789bfab08c3f613177eff23600e7db,2021-05,Durham Constabulary,Durham Constabulary,-1.474159,54.775061,On or near Jubilee Crescent,E01020729,County Durham 027D,Violence and sexual offences,Unable to prosecute suspect,
822734456aeb5e95ddb841feb7a791afc115ec71943a3d593d1c2157908f458f,2021-05,Durham Constabulary,Durham Constabulary,-1.483987,54.773594,On or near Bannerman Terrace,E01020729,County Durham 027D,Violence and sexual offences,Unable to prosecute suspect,
cf90af15a224f630d1a389c79bd5b960e0e767e8f1832a4b57e51ad6ad1db81d,2021-05,Durham Constabulary,Durham Constabulary,-1.479875,54.775472,On or near Kell Crescent,E01020729,County Durham 027D,Violence and sexual offences,Unable to prosecute suspect,
02eccf844ab8c771077e29019d6aa14d5e85cddf5c8af94020fdfe422b31f565,2021-05,Durham Constabulary,Durham Constabulary,-1.466586,54.762249,On or near George Square,E01020729,County Durham 027D,Violence and sexual offences,Status update unavailable,
7a39ac5e887fb01d866d542f004b411dd1b73953679063337630f9a5ef9608cb,2021-05,Durham Constabulary,Durham Constabulary,-1.444268,54.764593,On or near Sports/Recreation Area,E01020729,County Durham 027D,Violence and sexual offences,Court result unavailable,
255cfc4508ec017c3b11d90c021407778a84f4a79f1d132a1ad3885fec5be5af,2021-05,Durham Constabulary,Durham Constabulary,-1.438789,54.765233,On or near Barnard Avenue,E01020729,County Durham 027D,Violence and sexual offences,Unable to prosecute suspect,
f85dd901ee7ca16fa56a8ecf1491d36d05612ec33759e824cbc738ef9259b14d,2021-05,Durham Constabulary,Durham Constabulary,-1.483987,54.773594,On or near Bannerman Terrace,E01020729,County Durham 027D,Violence and sexual offences,Unable to prosecute suspect,
,2021-05,Durham Constabulary,Durham Constabulary,-1.507931,54.778303,On or near Gray Avenue,E01020730,County Durham 027E,Anti-social behaviour,,
90b7c63ff50ff2b000e4912c2ca2ceb5834e3b2fdd176f521ab1bd78db12dd14,2021-05,Durham Constabulary,Durham Constabulary,-1.510963,54.778315,On or near Lambton Field,E01020730,County Durham 027E,Drugs,Local resolution,
83409a324a4b9f7a5a25b6db70d420e2f91194dd8570bf3e9667379e4973fc6e,2021-05,Durham Constabulary,Durham Constabulary,-1.502103,54.779421,On or near Meadow Edge,E01020730,County Durham 027E,Violence and sexual offences,Unable to prosecute suspect,
8aca70cf87a3db6a342d0f32abf277557b12cc014528d6644461490f4255b5b3,2021-05,Durham Constabulary,Durham Constabulary,-1.510963,54.778315,On or near Lambton Field,E01020730,County Durham 027E,Violence and sexual offences,Unable to prosecute suspect,
9d0f986f6bd589d789c191680ea132a0f73635225ccb4cd6fe4c35c64a6238af,2021-05,Durham Constabulary,Durham Constabulary,-1.508744,54.776653,On or near Kidd Avenue,E01020730,County Durham 027E,Violence and sexual offences,Unable to prosecute suspect,
8603f76bbfda1c16021e48941708a582abac0ba3b4678f601944e97160557ffd,2021-05,Durham Constabulary,Durham Constabulary,-1.507250,54.779406,On or near Usher Avenue,E01020730,County Durham 027E,Violence and sexual offences,Further action is not in the public interest,
,2021-05,Durham Constabulary,Durham Constabulary,-1.505058,54.774239,On or near Parking Area,E01020731,County Durham 027F,Anti-social behaviour,,
,2021-05,Durham Constabulary,Durham Constabulary,-1.511053,54.774721,On or near Smith Close,E01020731,County Durham 027F,Anti-social behaviour,,
179adfa75ca6fac41a37d37783ae2f19d5f1007b32b0d75c4a8be92f4c277cf1,2021-05,Durham Constabulary,Durham Constabulary,-1.505103,54.775686,On or near Hallgarth Street,E01020731,County Durham 027F,Violence and sexual offences,Unable to prosecute suspect,
6ab57f1dc140f5005afc560dade55c8f7263907b6b4fecc75aee6b4c34fd7346,2021-05,Durham Constabulary,Durham Constabulary,-1.510170,54.773172,On or near Talisman Close,E01020731,County Durham 027F,Violence and sexual offences,Unable to prosecute suspect,
91fb5a492d8953ff792d81f930221a6eaba8dd208d89b4932e001a0eb187cee3,2021-05,Durham Constabulary,Durham Constabulary,-1.510170,54.773172,On or near Talisman Close,E01020731,County Durham 027F,Violence and sexual offences,Unable to prosecute suspect,
88f45e577b345b40fc3cef4379df310acba0b459494b39939fd699f4a79099e8,2021-05,Durham Constabulary,Durham Constabulary,-1.510658,54.773947,On or near St Mary'S Drive,E01020731,County Durham 027F,Violence and sexual offences,Court result unavailable,
,2021-05,Durham Constabulary,Durham Constabulary,-1.531976,54.784258,On or near Wiltshire Close,E01020682,County Durham 028A,Anti-social behaviour,,
4bc0226c8a29050105c69dae7f265483d7dc84288d481858a65f9e2d2dc86f0b,2021-05,Durham Constabulary,Durham Constabulary,-1.532041,54.781328,On or near Oxfordshire Drive,E01020682,County Durham 028A,Burglary,Court result unavailable,
d00e1627e38eef20410337b9b33941015abd320fff38c31f7c328d4f7b88925b,2021-05,Durham Constabulary,Durham Constabulary,-1.531976,54.784258,On or near Wiltshire Close,E01020682,County Durham 028A,Other theft,Investigation complete; no suspect identified,
ab789a71790539a71fe942ea6257610dec7bc6ebbe4c6f7393b7895c5e4d9989,2021-05,Durham Constabulary,Durham Constabulary,-1.531976,54.784258,On or near Wiltshire Close,E01020682,County Durham 028A,Other theft,Investigation complete; no suspect identified,
,2021-05,Durham Constabulary,Durham Constabulary,-1.516651,54.786309,On or near Ennerdale Close,E01020683,County Durham 028B,Anti-social behaviour,,
b30b27f1aa59892260e9dcbae8f5907f60022bb6997ec6387da2872639fc7443,2021-05,Durham Constabulary,Durham Constabulary,-1.525196,54.786927,On or near Broomside Lane,E01020683,County Durham 028B,Criminal damage and arson,Investigation complete; no suspect identified,
b300220bac002e620185d4fc9cb209df3b8050c85516522a98c3de49de9812f6,2021-05,Durham Constabulary,Durham Constabulary,-1.529928,54.786577,On or near Fellside Gardens,E01020683,County Durham 028B,Drugs,Further investigation is not in the public interest,
6dabfb21f889149fe2f0f06014258ad5a635503625c441d21d17f9b3d7a75d72,2021-05,Durham Constabulary,Durham Constabulary,-1.529928,54.786577,On or near Fellside Gardens,E01020683,County Durham 028B,Public order,Investigation complete; no suspect identified,
838f24bfe38107b012e32d402a552e50714adb9e2a9571f2757b180506ce2ca0,2021-05,Durham Constabulary,Durham Constabulary,-1.525196,54.786927,On or near Broomside Lane,E01020683,County Durham 028B,Public order,Unable to prosecute suspect,
68ac825270d2fc6263dcb6d2bfac2b454501e5fed7887aa9b4d9db52dbd41d8e,2021-05,Durham Constabulary,Durham Constabulary,-1.529052,54.784273,On or near Further/Higher Educational Building,E01020683,County Durham 028B,Violence and sexual offences,Unable to prosecute suspect,
a00a1f0a81ad1e219fbf36423e984a5dfb2e68fd2d90c3775063364980cdddc9,2021-05,Durham Constabulary,Durham Constabulary,-1.521927,54.789889,On or near Bainbridge Street,E01020690,County Durham 028C,Criminal damage and arson,Investigation complete; no suspect identified,
1e968a11a0cbd89ec95ada1547140b27eb7a186499017b0d884b993603f29517,2021-05,Durham Constabulary,Durham Constabulary,-1.530179,54.790415,On or near A1(M),E01020690,County Durham 028C,Drugs,Further investigation is not in the public interest,
452174eea96be6ecfd9b8454bcf5664b4d04c44f90527295d58f3534531e4f68,2021-05,Durham Constabulary,Durham Constabulary,-1.536199,54.792991,On or near A690,E01020690,County Durham 028C,Other theft,Investigation complete; no suspect identified,
0beed5c099b0e8c3a87916831bfedfcdd03c99adbc8e8352648c860e358210c1,2021-05,Durham Constabulary,Durham Constabulary,-1.521232,54.794784,On or near Petrol Station,E01020690,County Durham 028C,Other theft,Unable to prosecute suspect,
831bc57120c78cb4ee6d1ffe00e5523769874cfb61e13bf594059f19b86dd6ba,2021-05,Durham Constabulary,Durham Constabulary,-1.521232,54.794784,On or near Petrol Station,E01020690,County Durham 028C,Robbery,Unable to prosecute suspect,
cd0151799dd77f37c1a855e6aac25e10fde59209fdebd71743c9c95f29dc002b,2021-05,Durham Constabulary,Durham Constabulary,-1.521232,54.794784,On or near Petrol Station,E01020690,County Durham 028C,Violence and sexual offences,Unable to prosecute suspect,
d5ec76df77e65ad08999b6310c56366a2e94ae9f72eeb7cf578dabc8a0176d0b,2021-05,Durham Constabulary,Durham Constabulary,-1.521927,54.789889,On or near Bainbridge Street,E01020690,County Durham 028C,Violence and sexual offences,Unable to prosecute suspect,
40af6abf01d14057cae039fad18ea2b1cbf0525038a64d1faca3285c8ce7fbcd,2021-05,Durham Constabulary,Durham Constabulary,-1.536199,54.792991,On or near A690,E01020690,County Durham 028C,Violence and sexual offences,Unable to prosecute suspect,
,2021-05,Durham Constabulary,Durham Constabulary,-1.529816,54.788131,On or near Pickering Place,E01020691,County Durham 028D,Anti-social behaviour,,
01602cee10c233564569d04cf086dd85b9f6dbf7499ef71c6646bcccde429811,2021-05,Durham Constabulary,Durham Constabulary,-1.521632,54.788558,On or near Poplar Road,E01020691,County Durham 028D,Public order,Investigation complete; no suspect identified,
ae4e2baca8d3ba10eb81f07c94bdac26c7113cb2f5ee6d537296542f6cc8159d,2021-05,Durham Constabulary,Durham Constabulary,-1.521632,54.788558,On or near Poplar Road,E01020691,County Durham 028D,Public order,Unable to prosecute suspect,
48f3e9f6fef6bd4daefe52caf191bf9f768bc10ca405a55f04f2d27d0d9bc1e5,2021-05,Durham Constabulary,Durham Constabulary,-1.530307,54.787396,On or near Newlands Road,E01020691,County Durham 028D,Shoplifting,Investigation complete; no suspect identified,
e2c2a17d26e3346e0d3bf6460bff6f0f8e2554216fcc528f669bbd5bc0b6f46a,2021-05,Durham Constabulary,Durham Constabulary,-1.521632,54.788558,On or near Poplar Road,E01020691,County Durham 028D,Violence and sexual offences,Unable to prosecute suspect,
204b7fa21fd068a0fe9541876849659620321935361f59df2b3dc3bc9d661f74,2021-05,Durham Constabulary,Durham Constabulary,-1.523275,54.788996,On or near Broome Road,E01020691,County Durham 028D,Violence and sexual offences,Unable to prosecute suspect,
d9a65d9f75b76c90b0caebc9b405a1366f8e715123ce9dc5595b417548278c9c,2021-05,Durham Constabulary,Durham Constabulary,-1.524918,54.790772,On or near Ramside View,E01020691,County Durham 028D,Violence and sexual offences,Action to be taken by another organisation,
99ee9980eb4d7c3181e451a2faaa4b5aa7a711dbacac45e359bbdf29e43e129c,2021-05,Durham Constabulary,Durham Constabulary,-1.521632,54.788558,On or near Poplar Road,E01020691,County Durham 028D,Violence and sexual offences,Status update unavailable,
99cc5d60e5d99ec4e530fefb0ad95278bd7803d1cd194e60e09acec84d2ba408,2021-05,Durham Constabulary,Durham Constabulary,-1.523275,54.788996,On or near Broome Road,E01020691,County Durham 028D,Violence and sexual offences,Unable to prosecute suspect,
155788ff2e80daf851b85be0bd875e9130ab43d1195c66088b4eb0dba5f23043,2021-05,Durham Constabulary,Durham Constabulary,-1.521632,54.788558,On or near Poplar Road,E01020691,County Durham 028D,Violence and sexual offences,Unable to prosecute suspect,
366fd9f975351c835f31cccdba732614e58a05e02c8c05a59bd74beb6a4eea2e,2021-05,Durham Constabulary,Durham Constabulary,-1.521632,54.788558,On or near Poplar Road,E01020691,County Durham 028D,Violence and sexual offences,Unable to prosecute suspect,
e2f48e24afb772484416a041522788e2cbe636889528cabd961afd431f504832,2021-05,Durham Constabulary,Durham Constabulary,-1.550796,54.786566,On or near Prebends Field,E01020692,County Durham 028E,Drugs,Investigation complete; no suspect identified,
e0f2e1661ccfb360f75c6303732a74930ee01df392b75a296419a45db391f04d,2021-05,Durham Constabulary,Durham Constabulary,-1.543192,54.787949,On or near Sports/Recreation Area,E01020692,County Durham 028E,Drugs,Local resolution,
024162ea6be22b747c8c82d5969ba52ad03a8cfdbf930eee1ef3301826f08c15,2021-05,Durham Constabulary,Durham Constabulary,-1.544615,54.783029,On or near Hawthorn Crescent,E01020692,County Durham 028E,Violence and sexual offences,Unable to prosecute suspect,
62c0786fc94c868c04a13de0e2337fcd4353d6ed4f6324c3bc0defc5e77949c5,2021-05,Durham Constabulary,Durham Constabulary,-1.540351,54.783400,On or near Whiteoak Avenue,E01020692,County Durham 028E,Violence and sexual offences,Unable to prosecute suspect,
,2021-05,Durham Constabulary,Durham Constabulary,-1.545688,54.783051,On or near Aspen Close,E01020693,County Durham 029A,Anti-social behaviour,,
,2021-05,Durham Constabulary,Durham Constabulary,-1.538156,54.779563,On or near Renny'S Lane,E01020693,County Durham 029A,Anti-social behaviour,,
,2021-05,Durham Constabulary,Durham Constabulary,-1.540895,54.782009,On or near Belle Vue Court,E01020693,County Durham 029A,Anti-social behaviour,,
,2021-05,Durham Constabulary,Durham Constabulary,-1.540895,54.782009,On or near Belle Vue Court,E01020693,County Durham 029A,Anti-social behaviour,,
7a3b2767af1df8bc73ffd90f5c62eb2c3e2cff1fd3520c8ea08e0e80cfd1bc5a,2021-05,Durham Constabulary,Durham Constabulary,-1.545419,54.779339,On or near St Hilds Court,E01020693,County Durham 029A,Bicycle theft,Investigation complete; no suspect identified,
257623d39fd1dc95846d6b6c2014bf2210c557a7582a9fec37ff0caa4c143a7d,2021-05,Durham Constabulary,Durham Constabulary,-1.538156,54.779563,On or near Renny'S Lane,E01020693,County Durham 029A,Criminal damage and arson,Local resolution,
dcbce391aa3e65c522e19019c2ea647f4fc75f7cc58776a6bb3e75c7edd08e99,2021-05,Durham Constabulary,Durham Constabulary,-1.539912,54.775481,On or near Cuthbert Avenue,E01020693,County Durham 029A,Criminal damage and arson,Local resolution,
d75da451a760357f1f570a07f06b5a64c2701ac19e00b50b3c3a0e6e203d14d6,2021-05,Durham Constabulary,Durham Constabulary,-1.545600,54.778405,On or near Mill Lane,E01020693,County Durham 029A,Drugs,Further investigation is not in the public interest,
67f84075843d0c39d35668651c2161ff928a2219b70579f1b9ae5628151a5dc7,2021-05,Durham Constabulary,Durham Constabulary,-1.543276,54.777722,On or near Frank Street,E01020693,County Durham 029A,Drugs,Status update unavailable,
c2b2f09e7de99322ddc75eb315a8b45f933586db29f3247b4e19119ed942bdd0,2021-05,Durham Constabulary,Durham Constabulary,-1.538575,54.782324,On or near Petrol Station,E01020693,County Durham 029A,Other theft,Suspect charged as part of another case,
082a79817841f9fd46f7f241fd330ea7196791e654828291fad60926705d4827,2021-05,Durham Constabulary,Durham Constabulary,-1.543585,54.780671,On or near Shepherds Court,E01020693,County Durham 029A,Other theft,Investigation complete; no suspect identified,
007d66eeedb55e627e2f3c24f0dc13c45c34337010554f349537fcf609bc5172,2021-05,Durham Constabulary,Durham Constabulary,-1.544108,54.777016,On or near Lantern Court,E01020693,County Durham 029A,Other theft,Investigation complete; no suspect identified,
93d0258371d2119e6c7ea1cf2a4486fa867b58d87ad9828efbd485f89218883a,2021-05,Durham Constabulary,Durham Constabulary,-1.541290,54.775962,On or near Supermarket,E01020693,County Durham 029A,Public order,Local resolution,
969f8c6e6dd3f7568766534e7e3be9ca541b0a94104757675683bb3d83242226,2021-05,Durham Constabulary,Durham Constabulary,-1.538575,54.782324,On or near Petrol Station,E01020693,County Durham 029A,Public order,Formal action is not in the public interest,
8ae18c43c466b43e800000d4db872624defe2a0d10fd4017380dc3b880f7ccc4,2021-05,Durham Constabulary,Durham Constabulary,-1.538575,54.782324,On or near Petrol Station,E01020693,County Durham 029A,Public order,Unable to prosecute suspect,
9f2a93edaaf3558a84db40d86986df379acf6134b621f0f46cf91010b0f4fe79,2021-05,Durham Constabulary,Durham Constabulary,-1.542348,54.778698,On or near Supermarket,E01020693,County Durham 029A,Shoplifting,Investigation complete; no suspect identified,
14d787910eae2eb3721b50501daa2a8939144c738a17a19db8ac4d3e2f0d7835,2021-05,Durham Constabulary,Durham Constabulary,-1.541275,54.775971,On or near Supermarket,E01020693,County Durham 029A,Shoplifting,Suspect charged as part of another case,
cc590e977ac0e9542dc7955b077fb85c766d7c047b1d7e70ae5a9b0bca016a40,2021-05,Durham Constabulary,Durham Constabulary,-1.538575,54.782324,On or near Petrol Station,E01020693,County Durham 029A,Shoplifting,Formal action is not in the public interest,
601ef1b506ed55e735aae9869d04dbc15aaa97296887142559a5113dada969e5,2021-05,Durham Constabulary,Durham Constabulary,-1.542348,54.778698,On or near Supermarket,E01020693,County Durham 029A,Shoplifting,Local resolution,
df282337acded047afbf92991c1d7bc15364ecd34ef8cfb9879cff6bb3dcc34a,2021-05,Durham Constabulary,Durham Constabulary,-1.545419,54.779339,On or near St Hilds Court,E01020693,County Durham 029A,Violence and sexual offences,Unable to prosecute suspect,
055651e81b28d6c641ba479d7459ddd4e7e11a835145228ad29844f6f6ecbeda,2021-05,Durham Constabulary,Durham Constabulary,-1.543276,54.777722,On or near Frank Street,E01020693,County Durham 029A,Violence and sexual offences,Unable to prosecute suspect,
22d32cee6bbcc54d04d9a9289bba5465281714fa121712014a5f0150bd409bf1,2021-05,Durham Constabulary,Durham Constabulary,-1.538156,54.779563,On or near Renny'S Lane,E01020693,County Durham 029A,Violence and sexual offences,Investigation complete; no suspect identified,
711940d786e6e3477b7a7ceaf02bc026f7641dae2a8ab7e21c56abc00d9e5d16,2021-05,Durham Constabulary,Durham Constabulary,-1.543585,54.780671,On or near Shepherds Court,E01020693,County Durham 029A,Violence and sexual offences,Unable to prosecute suspect,
6ae242082bfb1a578e1c3c7a3fe8578dd278aa452141da8e39bd889fb8cc6d0f,2021-05,Durham Constabulary,Durham Constabulary,-1.543276,54.777722,On or near Frank Street,E01020693,County Durham 029A,Violence and sexual offences,Unable to prosecute suspect,
5cc9f8e6d20472c36c9e334ffaa5ec1f88b2bee272332dedbb7aba21ea3c4bb1,2021-05,Durham Constabulary,Durham Constabulary,-1.545688,54.783051,On or near Aspen Close,E01020693,County Durham 029A,Violence and sexual offences,Unable to prosecute suspect,
d1c477b032726f800d416225e18710e26a0101093ff2582209526a0e571074e2,2021-05,Durham Constabulary,Durham Constabulary,-1.542348,54.778698,On or near Supermarket,E01020693,County Durham 029A,Violence and sexual offences,Unable to prosecute suspect,
97a869f0643072c5be38aa90f8723b6e3a06cd1da1c0e5ddc0bdacd066bb49cc,2021-05,Durham Constabulary,Durham Constabulary,-1.538575,54.782324,On or near Petrol Station,E01020693,County Durham 029A,Other crime,Unable to prosecute suspect,
,2021-05,Durham Constabulary,Durham Constabulary,-1.553986,54.782067,On or near Gort Place,E01020722,County Durham 029B,Anti-social behaviour,,
,2021-05,Durham Constabulary,Durham Constabulary,-1.556860,54.783704,On or near Sports/Recreation Area,E01020722,County Durham 029B,Anti-social behaviour,,
66b39e1c51208689bd33c3999cf2c0af0a0e288ec939c3185b27096dcb45379e,2021-05,Durham Constabulary,Durham Constabulary,-1.555353,54.782180,On or near Montgomery Road,E01020722,County Durham 029B,Bicycle theft,Investigation complete; no suspect identified,
ad664a07547b0836844d07541f36387ec5f9d8dcddcc64936126bb960e16aba4,2021-05,Durham Constabulary,Durham Constabulary,-1.548492,54.781193,On or near Musgrave Gardens,E01020722,County Durham 029B,Burglary,Investigation complete; no suspect identified,
64111e5e34798425e6d7b14af21ae02873021b1c82bd8a10252beaef9992816b,2021-05,Durham Constabulary,Durham Constabulary,-1.550416,54.781523,On or near Annand Road,E01020722,County Durham 029B,Burglary,Investigation complete; no suspect identified,
b71e75a0716a4e75a445030578fe61f9a347aac4bf2efad10231b001d552bbae,2021-05,Durham Constabulary,Durham Constabulary,-1.553986,54.782067,On or near Gort Place,E01020722,County Durham 029B,Criminal damage and arson,Unable to prosecute suspect,
a7f0472734210f0b3ffbc55ff6c0a5e4fd39dde626f56f9cc3bf61834e8bdea3,2021-05,Durham Constabulary,Durham Constabulary,-1.554620,54.783830,On or near Pilgrims' Way,E01020722,County Durham 029B,Criminal damage and arson,Unable to prosecute suspect,
1d45489e20a818d97defb38d5936281fa1c13f6310739143315dc726d1200cd3,2021-05,Durham Constabulary,Durham Constabulary,-1.555353,54.782180,On or near Montgomery Road,E01020722,County Durham 029B,Criminal damage and arson,Investigation complete; no suspect identified,
c1c5294c40dcdf610d6fd226a35f5f5e7bd0fa169b5020c172a6a682eaa2ae6a,2021-05,Durham Constabulary,Durham Constabulary,-1.556860,54.783704,On or near Sports/Recreation Area,E01020722,County Durham 029B,Drugs,Unable to prosecute suspect,
b09e393cf01f03d5435dc3936e170dc879a9c41f11f0b89e6a65c728b08f4873,2021-05,Durham Constabulary,Durham Constabulary,-1.557607,54.782242,On or near Sports/Recreation Area,E01020722,County Durham 029B,Other theft,Unable to prosecute suspect,
d3e1e2fe1c59b02fe22b9531784f6b9b328990da7d425fec949798ccf6916e5f,2021-05,Durham Constabulary,Durham Constabulary,-1.553986,54.782067,On or near Gort Place,E01020722,County Durham 029B,Public order,Local resolution,
2c97e62425b2fef221660a32c3fe03fd39a62f4b2bcb0dde2bec0cd62f7b31d3,2021-05,Durham Constabulary,Durham Constabulary,-1.551498,54.782147,On or near Cooper Square,E01020722,County Durham 029B,Violence and sexual offences,Unable to prosecute suspect,
dd18682bef530d488851e1c1dfe26b46cf0174273accb06bc9b444d84bd53903,2021-05,Durham Constabulary,Durham Constabulary,-1.553986,54.782067,On or near Gort Place,E01020722,County Durham 029B,Violence and sexual offences,Investigation complete; no suspect identified,
f49c6788785107ae09aa860ced39c19e9bf06aa87fd7136606337afb46a1a9e5,2021-05,Durham Constabulary,Durham Constabulary,-1.557743,54.781236,On or near Long Acres,E01020722,County Durham 029B,Violence and sexual offences,Unable to prosecute suspect,
d8385f7a0bbd54ece0a37b109f300f30795f66f276782bd744c914917647812a,2021-05,Durham Constabulary,Durham Constabulary,-1.551498,54.782147,On or near Cooper Square,E01020722,County Durham 029B,Violence and sexual offences,Unable to prosecute suspect,
de41a0e83a5bd725d17e9025ecb1974cc81378c34da3fcabe97f7f374d819d1c,2021-05,Durham Constabulary,Durham Constabulary,-1.557743,54.781236,On or near Long Acres,E01020722,County Durham 029B,Violence and sexual offences,Unable to prosecute suspect,
63ed878d957d8bdc9a4ce7bb575195749a6613e31cbae7dee43064720c2dc91d,2021-05,Durham Constabulary,Durham Constabulary,-1.553986,54.782067,On or near Gort Place,E01020722,County Durham 029B,Violence and sexual offences,Investigation complete; no suspect identified,
eeb278affec9baaef2282a21e5169a7e9c262b93797151ea6ca887c5c6e0438d,2021-05,Durham Constabulary,Durham Constabulary,-1.557607,54.782242,On or near Sports/Recreation Area,E01020722,County Durham 029B,Violence and sexual offences,Investigation complete; no suspect identified,
c05fb74850680adb03e931759476d2e2e3bc6e874f50499f97ec8f4ba486de6c,2021-05,Durham Constabulary,Durham Constabulary,-1.556544,54.781321,On or near Wakenshaw Road,E01020722,County Durham 029B,Violence and sexual offences,Unable to prosecute suspect,
b15649f3db69c2d9ff5eb346373b16c4cca15d5736f17bfb9a3b8dad83eb81e7,2021-05,Durham Constabulary,Durham Constabulary,-1.553986,54.782067,On or near Gort Place,E01020722,County Durham 029B,Violence and sexual offences,Unable to prosecute suspect,
,2021-05,Durham Constabulary,Durham Constabulary,-1.547464,54.779994,On or near Musgrave Gardens,E01020723,County Durham 029C,Anti-social behaviour,,
,2021-05,Durham Constabulary,Durham Constabulary,-1.555431,54.779385,On or near Back Wynyard Grove,E01020723,County Durham 029C,Anti-social behaviour,,
,2021-05,Durham Constabulary,Durham Constabulary,-1.562695,54.779007,On or near Station Lane,E01020723,County Durham 029C,Anti-social behaviour,,
,2021-05,Durham Constabulary,Durham Constabulary,-1.547464,54.779994,On or near Musgrave Gardens,E01020723,County Durham 029C,Anti-social behaviour,,
,2021-05,Durham Constabulary,Durham Constabulary,-1.556198,54.778903,On or near Maynard'S Row,E01020723,County Durham 029C,Anti-social behaviour,,
43c0cb47847c4efbd28194608f661b983c2b4d3798ffec1ca5ac54ef3eb28d80,2021-05,Durham Constabulary,Durham Constabulary,-1.556198,54.778903,On or near Maynard'S Row,E01020723,County Durham 029C,Bicycle theft,Investigation complete; no suspect identified,
8e867b616d5b41e87dea1d524dd2ea47efc827c3140fafdd986203f84a2c99ac,2021-05,Durham Constabulary,Durham Constabulary,-1.545721,54.778756,On or near Mill Lane,E01020723,County Durham 029C,Burglary,Investigation complete; no suspect identified,
7ebe07645d4b5e4909db66e68181450385191a30654305bffc74c0d166ff116c,2021-05,Durham Constabulary,Durham Constabulary,-1.547464,54.779994,On or near Musgrave Gardens,E01020723,County Durham 029C,Burglary,Unable to prosecute suspect,
89bd09a31b40015e231f19223777d803ad769bd7b999368349807cf02a99d9d6,2021-05,Durham Constabulary,Durham Constabulary,-1.552934,54.780203,On or near Edward Street,E01020723,County Durham 029C,Criminal damage and arson,Investigation complete; no suspect identified,
7bc5c437fd99a7c8b175d1d6f8b5765d06fbedac84552cb6fec0b586703131f5,2021-05,Durham Constabulary,Durham Constabulary,-1.546944,54.777844,On or near Turnbull Close,E01020723,County Durham 029C,Drugs,Local resolution,
f139f37e87699a020093b854e4c16b07fff6c9cde6a59d05efaeacc1b0ddaa4a,2021-05,Durham Constabulary,Durham Constabulary,-1.560010,54.778638,On or near Gilesgate,E01020723,County Durham 029C,Other theft,Investigation complete; no suspect identified,
ef835b24619d1b8966b0381f947bc3f9fad2676d3e3a013e6f239ceb9e07114d,2021-05,Durham Constabulary,Durham Constabulary,-1.547464,54.779994,On or near Musgrave Gardens,E01020723,County Durham 029C,Public order,Unable to prosecute suspect,
f61b9f8f84379df7a65c7c300f2153dbd4d756df1b91680503a247909e840a0a,2021-05,Durham Constabulary,Durham Constabulary,-1.546944,54.777844,On or near Turnbull Close,E01020723,County Durham 029C,Violence and sexual offences,Unable to prosecute suspect,
fc6ee468017b0385882d59675240fdd48b9d7fbf8293891970a2894d9a6d3ca2,2021-05,Durham Constabulary,Durham Constabulary,-1.559148,54.779201,On or near Magdalene Street,E01020723,County Durham 029C,Violence and sexual offences,Unable to prosecute suspect,
b00caa3277cce5cc810607faba054461d54bbc02ec9d7c3b3254a785b2a55bb3,2021-05,Durham Constabulary,Durham Constabulary,-1.556198,54.778903,On or near Maynard'S Row,E01020723,County Durham 029C,Violence and sexual offences,Unable to prosecute suspect,
f404be8a3904d8e45738d4d2dc0ee39da0acd0025b434a06baba5bf521303e1b,2021-05,Durham Constabulary,Durham Constabulary,-1.550779,54.779620,On or near Sunderland Road,E01020723,County Durham 029C,Violence and sexual offences,Court result unavailable,
ec2e265367b76c96258ff3e76a55a18565a9302b6da66984b671ad33251739eb,2021-05,Durham Constabulary,Durham Constabulary,-1.559148,54.779201,On or near Magdalene Street,E01020723,County Durham 029C,Violence and sexual offences,Offender given a caution,
9d6fe6a30b0bd6ce5ccbb4b72b284aa3ef755bfff6eda3205ad9184513bb2a61,2021-05,Durham Constabulary,Durham Constabulary,-1.546944,54.777844,On or near Turnbull Close,E01020723,County Durham 029C,Violence and sexual offences,Unable to prosecute suspect,
68819d14221a93f6ffc0e95603143b012fb51169b924cac93bda332b96b2f7a3,2021-05,Durham Constabulary,Durham Constabulary,-1.559148,54.779201,On or near Magdalene Street,E01020723,County Durham 029C,Other crime,Status update unavailable,
f05b8bf4b18455b4da4a35fdb3b54c8219ee9c68857aaa3581fbfb30885a6e46,2021-05,Durham Constabulary,Durham Constabulary,-1.541479,54.774409,On or near Cuthbert Close,E01020724,County Durham 029D,Burglary,Unable to prosecute suspect,
684276a0533cd3472c77fcaf7628675de0558c9bf1c01b57171160444c29f8e5,2021-05,Durham Constabulary,Durham Constabulary,-1.558844,54.769980,On or near Sports/Recreation Area,E01020724,County Durham 029D,Burglary,Investigation complete; no suspect identified,
1d3b3e1063d0bb28c717bcae4486219d01efd663c73f5a871d1d5931ca1d1fe0,2021-05,Durham Constabulary,Durham Constabulary,-1.541479,54.774409,On or near Cuthbert Close,E01020724,County Durham 029D,Criminal damage and arson,Court result unavailable,
bb7ac8fdcef74df63769708430a1fb2bdd82750654bacf723cd0e504a59f0481,2021-05,Durham Constabulary,Durham Constabulary,-1.542788,54.774099,On or near Hilda Avenue,E01020724,County Durham 029D,Criminal damage and arson,Court result unavailable,
ba1b2fb79fa79d9f7391e9eb9c16077b80b00f9b6c0cb765a305659a8bbabcb6,2021-05,Durham Constabulary,Durham Constabulary,-1.542788,54.774099,On or near Hilda Avenue,E01020724,County Durham 029D,Drugs,Court result unavailable,
ba021505f4653800c13cd8971a523627a3f61a71932565357df9a932365b52ac,2021-05,Durham Constabulary,Durham Constabulary,-1.547348,54.775042,On or near Pine Avenue,E01020724,County Durham 029D,Other theft,Investigation complete; no suspect identified,
30b4842e14cd5c380279f4acbe0345235dddf931861dd9a922a42980683cdc15,2021-05,Durham Constabulary,Durham Constabulary,-1.558844,54.769980,On or near Sports/Recreation Area,E01020724,County Durham 029D,Other theft,Investigation complete; no suspect identified,
f4c59636aa777b9d3ae806cf5228de8eced88327122534fc1c5097bc70885c5d,2021-05,Durham Constabulary,Durham Constabulary,-1.541479,54.774409,On or near Cuthbert Close,E01020724,County Durham 029D,Other theft,Unable to prosecute suspect,
3fe37f7d7986d14d3173f353d74e79848a44b96b63edd5f51524cd0f772268f3,2021-05,Durham Constabulary,Durham Constabulary,-1.558844,54.769980,On or near Sports/Recreation Area,E01020724,County Durham 029D,Other theft,Investigation complete; no suspect identified,
1ef041ff55f26e627a7131d184fba4f09bfb755f8547ea8e73776b69e480ae00,2021-05,Durham Constabulary,Durham Constabulary,-1.546895,54.776658,On or near Maple Avenue,E01020724,County Durham 029D,Public order,Further investigation is not in the public interest,
f587413a614429a8592de362c5550304719729bf96b23c33ade3edacd36d589e,2021-05,Durham Constabulary,Durham Constabulary,-1.544456,54.775094,On or near Chandler Close,E01020724,County Durham 029D,Public order,Investigation complete; no suspect identified,
3ffbfe32c6d8fc1dc5a30e37009e5f6c71f6f910f13a1ee6ede61bb328b24b31,2021-05,Durham Constabulary,Durham Constabulary,-1.547324,54.774395,On or near Fir Avenue,E01020724,County Durham 029D,Public order,Further investigation is not in the public interest,
0e15e280644306e32913e49551c33eb7c8cfa78d1bfee3bec4285e56e187c420,2021-05,Durham Constabulary,Durham Constabulary,-1.541479,54.774409,On or near Cuthbert Close,E01020724,County Durham 029D,Robbery,Unable to prosecute suspect,
257bf66a7c2b4846034d267d34ef73e373b9ee25e2e5d156e3538b994a747f10,2021-05,Durham Constabulary,Durham Constabulary,-1.556800,54.769352,On or near Sports/Recreation Area,E01020724,County Durham 029D,Violence and sexual offences,Further action is not in the public interest,
327f2df417cb8e14dbda1bf60b4cc39c2c413a68dd69cb5ba5e9201f8df16543,2021-05,Durham Constabulary,Durham Constabulary,-1.556800,54.769352,On or near Sports/Recreation Area,E01020724,County Durham 029D,Violence and sexual offences,Unable to prosecute suspect,
fe7857b46f4f16396b5cf5092e74631322c2bb9700c20fbc834d302c4de87465,2021-05,Durham Constabulary,Durham Constabulary,-1.542788,54.774099,On or near Hilda Avenue,E01020724,County Durham 029D,Violence and sexual offences,Unable to prosecute suspect,
b4f7cbdb95e476595e28ea5cfd69a6025a335ad890da474d922360bbbddc61fb,2021-05,Durham Constabulary,Durham Constabulary,-1.546895,54.776658,On or near Maple Avenue,E01020724,County Durham 029D,Violence and sexual offences,Unable to prosecute suspect,
0a137a50c5e4075656214b74ba2fee51e0ab9e353cb49ceff78188b52127780a,2021-05,Durham Constabulary,Durham Constabulary,-1.541479,54.774409,On or near Cuthbert Close,E01020724,County Durham 029D,Violence and sexual offences,Unable to prosecute suspect,
25ac196c0ad6a8d519c7de57245b2c60e6aec63d77220cfe61e15fccbf0004d4,2021-05,Durham Constabulary,Durham Constabulary,-1.542788,54.774099,On or near Hilda Avenue,E01020724,County Durham 029D,Violence and sexual offences,Unable to prosecute suspect,
ba6a3b2239fa716d0bcb97793082b494bf51fd160283c6f9f1020eccf903a959,2021-05,Durham Constabulary,Durham Constabulary,-1.542788,54.774099,On or near Hilda Avenue,E01020724,County Durham 029D,Violence and sexual offences,Unable to prosecute suspect,
4d99b6f6fa4f15d99eaa09569ffbb1d08bcc030a6599c32971a173a357073b3a,2021-05,Durham Constabulary,Durham Constabulary,-1.558844,54.769980,On or near Sports/Recreation Area,E01020724,County Durham 029D,Violence and sexual offences,Unable to prosecute suspect,
0ac2c002477c814287e55b3dac3ec018662fa3b5254cf7e1a44ce11d0dab2c22,2021-05,Durham Constabulary,Durham Constabulary,-1.556800,54.769352,On or near Sports/Recreation Area,E01020724,County Durham 029D,Violence and sexual offences,Unable to prosecute suspect,
0750c39fa8b258009cd9d375ce5f53662276d743674ffeee22213453c7ff6c2f,2021-05,Durham Constabulary,Durham Constabulary,-1.558844,54.769980,On or near Sports/Recreation Area,E01020724,County Durham 029D,Violence and sexual offences,Unable to prosecute suspect,
e4ab932c5d6e1b7a9eba02edfbb6928944a8bd3bb57037611fb6105883b3cf89,2021-05,Durham Constabulary,Durham Constabulary,-1.541479,54.774409,On or near Cuthbert Close,E01020724,County Durham 029D,Violence and sexual offences,Unable to prosecute suspect,
9506e05a1d7624b33d7e12b631bbd1e9b15984bff3c515250e71520bf88fd8ac,2021-05,Durham Constabulary,Durham Constabulary,-1.558844,54.769980,On or near Sports/Recreation Area,E01020724,County Durham 029D,Violence and sexual offences,Unable to prosecute suspect,
3728d44ef206fd155ea3bd0a486bfe562d98682e501cc89e74695a7ce092475b,2021-05,Durham Constabulary,Durham Constabulary,-1.542788,54.774099,On or near Hilda Avenue,E01020724,County Durham 029D,Violence and sexual offences,Unable to prosecute suspect,
406fdabb06007871fc9f65ff835b163dfd56056047383ae19ec76d39dbfd2ec1,2021-05,Durham Constabulary,Durham Constabulary,-1.542541,54.775302,On or near Bede Avenue,E01020724,County Durham 029D,Other crime,Unable to prosecute suspect,
cebabf391454d7d01366e0959bf2c64cb35d920cc6c250bd2398cfbd7d41dba4,2021-05,Durham Constabulary,Durham Constabulary,-1.541479,54.774409,On or near Cuthbert Close,E01020724,County Durham 029D,Other crime,Unable to prosecute suspect,
c114e1eb8bcd1a9161b1cf868961fdf5a35d93745e953515d56f8a927a2a838f,2021-05,Durham Constabulary,Durham Constabulary,-1.558844,54.769980,On or near Sports/Recreation Area,E01020724,County Durham 029D,Other crime,Status update unavailable,
,2021-05,Durham Constabulary,Durham Constabulary,-1.578818,54.775991,On or near Parking Area,E01020703,County Durham 030A,Anti-social behaviour,,
,2021-05,Durham Constabulary,Durham Constabulary,-1.585259,54.775492,On or near Alexandria Crescent,E01020703,County Durham 030A,Anti-social behaviour,,
,2021-05,Durham Constabulary,Durham Constabulary,-1.583399,54.774964,On or near St Margaret'S Court,E01020703,County Durham 030A,Anti-social behaviour,,
,2021-05,Durham Constabulary,Durham Constabulary,-1.583399,54.774964,On or near St Margaret'S Court,E01020703,County Durham 030A,Anti-social behaviour,,
,2021-05,Durham Constabulary,Durham Constabulary,-1.583615,54.776645,On or near East Atherton Street,E01020703,County Durham 030A,Anti-social behaviour,,
,2021-05,Durham Constabulary,Durham Constabulary,-1.583615,54.776645,On or near East Atherton Street,E01020703,County Durham 030A,Anti-social behaviour,,
,2021-05,Durham Constabulary,Durham Constabulary,-1.579902,54.776390,On or near Supermarket,E01020703,County Durham 030A,Anti-social behaviour,,
,2021-05,Durham Constabulary,Durham Constabulary,-1.578536,54.776187,On or near Shopping Area,E01020703,County Durham 030A,Anti-social behaviour,,
,2021-05,Durham Constabulary,Durham Constabulary,-1.578779,54.776736,On or near Parking Area,E01020703,County Durham 030A,Anti-social behaviour,,
,2021-05,Durham Constabulary,Durham Constabulary,-1.580923,54.776861,On or near Nightclub,E01020703,County Durham 030A,Anti-social behaviour,,
,2021-05,Durham Constabulary,Durham Constabulary,-1.588151,54.775385,On or near Laburnum Avenue,E01020703,County Durham 030A,Anti-social behaviour,,
,2021-05,Durham Constabulary,Durham Constabulary,-1.578536,54.776187,On or near Shopping Area,E01020703,County Durham 030A,Anti-social behaviour,,
,2021-05,Durham Constabulary,Durham Constabulary,-1.580923,54.776861,On or near Nightclub,E01020703,County Durham 030A,Anti-social behaviour,,
,2021-05,Durham Constabulary,Durham Constabulary,-1.578779,54.776736,On or near Parking Area,E01020703,County Durham 030A,Anti-social behaviour,,
,2021-05,Durham Constabulary,Durham Constabulary,-1.583399,54.774964,On or near St Margaret'S Court,E01020703,County Durham 030A,Anti-social behaviour,,
,2021-05,Durham Constabulary,Durham Constabulary,-1.578536,54.776187,On or near Shopping Area,E01020703,County Durham 030A,Anti-social behaviour,,
7baab63db23e9553d78236a6197a9b55116244ce836c5c79cf7f04107ffafb1b,2021-05,Durham Constabulary,Durham Constabulary,-1.578522,54.777544,On or near Parking Area,E01020703,County Durham 030A,Criminal damage and arson,Investigation complete; no suspect identified,
14e641f7781821284be83b646d312c6c48d203d81d5e3b51d8129ee6399d8df5,2021-05,Durham Constabulary,Durham Constabulary,-1.578536,54.776187,On or near Shopping Area,E01020703,County Durham 030A,Criminal damage and arson,Unable to prosecute suspect,
4b8ab5b9459712415a470a2c64a0821939b39180be5e1d7e96b83de4e3a9128b,2021-05,Durham Constabulary,Durham Constabulary,-1.584464,54.777250,On or near Sutton Street,E01020703,County Durham 030A,Criminal damage and arson,Court result unavailable,
7fed614c8d69e05b90957472866eef4c15dd85d7c8e52c26c1e1a918b5fbf752,2021-05,Durham Constabulary,Durham Constabulary,-1.578522,54.777544,On or near Parking Area,E01020703,County Durham 030A,Criminal damage and arson,Investigation complete; no suspect identified,
d804034fbbd3fad58e5a21ef822a5a59dd9fa1c2b5c4c3c45f2a999af8b41a1b,2021-05,Durham Constabulary,Durham Constabulary,-1.578522,54.777544,On or near Parking Area,E01020703,County Durham 030A,Criminal damage and arson,Investigation complete; no suspect identified,
e21ab171af19db0f2a9091345640d9b822c18dc9e94cf61ed956cf75fbe0a5b8,2021-05,Durham Constabulary,Durham Constabulary,-1.581501,54.776629,On or near Neville Street,E01020703,County Durham 030A,Criminal damage and arson,Investigation complete; no suspect identified,
6ea6995df82eb62db084401b18a26c6c502742d772eb16c36fcf46f929c9caee,2021-05,Durham Constabulary,Durham Constabulary,-1.581726,54.777430,On or near North Road,E01020703,County Durham 030A,Other theft,Investigation complete; no suspect identified,
6f0fb9459bcc7db28964c62375c3d37fd447610255d03a122ccecf0842d3c5ea,2021-05,Durham Constabulary,Durham Constabulary,-1.578536,54.776187,On or near Shopping Area,E01020703,County Durham 030A,Possession of weapons,Offender given a caution,
f18883c2d04e7d914a7723ba20aff9cd7558c5b29b44e246ca85d957aef46d74,2021-05,Durham Constabulary,Durham Constabulary,-1.584067,54.778040,On or near Lambton Street,E01020703,County Durham 030A,Public order,Court result unavailable,
235c88689a6872774368d32551d75e59d5b46b0eaed0f388090206688adf48d1,2021-05,Durham Constabulary,Durham Constabulary,-1.578536,54.776187,On or near Shopping Area,E01020703,County Durham 030A,Public order,Unable to prosecute suspect,
77680e7edee4a1bebd4b80357fc6e7a17d19a61e3730398e48c41698eb41977d,2021-05,Durham Constabulary,Durham Constabulary,-1.578536,54.776187,On or near Shopping Area,E01020703,County Durham 030A,Public order,Unable to prosecute suspect,
a0b2d2c92412da7f361b8db2ffc471db44c53bccf3e46cb95eaa11030c048258,2021-05,Durham Constabulary,Durham Constabulary,-1.581726,54.777430,On or near North Road,E01020703,County Durham 030A,Public order,Investigation complete; no suspect identified,
859167a907b4ce638052ad37eaa40d1dc152194208f3a834b3f3a12f1130333e,2021-05,Durham Constabulary,Durham Constabulary,-1.579902,54.776390,On or near Supermarket,E01020703,County Durham 030A,Public order,Investigation complete; no suspect identified,
b2fa30a7ceae7d6f8fabee78b9ac3cfb76de61ab82e08c8b41924358b64749e9,2021-05,Durham Constabulary,Durham Constabulary,-1.583399,54.774964,On or near St Margaret'S Court,E01020703,County Durham 030A,Public order,Unable to prosecute suspect,
78b0f1d7b86f30d90d0cb4d07bec5bd286fb356e317777f2ce66d11107c41a9b,2021-05,Durham Constabulary,Durham Constabulary,-1.578522,54.777544,On or near Parking Area,E01020703,County Durham 030A,Public order,Investigation complete; no suspect identified,
4e10463607de96ea8866484ad5f740d01a8339b403443b2916e1031950add560,2021-05,Durham Constabulary,Durham Constabulary,-1.579902,54.776390,On or near Supermarket,E01020703,County Durham 030A,Shoplifting,Investigation complete; no suspect identified,
658e552b6c435f4e5afeba2aaf84638ad4be9d5f536a38c0d91c8ac324064834,2021-05,Durham Constabulary,Durham Constabulary,-1.579902,54.776390,On or near Supermarket,E01020703,County Durham 030A,Shoplifting,Investigation complete; no suspect identified,
83b83685366c01f1fcb47d066a366f5a83a69b59a526976ae8b38967d940173d,2021-05,Durham Constabulary,Durham Constabulary,-1.578779,54.776736,On or near Parking Area,E01020703,County Durham 030A,Theft from the person,Unable to prosecute suspect,
cb8eb01ef5f41941d8b2b12cf663db88ca823c74cf4f0261e13d0f9a0f2e02ce,2021-05,Durham Constabulary,Durham Constabulary,-1.581774,54.775785,On or near Crossgate,E01020703,County Durham 030A,Violence and sexual offences,Court result unavailable,
aaf7db04f1080f534b077d8ff57c6b376cbf59e29f70b1fb2e67d0e7f9f8fe95,2021-05,Durham Constabulary,Durham Constabulary,-1.578536,54.776187,On or near Shopping Area,E01020703,County Durham 030A,Violence and sexual offences,Unable to prosecute suspect,
d1de7bfa4757f311f8c3d07e95720ed3a6e6a498ba9690bbcf464b780061805b,2021-05,Durham Constabulary,Durham Constabulary,-1.578818,54.775991,On or near Parking Area,E01020703,County Durham 030A,Violence and sexual offences,Unable to prosecute suspect,
6434c9f2c550450f3028eba130986346ed7ebdff8f5e9dc0b87a599a4af70105,2021-05,Durham Constabulary,Durham Constabulary,-1.579902,54.776390,On or near Supermarket,E01020703,County Durham 030A,Violence and sexual offences,Investigation complete; no suspect identified,
543a7aebe14c0b222af8a19a1788e0e93dbfbc2d273cb89db87a93c37c14ba52,2021-05,Durham Constabulary,Durham Constabulary,-1.579902,54.776390,On or near Supermarket,E01020703,County Durham 030A,Violence and sexual offences,Investigation complete; no suspect identified,
cd2504ef410a2acd75cc2475d12763aab9aaca20f4ccbbc2c3d07a8bfa7d1175,2021-05,Durham Constabulary,Durham Constabulary,-1.578779,54.776736,On or near Parking Area,E01020703,County Durham 030A,Violence and sexual offences,Investigation complete; no suspect identified,
f543080b0a26bb94d09385eda28d9a38e86e18643c9ec70b6da84b3996e8241f,2021-05,Durham Constabulary,Durham Constabulary,-1.581870,54.775507,On or near Grape Lane,E01020703,County Durham 030A,Violence and sexual offences,Offender given a caution,
125ccf65cd892b723143d7d33de9ca6c5e972991cc4ed366c97b4af022bddd64,2021-05,Durham Constabulary,Durham Constabulary,-1.581726,54.777430,On or near North Road,E01020703,County Durham 030A,Violence and sexual offences,Action to be taken by another organisation,
6b0d0e07dbcb695a82706f8855553036c6d2b0851c67cf1d5a4c4813079769d0,2021-05,Durham Constabulary,Durham Constabulary,-1.583615,54.776645,On or near East Atherton Street,E01020703,County Durham 030A,Violence and sexual offences,Court result unavailable,
19ee3c709fdecfff78a1dff960238ef60d7bd89c56de28986a2583a5eba50a5e,2021-05,Durham Constabulary,Durham Constabulary,-1.585530,54.776382,On or near John Street,E01020703,County Durham 030A,Violence and sexual offences,Investigation complete; no suspect identified,
,2021-05,Durham Constabulary,Durham Constabulary,-1.574883,54.776121,On or near Saddler Street,E01033164,County Durham 030D,Anti-social behaviour,,
,2021-05,Durham Constabulary,Durham Constabulary,-1.567207,54.778700,On or near Gilesgate Close,E01033164,County Durham 030D,Anti-social behaviour,,
,2021-05,Durham Constabulary,Durham Constabulary,-1.574883,54.776121,On or near Saddler Street,E01033164,County Durham 030D,Anti-social behaviour,,
,2021-05,Durham Constabulary,Durham Constabulary,-1.574320,54.773531,On or near Bow Lane,E01033164,County Durham 030D,Anti-social behaviour,,
,2021-05,Durham Constabulary,Durham Constabulary,-1.571926,54.780873,On or near Parking Area,E01033164,County Durham 030D,Anti-social behaviour,,
,2021-05,Durham Constabulary,Durham Constabulary,-1.574847,54.775114,On or near Further/Higher Educational Building,E01033164,County Durham 030D,Anti-social behaviour,,
,2021-05,Durham Constabulary,Durham Constabulary,-1.574480,54.775985,On or near Shopping Area,E01033164,County Durham 030D,Anti-social behaviour,,
,2021-05,Durham Constabulary,Durham Constabulary,-1.576864,54.777017,On or near Back Silver Street,E01033164,County Durham 030D,Anti-social behaviour,,
,2021-05,Durham Constabulary,Durham Constabulary,-1.576310,54.777986,On or near Nightclub,E01033164,County Durham 030D,Anti-social behaviour,,
,2021-05,Durham Constabulary,Durham Constabulary,-1.576049,54.777626,On or near Walkergate,E01033164,County Durham 030D,Anti-social behaviour,,
,2021-05,Durham Constabulary,Durham Constabulary,-1.576172,54.776305,On or near Shopping Area,E01033164,County Durham 030D,Anti-social behaviour,,
,2021-05,Durham Constabulary,Durham Constabulary,-1.574883,54.776121,On or near Saddler Street,E01033164,County Durham 030D,Anti-social behaviour,,
,2021-05,Durham Constabulary,Durham Constabulary,-1.574883,54.776121,On or near Saddler Street,E01033164,County Durham 030D,Anti-social behaviour,,
,2021-05,Durham Constabulary,Durham Constabulary,-1.575167,54.777236,On or near Silver Street,E01033164,County Durham 030D,Anti-social behaviour,,
,2021-05,Durham Constabulary,Durham Constabulary,-1.574751,54.778313,On or near Theatre/Concert Hall,E01033164,County Durham 030D,Anti-social behaviour,,
,2021-05,Durham Constabulary,Durham Constabulary,-1.574320,54.773531,On or near Bow Lane,E01033164,County Durham 030D,Anti-social behaviour,,
,2021-05,Durham Constabulary,Durham Constabulary,-1.576172,54.776305,On or near Shopping Area,E01033164,County Durham 030D,Anti-social behaviour,,
,2021-05,Durham Constabulary,Durham Constabulary,-1.568741,54.777753,On or near Ravensworth Terrace,E01033164,County Durham 030D,Anti-social behaviour,,
,2021-05,Durham Constabulary,Durham Constabulary,-1.567207,54.778700,On or near Gilesgate Close,E01033164,County Durham 030D,Anti-social behaviour,,
,2021-05,Durham Constabulary,Durham Constabulary,-1.576172,54.776305,On or near Shopping Area,E01033164,County Durham 030D,Anti-social behaviour,,
c6df4ef4cafde64bea2d9875d119d31e0ad4ecc42c06b52309a394f2b78e4bfb,2021-05,Durham Constabulary,Durham Constabulary,-1.574751,54.778313,On or near Theatre/Concert Hall,E01033164,County Durham 030D,Bicycle theft,Investigation complete; no suspect identified,
84ca0b8b7a673cabcd512ecf1401083c14b4e94904fc798e2cf0e5efe835e639,2021-05,Durham Constabulary,Durham Constabulary,-1.574883,54.776121,On or near Saddler Street,E01033164,County Durham 030D,Burglary,Investigation complete; no suspect identified,
cd19f72848328c464fef4711397213e75155faafd96a883a4139d0ad387cc344,2021-05,Durham Constabulary,Durham Constabulary,-1.576864,54.777017,On or near Back Silver Street,E01033164,County Durham 030D,Burglary,Investigation complete; no suspect identified,
ce749861fbd3089454baa3aa123395d06656d13f496787b556e2583a0312f697,2021-05,Durham Constabulary,Durham Constabulary,-1.572202,54.778313,On or near Claypath,E01033164,County Durham 030D,Burglary,Court result unavailable,
f53dd5e7e8b322a1d4b32f0e9240ebf9c8830e5ab5c215f6b9b1f7c7a390640d,2021-05,Durham Constabulary,Durham Constabulary,-1.576310,54.777986,On or near Nightclub,E01033164,County Durham 030D,Criminal damage and arson,Investigation complete; no suspect identified,
7732342870d85616567f63a4fdaba03ba8da7edc458291273dbadfed4e54f3b7,2021-05,Durham Constabulary,Durham Constabulary,-1.570618,54.778155,On or near Leazes Place,E01033164,County Durham 030D,Criminal damage and arson,Investigation complete; no suspect identified,
31129d5aee250b72120489f6f6a8db22eaa6560f08cf7d1ce95fb2947ee703d8,2021-05,Durham Constabulary,Durham Constabulary,-1.574751,54.778313,On or near Theatre/Concert Hall,E01033164,County Durham 030D,Criminal damage and arson,Unable to prosecute suspect,
7ad3ad1ba659f41e83b3a4e18301a53369adc79fc6ea170423e9f18c102893a4,2021-05,Durham Constabulary,Durham Constabulary,-1.575167,54.777236,On or near Silver Street,E01033164,County Durham 030D,Other theft,Investigation complete; no suspect identified,
c30a285a6db3e2833bde0f39841449ef6fd76b016cd08c8a97f3a311847a16df,2021-05,Durham Constabulary,Durham Constabulary,-1.574751,54.778313,On or near Theatre/Concert Hall,E01033164,County Durham 030D,Public order,Investigation complete; no suspect identified,
b2d0b35606c7bfffadeef5e770dd71494b23d4ac4c84b1107937e01487195f7e,2021-05,Durham Constabulary,Durham Constabulary,-1.576310,54.777986,On or near Nightclub,E01033164,County Durham 030D,Public order,Unable to prosecute suspect,
32c35b07f2637b6ea287314dfdbc7f597bf1289706940793160cb9176372dbcc,2021-05,Durham Constabulary,Durham Constabulary,-1.567207,54.778700,On or near Gilesgate Close,E01033164,County Durham 030D,Public order,Investigation complete; no suspect identified,
246e1ffb238f3dc1eab0a304c5f03011f3682e5812a8e6f617d74562032023d9,2021-05,Durham Constabulary,Durham Constabulary,-1.575167,54.777236,On or near Silver Street,E01033164,County Durham 030D,Public order,Court result unavailable,
19843171c60d925af7d0d687f81d47880e7b036ff3fb5386da336cbd86ab3496,2021-05,Durham Constabulary,Durham Constabulary,-1.576942,54.775463,On or near Further/Higher Educational Building,E01033164,County Durham 030D,Public order,Court result unavailable,
e21469902c41a4d43efc44b84b06851f0c255623bb9d95221dc003201b323f58,2021-05,Durham Constabulary,Durham Constabulary,-1.576049,54.777626,On or near Walkergate,E01033164,County Durham 030D,Public order,Unable to prosecute suspect,
3be7f1c08a62d8e03f28bda96670ab46cf503e8e439fdc1cec5247a383a29da3,2021-05,Durham Constabulary,Durham Constabulary,-1.575167,54.777236,On or near Silver Street,E01033164,County Durham 030D,Public order,Unable to prosecute suspect,
305af893aaf6fa10b1bf96d27e9ac641b6fef05a0305a7cddfee8d78f68a76d3,2021-05,Durham Constabulary,Durham Constabulary,-1.576049,54.777626,On or near Walkergate,E01033164,County Durham 030D,Public order,Unable to prosecute suspect,
47243bdf39dfdf4555756d383cb301e3c82427a89569a0143a7cb6d102a94e65,2021-05,Durham Constabulary,Durham Constabulary,-1.576049,54.777626,On or near Walkergate,E01033164,County Durham 030D,Public order,Unable to prosecute suspect,
684d63ed686fca0229209c89a10d77d5cc812c080a3fd587efdf75ec3a55f82f,2021-05,Durham Constabulary,Durham Constabulary,-1.575167,54.777236,On or near Silver Street,E01033164,County Durham 030D,Public order,Court result unavailable,
9225eec2e53bb2f8b4287cb2404ac7ec202dac30e18103032d47fcea42f902c3,2021-05,Durham Constabulary,Durham Constabulary,-1.573540,54.776709,On or near Parking Area,E01033164,County Durham 030D,Public order,Investigation complete; no suspect identified,
d69ff97447bf7e7237c2df5647a70d43c7e9a6981548686a6765a806e56e59d2,2021-05,Durham Constabulary,Durham Constabulary,-1.571926,54.780873,On or near Parking Area,E01033164,County Durham 030D,Robbery,Unable to prosecute suspect,
a4a68b4e547989e09f8068cdeec985829561ca709965096adb89640655c5a181,2021-05,Durham Constabulary,Durham Constabulary,-1.576172,54.776305,On or near Shopping Area,E01033164,County Durham 030D,Shoplifting,Court result unavailable,
578c429369563ee70b2a91eeeb40ff0fd200931fb896e0637f3852a63ca89b90,2021-05,Durham Constabulary,Durham Constabulary,-1.574883,54.776121,On or near Saddler Street,E01033164,County Durham 030D,Shoplifting,Investigation complete; no suspect identified,
c707f831310c1b83e8175ff822f048a3c06e899ee7b610d8b23400e5ac870737,2021-05,Durham Constabulary,Durham Constabulary,-1.576172,54.776305,On or near Shopping Area,E01033164,County Durham 030D,Shoplifting,Local resolution,
6c2c9e34cb663d4e87b0b3d6af8824cc64a6b4fd6ea50c7fbeaad53a1870e54a,2021-05,Durham Constabulary,Durham Constabulary,-1.575167,54.777236,On or near Silver Street,E01033164,County Durham 030D,Shoplifting,Local resolution,
c403163273dbf39e17c3fd1009c09afb44f556980e58d4bb85a7ab6b80c7728e,2021-05,Durham Constabulary,Durham Constabulary,-1.575167,54.777236,On or near Silver Street,E01033164,County Durham 030D,Shoplifting,Investigation complete; no suspect identified,
e13b76a1ac2109f6aaa4b601421fdd2ed246d7fb276f480d1cf8217592240964,2021-05,Durham Constabulary,Durham Constabulary,-1.575167,54.777236,On or near Silver Street,E01033164,County Durham 030D,Shoplifting,Unable to prosecute suspect,
e702a78638c4a57b737973e04322aeb6c1f71d282f854d7056200274885d218f,2021-05,Durham Constabulary,Durham Constabulary,-1.574320,54.773531,On or near Bow Lane,E01033164,County Durham 030D,Vehicle crime,Investigation complete; no suspect identified,
3a063dcad1e8919b38ceff5f9472cf7331b884ab77ac5d37648c4bdd70ba6f71,2021-05,Durham Constabulary,Durham Constabulary,-1.574751,54.778313,On or near Theatre/Concert Hall,E01033164,County Durham 030D,Vehicle crime,Local resolution,
77b7e9369a6f8775eb18349ff2f01b8516b3dbf22edad33ad567beca4b240b2b,2021-05,Durham Constabulary,Durham Constabulary,-1.576049,54.777626,On or near Walkergate,E01033164,County Durham 030D,Violence and sexual offences,Unable to prosecute suspect,
48ff9f450635140bd023b0dfc17a978a3fa5c754567e93e36c6b70e5e0d2ed07,2021-05,Durham Constabulary,Durham Constabulary,-1.576049,54.777626,On or near Walkergate,E01033164,County Durham 030D,Violence and sexual offences,Unable to prosecute suspect,
b8857f53c9c619e665eb216a4cf97a9afca63766836257b5959bc727c32c1943,2021-05,Durham Constabulary,Durham Constabulary,-1.574480,54.775985,On or near Shopping Area,E01033164,County Durham 030D,Violence and sexual offences,Unable to prosecute suspect,
1a88544fd8e68a82809755ba4d0440d23bd136c78e9563869e20abfe14fa2215,2021-05,Durham Constabulary,Durham Constabulary,-1.576172,54.776305,On or near Shopping Area,E01033164,County Durham 030D,Violence and sexual offences,Investigation complete; no suspect identified,
1b571ab707601c3dbe2a21c97653406a583941c62f9e76685f805284764ef613,2021-05,Durham Constabulary,Durham Constabulary,-1.575167,54.777236,On or near Silver Street,E01033164,County Durham 030D,Violence and sexual offences,Investigation complete; no suspect identified,
d93f80a2fe74a208d484f9e55fc1738f6f0e110e2141a793ab556ef1d34d4af6,2021-05,Durham Constabulary,Durham Constabulary,-1.575167,54.777236,On or near Silver Street,E01033164,County Durham 030D,Violence and sexual offences,Investigation complete; no suspect identified,
c62ad70ce16831b76003111973381bb73ad7795c6ed3a146cf790dc291399f99,2021-05,Durham Constabulary,Durham Constabulary,-1.576310,54.777986,On or near Nightclub,E01033164,County Durham 030D,Violence and sexual offences,Investigation complete; no suspect identified,
35931231ba2629f774d620b20d96794169609d168a3ce89d54fbe548915250f4,2021-05,Durham Constabulary,Durham Constabulary,-1.574883,54.776121,On or near Saddler Street,E01033164,County Durham 030D,Violence and sexual offences,Investigation complete; no suspect identified,
0f627e5cd1166d9751ec71e32464c227f62767d16f3d16d545f909c5d0c0bbbd,2021-05,Durham Constabulary,Durham Constabulary,-1.576643,54.771400,On or near South Bailey,E01033164,County Durham 030D,Violence and sexual offences,Investigation complete; no suspect identified,
7ed17c85b72e8da72f57506e01f536470e2c3d2f64c62258dde47448f17344f0,2021-05,Durham Constabulary,Durham Constabulary,-1.576310,54.777986,On or near Nightclub,E01033164,County Durham 030D,Violence and sexual offences,Investigation complete; no suspect identified,
9f590d9735af2931f0bc9da9a19e9845dd059ad1ca0210846025ca9cb4a11621,2021-05,Durham Constabulary,Durham Constabulary,-1.575167,54.777236,On or near Silver Street,E01033164,County Durham 030D,Violence and sexual offences,Unable to prosecute suspect,
659f046f7df3e5be12c14bc29bfbc1d8056b23a21f5258b991df1d9baeab0a8e,2021-05,Durham Constabulary,Durham Constabulary,-1.575167,54.777236,On or near Silver Street,E01033164,County Durham 030D,Violence and sexual offences,Investigation complete; no suspect identified,
03a993143e6d7fb04e552d5675e2732f85b5c5fb2e573018410eb395610ebb50,2021-05,Durham Constabulary,Durham Constabulary,-1.574751,54.778313,On or near Theatre/Concert Hall,E01033164,County Durham 030D,Violence and sexual offences,Court result unavailable,
529017310a878fa6a33b96e063e38799a648887db286929b5b9af761c901b95d,2021-05,Durham Constabulary,Durham Constabulary,-1.575167,54.777236,On or near Silver Street,E01033164,County Durham 030D,Other crime,Investigation complete; no suspect identified,
,2021-05,Durham Constabulary,Durham Constabulary,-1.567849,54.781236,On or near Ferens Close,E01033195,County Durham 030E,Anti-social behaviour,,
,2021-05,Durham Constabulary,Durham Constabulary,-1.568894,54.779470,On or near Wear View,E01033195,County Durham 030E,Anti-social behaviour,,
9dea46e0c4d69a860e060dde8c79a0a1d71f6f94068ea9f9291154056174365d,2021-05,Durham Constabulary,Durham Constabulary,-1.567849,54.781236,On or near Ferens Close,E01033195,County Durham 030E,Violence and sexual offences,Unable to prosecute suspect,
7d61d4079c0b2330b7a3a3c9ca2f9eab47a84af8e8cc4afc91b099a55695bc06,2021-05,Durham Constabulary,Durham Constabulary,-1.564284,54.780217,On or near Magdalene Heights,E01033195,County Durham 030E,Other crime,Unable to prosecute suspect,
,2021-05,Durham Constabulary,Durham Constabulary,-1.569547,54.772148,On or near Mavin Street,E01033197,County Durham 030F,Anti-social behaviour,,
,2021-05,Durham Constabulary,Durham Constabulary,-1.567829,54.771387,On or near The Hallgarth,E01033197,County Durham 030F,Anti-social behaviour,,
,2021-05,Durham Constabulary,Durham Constabulary,-1.561989,54.770935,On or near Sports/Recreation Area,E01033197,County Durham 030F,Anti-social behaviour,,
,2021-05,Durham Constabulary,Durham Constabulary,-1.570506,54.774011,On or near Court Lane,E01033197,County Durham 030F,Anti-social behaviour,,
,2021-05,Durham Constabulary,Durham Constabulary,-1.570165,54.775421,On or near Further/Higher Educational Building,E01033197,County Durham 030F,Anti-social behaviour,,
,2021-05,Durham Constabulary,Durham Constabulary,-1.567948,54.774802,On or near Further/Higher Educational Building,E01033197,County Durham 030F,Anti-social behaviour,,
,2021-05,Durham Constabulary,Durham Constabulary,-1.567829,54.771387,On or near The Hallgarth,E01033197,County Durham 030F,Anti-social behaviour,,
,2021-05,Durham Constabulary,Durham Constabulary,-1.567829,54.771387,On or near The Hallgarth,E01033197,County Durham 030F,Anti-social behaviour,,
be7e635976bdd9ad7c5affb2e0a2e2f280b785aca564bb91f55f5285d25c3404,2021-05,Durham Constabulary,Durham Constabulary,-1.566953,54.773361,On or near Prison,E01033197,County Durham 030F,Criminal damage and arson,Investigation complete; no suspect identified,
dd2a2afe8350ae315ecc775e3a5071aa3ac8545fa92670bac37d32fa652cc0ec,2021-05,Durham Constabulary,Durham Constabulary,-1.566953,54.773361,On or near Prison,E01033197,County Durham 030F,Criminal damage and arson,Investigation complete; no suspect identified,
5138fcc85787d9a8d655c83070885e1fbe6966f3113fce81146c17d73dc95340,2021-05,Durham Constabulary,Durham Constabulary,-1.567829,54.771387,On or near The Hallgarth,E01033197,County Durham 030F,Drugs,Local resolution,
1acb726f455c501a02a8109fd1cc0b5a5a6b2da7e0ca484c2b8e740ee8b0a8ae,2021-05,Durham Constabulary,Durham Constabulary,-1.570506,54.774011,On or near Court Lane,E01033197,County Durham 030F,Drugs,Further investigation is not in the public interest,
044a30fe2fe92624a1dd2bd65fed0276f92f52df31853ce3db6918ce3a9c640e,2021-05,Durham Constabulary,Durham Constabulary,-1.566953,54.773361,On or near Prison,E01033197,County Durham 030F,Drugs,Local resolution,
6df04577c295e85889ed72e5337c7bfdf4f4c04370b3a500a41542f87b7adb44,2021-05,Durham Constabulary,Durham Constabulary,-1.569547,54.772148,On or near Mavin Street,E01033197,County Durham 030F,Drugs,Status update unavailable,
10325f73d9c4beecdb8c33fafd7d1399fe6a8f17ff22b8e67b9d7ffc3763d0c6,2021-05,Durham Constabulary,Durham Constabulary,-1.570310,54.773436,On or near Elvet Crescent,E01033197,County Durham 030F,Public order,Status update unavailable,
afed5e0a4b687af81f07d92ccc09d686d1202c4c1eb385e6008c914a724786be,2021-05,Durham Constabulary,Durham Constabulary,-1.570310,54.773436,On or near Elvet Crescent,E01033197,County Durham 030F,Public order,Status update unavailable,
1b61c7372cfcda4168929ea98b57d83f13c3ae897d240837c915fb5409b0f153,2021-05,Durham Constabulary,Durham Constabulary,-1.570310,54.773436,On or near Elvet Crescent,E01033197,County Durham 030F,Public order,Status update unavailable,
4472acf38c150a756541a410bd95fcb305236082cf7a253d417feaa45374680d,2021-05,Durham Constabulary,Durham Constabulary,-1.570310,54.773436,On or near Elvet Crescent,E01033197,County Durham 030F,Public order,Status update unavailable,
1afb119aca4c3e61a34559d8afb82a0d71d56290f16a851de5b15674970a90d5,2021-05,Durham Constabulary,Durham Constabulary,-1.570310,54.773436,On or near Elvet Crescent,E01033197,County Durham 030F,Public order,Status update unavailable,
fa74ca056ab757521f1b32b3542988d4168115da983b6b225faca13a32aa9d15,2021-05,Durham Constabulary,Durham Constabulary,-1.570310,54.773436,On or near Elvet Crescent,E01033197,County Durham 030F,Public order,Status update unavailable,
f03831d9266fe03f9b4607ad3095804f36d6a0dd3f79cad6ce73dfa6fdea8133,2021-05,Durham Constabulary,Durham Constabulary,-1.570310,54.773436,On or near Elvet Crescent,E01033197,County Durham 030F,Public order,Status update unavailable,
43ac68bf67379f7c4705b53a30cf1f43bc68ff086a9db02080a49fd4e2baffc9,2021-05,Durham Constabulary,Durham Constabulary,-1.570310,54.773436,On or near Elvet Crescent,E01033197,County Durham 030F,Public order,Status update unavailable,
e60baf592d5b6c053c4bd1215be6fd9ef3072859e908eb36322b9024cfcdf9e1,2021-05,Durham Constabulary,Durham Constabulary,-1.570310,54.773436,On or near Elvet Crescent,E01033197,County Durham 030F,Public order,Status update unavailable,
41a77847e6740f4af17400b3d048194f1c7276f26fe9df3380b409f175bbf24a,2021-05,Durham Constabulary,Durham Constabulary,-1.570310,54.773436,On or near Elvet Crescent,E01033197,County Durham 030F,Public order,Status update unavailable,
cd1317df867f869af6c029258652db9db75c5e88cb99b331e17355a1f0595807,2021-05,Durham Constabulary,Durham Constabulary,-1.570310,54.773436,On or near Elvet Crescent,E01033197,County Durham 030F,Public order,Status update unavailable,
ce8bc090006b3006cd2575bee78be47082fc9acbead7b414d1cf1552a2e6dcb6,2021-05,Durham Constabulary,Durham Constabulary,-1.570310,54.773436,On or near Elvet Crescent,E01033197,County Durham 030F,Public order,Status update unavailable,
b96eb6290f42bf4985e1b451eb1747d50a304ebdbea406a2640b1a01e0462b5d,2021-05,Durham Constabulary,Durham Constabulary,-1.570310,54.773436,On or near Elvet Crescent,E01033197,County Durham 030F,Public order,Status update unavailable,
cbca1eb681db6e7e71cd06d6f8993ec129638d2588c68e407ff60275628b97f0,2021-05,Durham Constabulary,Durham Constabulary,-1.570310,54.773436,On or near Elvet Crescent,E01033197,County Durham 030F,Public order,Status update unavailable,
6d8c296e38dd7ac7dc8ac2b5c4b37eb806e3d2a31f44dde45f462d473882e020,2021-05,Durham Constabulary,Durham Constabulary,-1.570310,54.773436,On or near Elvet Crescent,E01033197,County Durham 030F,Public order,Status update unavailable,
05fdd45c74d09520dd59699ce09e10666802bbd6b856288d15c49b328319ffa1,2021-05,Durham Constabulary,Durham Constabulary,-1.570310,54.773436,On or near Elvet Crescent,E01033197,County Durham 030F,Public order,Status update unavailable,
947510ccde2f907ef4c4a730545c9d9eabf9124f50ea938fbd53b8361523e20e,2021-05,Durham Constabulary,Durham Constabulary,-1.570310,54.773436,On or near Elvet Crescent,E01033197,County Durham 030F,Public order,Status update unavailable,
ad3771783a0ba1b90c69a684b9ce84f36af50d57b4b8cb73bd4f1566369eff4c,2021-05,Durham Constabulary,Durham Constabulary,-1.570310,54.773436,On or near Elvet Crescent,E01033197,County Durham 030F,Public order,Status update unavailable,
9a4e936683d7ef152c77a71231fae2e9d7b8228e3a47be7ec6fd53eb8dc5e3da,2021-05,Durham Constabulary,Durham Constabulary,-1.570310,54.773436,On or near Elvet Crescent,E01033197,County Durham 030F,Public order,Status update unavailable,
985e2950dd8fa2b1f53824d02590030f59b0bda3fe34bd796e4b5799e3a69bd6,2021-05,Durham Constabulary,Durham Constabulary,-1.570310,54.773436,On or near Elvet Crescent,E01033197,County Durham 030F,Public order,Status update unavailable,
e55d0df65f85f127784c34a1cdd9323228f886e78be5ff2246fa481d814f4a04,2021-05,Durham Constabulary,Durham Constabulary,-1.566953,54.773361,On or near Prison,E01033197,County Durham 030F,Violence and sexual offences,Unable to prosecute suspect,
e7db8d0dc88920dac4bc2121047c8b78c70d30dfb4099a0a90a69f7acef23d47,2021-05,Durham Constabulary,Durham Constabulary,-1.566953,54.773361,On or near Prison,E01033197,County Durham 030F,Violence and sexual offences,Unable to prosecute suspect,
308be38dddd678e1daab9df98db56bf03f45b068c1a0fbd31160933694155abe,2021-05,Durham Constabulary,Durham Constabulary,-1.567829,54.771387,On or near The Hallgarth,E01033197,County Durham 030F,Violence and sexual offences,Court result unavailable,
583d6375b7c339a9520976cb0dd5f63107eaa36840e9ea3e2e9feafa1cecafea,2021-05,Durham Constabulary,Durham Constabulary,-1.566953,54.773361,On or near Prison,E01033197,County Durham 030F,Violence and sexual offences,Unable to prosecute suspect,
220eba3ab02b65b5cc25bc61e4c71b246b01426f4a00ee8983b72a6e64ed96b7,2021-05,Durham Constabulary,Durham Constabulary,-1.566953,54.773361,On or near Prison,E01033197,County Durham 030F,Violence and sexual offences,Court result unavailable,
9300e3f7e1ca58cad25f1067609239bfc58a6274cd16c6eba0f300293fa4a0de,2021-05,Durham Constabulary,Durham Constabulary,-1.566953,54.773361,On or near Prison,E01033197,County Durham 030F,Violence and sexual offences,Court result unavailable,
8694c78449545fc5ae924b5d5121fd49059b83b4f0d0e7045821ce32c218d6fd,2021-05,Durham Constabulary,Durham Constabulary,-1.570506,54.774011,On or near Court Lane,E01033197,County Durham 030F,Violence and sexual offences,Unable to prosecute suspect,
43b754184bfb100410332a746af3851c75d57864d7d6896c06ea3b47e458c469,2021-05,Durham Constabulary,Durham Constabulary,-1.566953,54.773361,On or near Prison,E01033197,County Durham 030F,Violence and sexual offences,Court result unavailable,
fe291152dbaeea44e31c93ed00c735ee3776c72b29714179223dc37fa981055d,2021-05,Durham Constabulary,Durham Constabulary,-1.566970,54.771743,On or near Whinney Hill,E01033197,County Durham 030F,Violence and sexual offences,Unable to prosecute suspect,
5da4234c6a4ff2f95da10fbea5bdd36b52350496956b21521e8521b3cffd3443,2021-05,Durham Constabulary,Durham Constabulary,-1.566953,54.773361,On or near Prison,E01033197,County Durham 030F,Violence and sexual offences,Unable to prosecute suspect,
d06cbc950b1fc0330ea914da4f1088eb53d01dffc839f60200c36285916f5a44,2021-05,Durham Constabulary,Durham Constabulary,-1.561638,54.771805,On or near Sports/Recreation Area,E01033197,County Durham 030F,Violence and sexual offences,Unable to prosecute suspect,
322f2fbb711132326afe6afb16cc867c26b52b88c9941966cae2260bb86d9b53,2021-05,Durham Constabulary,Durham Constabulary,-1.566953,54.773361,On or near Prison,E01033197,County Durham 030F,Violence and sexual offences,Unable to prosecute suspect,
cf9be7eeb3d05e05158d4257e5bbafb878cdfe800c0a470ac30b29c07be59b7c,2021-05,Durham Constabulary,Durham Constabulary,-1.566953,54.773361,On or near Prison,E01033197,County Durham 030F,Violence and sexual offences,Action to be taken by another organisation,
b59ed698dd752650f4b94c0d34717d5009ef7119c38875648750a5871365f47e,2021-05,Durham Constabulary,Durham Constabulary,-1.570330,54.773022,On or near Palmers Garth,E01033197,County Durham 030F,Violence and sexual offences,Unable to prosecute suspect,
3c7df6b4d434fe78a7dd420a200abc305062dcfeabd08391625e03f3b7d5a85c,2021-05,Durham Constabulary,Durham Constabulary,-1.566953,54.773361,On or near Prison,E01033197,County Durham 030F,Violence and sexual offences,Action to be taken by another organisation,
8a3e2c9679df65d20adf6c8e3f1ac22fbb0461aa57712deb99a0a215dfeba677,2021-05,Durham Constabulary,Durham Constabulary,-1.566953,54.773361,On or near Prison,E01033197,County Durham 030F,Violence and sexual offences,Court result unavailable,
a92fbe53c6d52b9fb9d6782f2e3b2ea6fa0b029ba09f2be7945b376dcf3542b3,2021-05,Durham Constabulary,Durham Constabulary,-1.566953,54.773361,On or near Prison,E01033197,County Durham 030F,Violence and sexual offences,Action to be taken by another organisation,
0a5b56def5b99fec2bfc27f5b348e6951095d5a3674aaffa2bc603ac2c003890,2021-05,Durham Constabulary,Durham Constabulary,-1.566953,54.773361,On or near Prison,E01033197,County Durham 030F,Other crime,Further investigation is not in the public interest,
288d372905378fbfd00d7681ddbbd61f42e136c12a109ca0fac490b4e7268e9d,2021-05,Durham Constabulary,Durham Constabulary,-1.566953,54.773361,On or near Prison,E01033197,County Durham 030F,Other crime,Investigation complete; no suspect identified,
af2b0cfd8fb8c22e4d9605344cab4666b541762f254ce1b6a2afa9bd1c98254d,2021-05,Durham Constabulary,Durham Constabulary,-1.566953,54.773361,On or near Prison,E01033197,County Durham 030F,Other crime,Investigation complete; no suspect identified,
67125097db5f2702b9abfaa27868180ff341a643ec0f18b80692c42707b3311c,2021-05,Durham Constabulary,Durham Constabulary,-1.570506,54.774011,On or near Court Lane,E01033197,County Durham 030F,Other crime,Investigation complete; no suspect identified,
62d5cbef32a55bb707826fee928af85dfc628a23edd3f0e928c87465d1ce5364,2021-05,Durham Constabulary,Durham Constabulary,-1.570506,54.774011,On or near Court Lane,E01033197,County Durham 030F,Other crime,Investigation complete; no suspect identified,
32df6058314f5f3e03d9180238e23bfb089f2c1d8491888facbde14945e716a6,2021-05,Durham Constabulary,Durham Constabulary,-1.570506,54.774011,On or near Court Lane,E01033197,County Durham 030F,Other crime,Investigation complete; no suspect identified,
329c3ae51763bac6260b164bc7268135e5b331e6daae16b6765ce4ce0251e893,2021-05,Durham Constabulary,Durham Constabulary,-1.570506,54.774011,On or near Court Lane,E01033197,County Durham 030F,Other crime,Investigation complete; no suspect identified,
a657b6637339d3c64e2ffb3b148e0be528826605083e656084cd46ea8416020a,2021-05,Durham Constabulary,Durham Constabulary,-1.566953,54.773361,On or near Prison,E01033197,County Durham 030F,Other crime,Investigation complete; no suspect identified,
b1d22764c2e59d45d32d338dc9a9bfda45dd8b8538abdc064a942cb778cbb6f0,2021-05,Durham Constabulary,Durham Constabulary,-1.566953,54.773361,On or near Prison,E01033197,County Durham 030F,Other crime,Investigation complete; no suspect identified,
dd5c53aab1ee0abba0258e26a6b5a938f8e11927061efd4c9e533111788096c2,2021-05,Durham Constabulary,Durham Constabulary,-1.570506,54.774011,On or near Court Lane,E01033197,County Durham 030F,Other crime,Investigation complete; no suspect identified,
61c3e18e5bcd71dcd3ae017911e6610abe247d5190fdb760d00e5e31ac2b9c9b,2021-05,Durham Constabulary,Durham Constabulary,-1.566953,54.773361,On or near Prison,E01033197,County Durham 030F,Other crime,Investigation complete; no suspect identified,
637ddc34866e541dd756e247f6013d874622a598dba5016a3f5a35ac6b26b1f8,2021-05,Durham Constabulary,Durham Constabulary,-1.566953,54.773361,On or near Prison,E01033197,County Durham 030F,Other crime,Unable to prosecute suspect,
02dad5353e0eeea6ae6ecbad5ebc4f85c80eac91e20f537bb80aeabf810aad4c,2021-05,Durham Constabulary,Durham Constabulary,-1.566953,54.773361,On or near Prison,E01033197,County Durham 030F,Other crime,Investigation complete; no suspect identified,
9ac03342f37505d9d3626cd294af3880bf80da1684f69c2a96671dbc4639bf7a,2021-05,Durham Constabulary,Durham Constabulary,-1.570506,54.774011,On or near Court Lane,E01033197,County Durham 030F,Other crime,Investigation complete; no suspect identified,
085679806905410a6a09816f5a94c8cce50dc42f9deaa0d4c8a119498c78a1a1,2021-05,Durham Constabulary,Durham Constabulary,-1.566953,54.773361,On or near Prison,E01033197,County Durham 030F,Other crime,Unable to prosecute suspect,
,2021-05,Durham Constabulary,Durham Constabulary,-1.569376,54.775068,On or near Old Elvet,E01033221,County Durham 030G,Anti-social behaviour,,
,2021-05,Durham Constabulary,Durham Constabulary,-1.569376,54.775068,On or near Old Elvet,E01033221,County Durham 030G,Anti-social behaviour,,
53698f18ebd91e7bd445615fad9ae0b2b98836f00ff609f981d551c52edbeb5c,2021-05,Durham Constabulary,Durham Constabulary,-1.571353,54.768847,On or near Stockton Road,E01033221,County Durham 030G,Bicycle theft,Investigation complete; no suspect identified,
4ed855b3daf60d19dcaee98810edfd0851bb3eaadc75a73fed16164b8b57bd49,2021-05,Durham Constabulary,Durham Constabulary,-1.571353,54.768847,On or near Stockton Road,E01033221,County Durham 030G,Bicycle theft,Investigation complete; no suspect identified,
46b04ee753f63c01bf8cf10c9cd65c2ea42acffca979ba250d8c3b84f7ae39f9,2021-05,Durham Constabulary,Durham Constabulary,-1.571353,54.768847,On or near Stockton Road,E01033221,County Durham 030G,Bicycle theft,Investigation complete; no suspect identified,
89418e9b48cd08ab1259ccb30bb49549d9b1487a9f094871bf91ffdc7c790293,2021-05,Durham Constabulary,Durham Constabulary,-1.579728,54.764689,On or near Further/Higher Educational Building,E01033221,County Durham 030G,Bicycle theft,Investigation complete; no suspect identified,
cbea52dee79a13d5ec0a7138b93d29e45865ce52ce0cd7f02d18ba6391c4b709,2021-05,Durham Constabulary,Durham Constabulary,-1.579728,54.764689,On or near Further/Higher Educational Building,E01033221,County Durham 030G,Bicycle theft,Investigation complete; no suspect identified,
c5d7489e16cea7fcb632ad83302ecb59cbdb4e2f79b5497da19b58c96172a31f,2021-05,Durham Constabulary,Durham Constabulary,-1.572240,54.774692,On or near Further/Higher Educational Building,E01033221,County Durham 030G,Burglary,Investigation complete; no suspect identified,
07674c9dd7c7e5a385bdbbc71479b42845321d679ae3b427399818e747c56119,2021-05,Durham Constabulary,Durham Constabulary,-1.572240,54.774692,On or near Further/Higher Educational Building,E01033221,County Durham 030G,Burglary,Investigation complete; no suspect identified,
2c6aaffc495b3623a3451c17d71d3191b62116bfe38c2d8e09bc4e00822c9188,2021-05,Durham Constabulary,Durham Constabulary,-1.572240,54.774692,On or near Further/Higher Educational Building,E01033221,County Durham 030G,Burglary,Investigation complete; no suspect identified,
eb4eddcc0cf2712b81f37dcdcec4c5fd4397abc97b70ed3af7212b26df07fcb1,2021-05,Durham Constabulary,Durham Constabulary,-1.570952,54.774498,On or near Police Station,E01033221,County Durham 030G,Criminal damage and arson,Unable to prosecute suspect,
0697b4538f51d9a16bd5ed735ed84fc67a1a00e7146a7e7c76ba94234c2e38fb,2021-05,Durham Constabulary,Durham Constabulary,-1.570952,54.774498,On or near Police Station,E01033221,County Durham 030G,Criminal damage and arson,Court result unavailable,
599b3da02ce385cc172025186eb18b74051b7ba19cc309be7ce7135801a7af31,2021-05,Durham Constabulary,Durham Constabulary,-1.570952,54.774498,On or near Police Station,E01033221,County Durham 030G,Criminal damage and arson,Court result unavailable,
ceade622363dbeb74beb495a4cc00825c81b4e75f555b62b5610424b4a13ebcc,2021-05,Durham Constabulary,Durham Constabulary,-1.570952,54.774498,On or near Police Station,E01033221,County Durham 030G,Drugs,Further investigation is not in the public interest,
8037cae313a7f8bc3f01722b0983beab6ba819e4e5060834f486a745637810a6,2021-05,Durham Constabulary,Durham Constabulary,-1.570952,54.774498,On or near Police Station,E01033221,County Durham 030G,Drugs,Further investigation is not in the public interest,
fad80b0f18512adb720e296842d05d6eea158457ad302c84b2f556c71df56ed0,2021-05,Durham Constabulary,Durham Constabulary,-1.581256,54.759653,On or near Further/Higher Educational Building,E01033221,County Durham 030G,Drugs,Further action is not in the public interest,
2227491797408a46571f5004386f02aa6ca47689fa5cc416141b50e1ddae17f8,2021-05,Durham Constabulary,Durham Constabulary,-1.573430,54.769430,On or near Church Street Head,E01033221,County Durham 030G,Public order,Investigation complete; no suspect identified,
8a08da0260ecf325a56943704211ef1a4d988eb3cdd31bdee3d2f99ccb1043e1,2021-05,Durham Constabulary,Durham Constabulary,-1.570653,54.770399,On or near Oswald Court,E01033221,County Durham 030G,Violence and sexual offences,Unable to prosecute suspect,
548b77ac4d9ea8a6617da45a15d2e499d2ef74ffab12e4995a2b7d152a0c2b45,2021-05,Durham Constabulary,Durham Constabulary,-1.573430,54.769430,On or near Church Street Head,E01033221,County Durham 030G,Violence and sexual offences,Investigation complete; no suspect identified,
f1fc2b49ed64544f93bd01798cfdddc3cf294014d0e95c582ea495f5b42306df,2021-05,Durham Constabulary,Durham Constabulary,-1.569376,54.775068,On or near Old Elvet,E01033221,County Durham 030G,Violence and sexual offences,Local resolution,
f9de0f9fa849200ad909cca580a17d4c89d9e83cd114f289c4bc8c43bbff5ae6,2021-05,Durham Constabulary,Durham Constabulary,-1.574728,54.762712,On or near Parking Area,E01033221,County Durham 030G,Violence and sexual offences,Investigation complete; no suspect identified,
29c89188594fe7ea38ada8dabbd95184dfad8b9f7648cc3aaf4e7339d72db89f,2021-05,Durham Constabulary,Durham Constabulary,-1.574728,54.762712,On or near Parking Area,E01033221,County Durham 030G,Violence and sexual offences,Unable to prosecute suspect,
c4a17dfab63556ddbba8440f1e784fb17339aff958db23ccfa74952107fabbf8,2021-05,Durham Constabulary,Durham Constabulary,-1.569376,54.775068,On or near Old Elvet,E01033221,County Durham 030G,Violence and sexual offences,Local resolution,
,2021-05,Durham Constabulary,Durham Constabulary,-1.710704,54.770050,On or near Cypress Park,E01020705,County Durham 031A,Anti-social behaviour,,
,2021-05,Durham Constabulary,Durham Constabulary,-1.709597,54.770551,On or near Birch Place,E01020705,County Durham 031A,Anti-social behaviour,,
,2021-05,Durham Constabulary,Durham Constabulary,-1.705919,54.767567,On or near Station View,E01020705,County Durham 031A,Anti-social behaviour,,
,2021-05,Durham Constabulary,Durham Constabulary,-1.711335,54.773224,On or near Fir Terraces,E01020705,County Durham 031A,Anti-social behaviour,,
,2021-05,Durham Constabulary,Durham Constabulary,-1.709594,54.766695,On or near College View,E01020705,County Durham 031A,Anti-social behaviour,,
,2021-05,Durham Constabulary,Durham Constabulary,-1.709597,54.770551,On or near Birch Place,E01020705,County Durham 031A,Anti-social behaviour,,
,2021-05,Durham Constabulary,Durham Constabulary,-1.714611,54.767094,On or near Rowan Court,E01020705,County Durham 031A,Anti-social behaviour,,
,2021-05,Durham Constabulary,Durham Constabulary,-1.709594,54.766695,On or near College View,E01020705,County Durham 031A,Anti-social behaviour,,
cceec94423055f0955d84fbb16eb9daa050d90556876da7d26295adda43f4b2c,2021-05,Durham Constabulary,Durham Constabulary,-1.710328,54.768324,On or near Pinetree,E01020705,County Durham 031A,Criminal damage and arson,Unable to prosecute suspect,
c657945ead9ac9e11538c4460bb94a29e42ed847618ed7be89b35bbde630f4a1,2021-05,Durham Constabulary,Durham Constabulary,-1.710330,54.772422,On or near Woodlands Road,E01020705,County Durham 031A,Criminal damage and arson,Unable to prosecute suspect,
27bdd9412623ef45fb3381e4c5e4882bd573d1772c458faab291822af1207eb7,2021-05,Durham Constabulary,Durham Constabulary,-1.705919,54.767567,On or near Station View,E01020705,County Durham 031A,Criminal damage and arson,Investigation complete; no suspect identified,
b443dce5c6f519d07a8ecc03ba6d99882a5d7fd42e8cc85ac625804b836daed0,2021-05,Durham Constabulary,Durham Constabulary,-1.705919,54.767567,On or near Station View,E01020705,County Durham 031A,Public order,Unable to prosecute suspect,
6c274e34bde4640da9c49c3a5d610a45d60c0e30c2471fcfedd211baa7f41a80,2021-05,Durham Constabulary,Durham Constabulary,-1.711335,54.773224,On or near Fir Terraces,E01020705,County Durham 031A,Public order,Local resolution,
0fb354174475dd51a2eb81a5ca1670093e2704ff15833c741ce467ad1d471b48,2021-05,Durham Constabulary,Durham Constabulary,-1.709594,54.766695,On or near College View,E01020705,County Durham 031A,Public order,Court result unavailable,
a6f1179666f78c3a89e59249e5f69b211f5976436268ec3b1d5276bc07b0bf14,2021-05,Durham Constabulary,Durham Constabulary,-1.711241,54.768892,On or near The Larches,E01020705,County Durham 031A,Public order,Court result unavailable,
3830a9d7f2f15312d894b61c2522dd5b0abfa6654aaa875e5fb60b9a9d5cf588,2021-05,Durham Constabulary,Durham Constabulary,-1.705919,54.767567,On or near Station View,E01020705,County Durham 031A,Public order,Unable to prosecute suspect,
66b9a062a6ea9000882888a3e70ec93125927e0049ab3436a384043c52dd089a,2021-05,Durham Constabulary,Durham Constabulary,-1.714611,54.767094,On or near Rowan Court,E01020705,County Durham 031A,Public order,Unable to prosecute suspect,
84348ab18fe5a28a0c7aedb5758adf65191010f78b88983063ecbf7b7cecdd31,2021-05,Durham Constabulary,Durham Constabulary,-1.705919,54.767567,On or near Station View,E01020705,County Durham 031A,Public order,Unable to prosecute suspect,
8f5eea761fd978f71ed064866aadc43524c73339785f7718c8e3c5317ad34ad7,2021-05,Durham Constabulary,Durham Constabulary,-1.710330,54.772422,On or near Woodlands Road,E01020705,County Durham 031A,Robbery,Investigation complete; no suspect identified,
adcdfc8f56e7fffa4e8c653b2bb8cd34042cfd1ae122da2b923c19c40d776b9a,2021-05,Durham Constabulary,Durham Constabulary,-1.710330,54.772422,On or near Woodlands Road,E01020705,County Durham 031A,Vehicle crime,Unable to prosecute suspect,
6b5f882e7440bf74f3d4910b0d6a6775bdcaa5acc065177ae165454a8948e9c8,2021-05,Durham Constabulary,Durham Constabulary,-1.710704,54.770050,On or near Cypress Park,E01020705,County Durham 031A,Violence and sexual offences,Local resolution,
940ca0822609f4a49ee30f523de8d2a7fe42b1447f0b4afca52931f3be5ca313,2021-05,Durham Constabulary,Durham Constabulary,-1.710330,54.772422,On or near Woodlands Road,E01020705,County Durham 031A,Violence and sexual offences,Unable to prosecute suspect,
209bf55ee730156c56e46ea379e4e1753a20897a81e5baa003b179fd4b6e0ac5,2021-05,Durham Constabulary,Durham Constabulary,-1.703360,54.771129,On or near Evenwood Road,E01020705,County Durham 031A,Violence and sexual offences,Unable to prosecute suspect,
b75a0459d8d0761772457b0a9f40bdaf3aaf625b24f24c2c028cae765dc7d772,2021-05,Durham Constabulary,Durham Constabulary,-1.710330,54.772422,On or near Woodlands Road,E01020705,County Durham 031A,Violence and sexual offences,Unable to prosecute suspect,
0e63e860031bdf9790868325e216d65f277ac89a265bee6b220919a43b92a04d,2021-05,Durham Constabulary,Durham Constabulary,-1.709594,54.766695,On or near College View,E01020705,County Durham 031A,Violence and sexual offences,Unable to prosecute suspect,
8ae3795c805ecda7beecd25eee7846e4b4c43ba15bf1d297d11132e5bd3828b1,2021-05,Durham Constabulary,Durham Constabulary,-1.710328,54.768324,On or near Pinetree,E01020705,County Durham 031A,Violence and sexual offences,Unable to prosecute suspect,
bb6184ae612c8ccf0bbc72de9708fc9e521a6ddd8d73c031b56e5dc04be23a40,2021-05,Durham Constabulary,Durham Constabulary,-1.712605,54.767251,On or near Hamilton Close,E01020705,County Durham 031A,Violence and sexual offences,Unable to prosecute suspect,
cdb29f678f634979206f98114b8e6943dfd78c054d11ef38f1cb2228e72fd97b,2021-05,Durham Constabulary,Durham Constabulary,-1.705919,54.767567,On or near Station View,E01020705,County Durham 031A,Violence and sexual offences,Action to be taken by another organisation,
168700284588330fe45ca8843a535ec3a44e1efe8720a152ff4aad63e8146c4f,2021-05,Durham Constabulary,Durham Constabulary,-1.710328,54.768324,On or near Pinetree,E01020705,County Durham 031A,Violence and sexual offences,Unable to prosecute suspect,
4b623a795e267b87856739fb8462721583b78b626272e62c07623f69e891b715,2021-05,Durham Constabulary,Durham Constabulary,-1.710328,54.768324,On or near Pinetree,E01020705,County Durham 031A,Violence and sexual offences,Court result unavailable,
e7f7630198f04473f7a777cf43cc1ba0d5163e80561f266104f725fd2acf39f1,2021-05,Durham Constabulary,Durham Constabulary,-1.705919,54.767567,On or near Station View,E01020705,County Durham 031A,Violence and sexual offences,Unable to prosecute suspect,
8ab276d10a3693c0311294443cc5dfb90457fe3d21b07dc45b45de8e385b2b89,2021-05,Durham Constabulary,Durham Constabulary,-1.709594,54.766695,On or near College View,E01020705,County Durham 031A,Violence and sexual offences,Unable to prosecute suspect,
d388421861c1a60e27afd988fd3d49b98ef41b81076b5d0c3597b7f17d5158b3,2021-05,Durham Constabulary,Durham Constabulary,-1.707476,54.773772,On or near Priestburn Close,E01020705,County Durham 031A,Other crime,Unable to prosecute suspect,
,2021-05,Durham Constabulary,Durham Constabulary,-1.700899,54.771752,On or near Durham Road,E01020706,County Durham 031B,Anti-social behaviour,,
,2021-05,Durham Constabulary,Durham Constabulary,-1.697081,54.773063,On or near South Terrace,E01020706,County Durham 031B,Anti-social behaviour,,
,2021-05,Durham Constabulary,Durham Constabulary,-1.695968,54.772252,On or near Coppice Hill,E01020706,County Durham 031B,Anti-social behaviour,,
,2021-05,Durham Constabulary,Durham Constabulary,-1.725414,54.759974,On or near Hamilton Row,E01020706,County Durham 031B,Anti-social behaviour,,
cb3cde7143865d4a8ef88e1d3c528f330b71fb01d99084f0f46a1c81f30d22ce,2021-05,Durham Constabulary,Durham Constabulary,-1.716481,54.761931,On or near Russell Street,E01020706,County Durham 031B,Bicycle theft,Court result unavailable,
59fe8e01de1b7a8321a145c4632f676abc79213dedf9ce1df3532ac0a496531a,2021-05,Durham Constabulary,Durham Constabulary,-1.697081,54.773063,On or near South Terrace,E01020706,County Durham 031B,Burglary,Investigation complete; no suspect identified,
f1ff930ee49a15959229868f1b5970eb925c8de99d23b61b2429e2839af0bafc,2021-05,Durham Constabulary,Durham Constabulary,-1.693312,54.774033,On or near Castlefields,E01020706,County Durham 031B,Burglary,Investigation complete; no suspect identified,
129c424817f5e8f61e1b06b5e46419ff2c200ec1d6ee28a9389107003101e77b,2021-05,Durham Constabulary,Durham Constabulary,-1.699533,54.771596,On or near Brandon Road,E01020706,County Durham 031B,Other theft,Unable to prosecute suspect,
2cc3c13dd0274481d622abb4d164564b3b7ae541e6529dfb830f08558a0afe10,2021-05,Durham Constabulary,Durham Constabulary,-1.704798,54.769982,On or near Supermarket,E01020706,County Durham 031B,Public order,Local resolution,
545538868cf7673aedcc3557c14091e755c591d7480fd8b93d905f582edcf945,2021-05,Durham Constabulary,Durham Constabulary,-1.704798,54.769982,On or near Supermarket,E01020706,County Durham 031B,Shoplifting,Investigation complete; no suspect identified,
df1c0ef2095423b419b4d276ccde05971fc60d6edee745596e9891f035025b64,2021-05,Durham Constabulary,Durham Constabulary,-1.704775,54.771015,On or near Crowgil Court,E01020706,County Durham 031B,Violence and sexual offences,Unable to prosecute suspect,
,2021-05,Durham Constabulary,Durham Constabulary,-1.661350,54.779745,On or near Parking Area,E01020715,County Durham 031C,Anti-social behaviour,,
,2021-05,Durham Constabulary,Durham Constabulary,-1.645742,54.777876,On or near Station Road,E01020715,County Durham 031C,Anti-social behaviour,,
,2021-05,Durham Constabulary,Durham Constabulary,-1.644378,54.777423,On or near Supermarket,E01020715,County Durham 031C,Anti-social behaviour,,
,2021-05,Durham Constabulary,Durham Constabulary,-1.645742,54.777876,On or near Station Road,E01020715,County Durham 031C,Anti-social behaviour,,
,2021-05,Durham Constabulary,Durham Constabulary,-1.645742,54.777876,On or near Station Road,E01020715,County Durham 031C,Anti-social behaviour,,
,2021-05,Durham Constabulary,Durham Constabulary,-1.679002,54.779011,On or near Flasshall Lane,E01020715,County Durham 031C,Anti-social behaviour,,
,2021-05,Durham Constabulary,Durham Constabulary,-1.649267,54.774696,On or near Station Road,E01020715,County Durham 031C,Anti-social behaviour,,
,2021-05,Durham Constabulary,Durham Constabulary,-1.648139,54.766722,On or near Doric Road,E01020715,County Durham 031C,Anti-social behaviour,,
171d8283882e284ed8d0798f61a65859a9281aff9236816781532ba535492ea8,2021-05,Durham Constabulary,Durham Constabulary,-1.645742,54.777876,On or near Station Road,E01020715,County Durham 031C,Criminal damage and arson,Investigation complete; no suspect identified,
53db19765748273f150fbb8cf66748381fe72b25c58dee84a4989c6f62543bd3,2021-05,Durham Constabulary,Durham Constabulary,-1.644338,54.778339,On or near Flass Avenue,E01020715,County Durham 031C,Criminal damage and arson,Investigation complete; no suspect identified,
a2ffbe8ee05b065a8b76972cffa30b5937ba948be39dc6afac868ae228957fbc,2021-05,Durham Constabulary,Durham Constabulary,-1.644338,54.778339,On or near Flass Avenue,E01020715,County Durham 031C,Criminal damage and arson,Investigation complete; no suspect identified,
e1a64b0439552dd3d0fc96571bc4b2e0ba765ab472b1344e4fd3e25e50a38b37,2021-05,Durham Constabulary,Durham Constabulary,-1.645742,54.777876,On or near Station Road,E01020715,County Durham 031C,Other theft,Unable to prosecute suspect,
0a11235dd63e2f6ef44d253a07f0545576fe7b6f9aafd4570b0fb217271bd77e,2021-05,Durham Constabulary,Durham Constabulary,-1.648407,54.778881,On or near Temperance Terrace,E01020715,County Durham 031C,Other theft,Unable to prosecute suspect,
ced38e07023da4eda63eb2bed6dc471c674affdb0cc878b66fe69490a933e71c,2021-05,Durham Constabulary,Durham Constabulary,-1.679002,54.779011,On or near Flasshall Lane,E01020715,County Durham 031C,Public order,Investigation complete; no suspect identified,
1a777b127230157e6393959b08821abf0c67ac0eeb773157044f72f2854ea45f,2021-05,Durham Constabulary,Durham Constabulary,-1.650247,54.767474,On or near Sports/Recreation Area,E01020715,County Durham 031C,Public order,Unable to prosecute suspect,
d6ab876604d18ba1cbc99a166951401b5470dadbbb8947e996ec0009a0743f76,2021-05,Durham Constabulary,Durham Constabulary,-1.644378,54.777423,On or near Supermarket,E01020715,County Durham 031C,Shoplifting,Investigation complete; no suspect identified,
7b68045992add9e705f8b5359f89769b1ec3514c4f34dcf60613a6cac20d87f4,2021-05,Durham Constabulary,Durham Constabulary,-1.644378,54.777423,On or near Supermarket,E01020715,County Durham 031C,Shoplifting,Unable to prosecute suspect,
db890d204957a0577cb6ef21cd09f85c1ccc04760c5468ef2b07f928559e2e8c,2021-05,Durham Constabulary,Durham Constabulary,-1.645742,54.777876,On or near Station Road,E01020715,County Durham 031C,Shoplifting,Unable to prosecute suspect,
96e424e6d5ed7b3a346df87c052c7f10b6605a1b0af7d51667a076737ab6e603,2021-05,Durham Constabulary,Durham Constabulary,-1.648407,54.778881,On or near Temperance Terrace,E01020715,County Durham 031C,Theft from the person,Investigation complete; no suspect identified,
a8d1a03809baa533091f79b72d97be69c597a4782ed823c252dc67906ee36335,2021-05,Durham Constabulary,Durham Constabulary,-1.650575,54.765399,On or near Pringle Grove,E01020715,County Durham 031C,Violence and sexual offences,Unable to prosecute suspect,
fded5305eaa04a8f6766a65b207f4713d1e149d853c87547a22cca44dd4ac60b,2021-05,Durham Constabulary,Durham Constabulary,-1.686225,54.777897,On or near B6302,E01020715,County Durham 031C,Violence and sexual offences,Unable to prosecute suspect,
3b3146de25275d853f6d673145aeb09e3f8e73be5fee3a1da9597b243bb493af,2021-05,Durham Constabulary,Durham Constabulary,-1.644587,54.776560,On or near Sports/Recreation Area,E01020715,County Durham 031C,Violence and sexual offences,Unable to prosecute suspect,
f0205f5048c98d3abd5dab5ac1970bfe6fcbd23f9426701f3cb428184e82c4cc,2021-05,Durham Constabulary,Durham Constabulary,-1.651998,54.768018,On or near Tuscan Close,E01020715,County Durham 031C,Violence and sexual offences,Investigation complete; no suspect identified,
d7bac16de451809b4918141268c7631fcc604d6a161fa0c7bce51ce6248ba570,2021-05,Durham Constabulary,Durham Constabulary,-1.646167,54.766518,On or near Sports/Recreation Area,E01020715,County Durham 031C,Violence and sexual offences,Action to be taken by another organisation,
450ea101f82533f84dd738ecebccece6acfbb0588d911550fc9408faf53a9be4,2021-05,Durham Constabulary,Durham Constabulary,-1.651998,54.768018,On or near Tuscan Close,E01020715,County Durham 031C,Violence and sexual offences,Unable to prosecute suspect,
2b6e12c1d87de76e6f12636cd55458c150591b8f9e0849a92878f65b1c4e8271,2021-05,Durham Constabulary,Durham Constabulary,-1.686225,54.777897,On or near B6302,E01020715,County Durham 031C,Violence and sexual offences,Investigation complete; no suspect identified,
7948d67049df2031623e18bb30f50b68691d21848bbc45d394164d4be0c03532,2021-05,Durham Constabulary,Durham Constabulary,-1.648707,54.780176,On or near Welby Drive,E01020715,County Durham 031C,Violence and sexual offences,Unable to prosecute suspect,
,2021-05,Durham Constabulary,Durham Constabulary,-1.325251,54.760800,On or near Chapel Hill Road,E01020745,County Durham 032A,Anti-social behaviour,,
,2021-05,Durham Constabulary,Durham Constabulary,-1.326734,54.758543,On or near Duddon Close,E01020745,County Durham 032A,Anti-social behaviour,,
,2021-05,Durham Constabulary,Durham Constabulary,-1.330195,54.758787,On or near Petrol Station,E01020745,County Durham 032A,Anti-social behaviour,,
,2021-05,Durham Constabulary,Durham Constabulary,-1.330195,54.758787,On or near Petrol Station,E01020745,County Durham 032A,Anti-social behaviour,,
,2021-05,Durham Constabulary,Durham Constabulary,-1.323842,54.758617,On or near Braithwaite Road,E01020745,County Durham 032A,Anti-social behaviour,,
,2021-05,Durham Constabulary,Durham Constabulary,-1.331458,54.758534,On or near Pedestrian Subway,E01020745,County Durham 032A,Anti-social behaviour,,
,2021-05,Durham Constabulary,Durham Constabulary,-1.329066,54.759401,On or near Eskdale Walk,E01020745,County Durham 032A,Anti-social behaviour,,
fc9bb896f0398904f6d2cb5214f285221bc15cae6910103e9cdb2c64815f154a,2021-05,Durham Constabulary,Durham Constabulary,-1.328763,54.757045,On or near Hovingham Close,E01020745,County Durham 032A,Burglary,Investigation complete; no suspect identified,
ec57fc1e1977812c0abac10c57c36893936ac5a604dbac98e05657ffe8702714,2021-05,Durham Constabulary,Durham Constabulary,-1.329860,54.757437,On or near Beaumont Place,E01020745,County Durham 032A,Burglary,Unable to prosecute suspect,
cdd74850abd026139c225ce07c64ac7d54ced448ceb7099dc521c68e20f15a46,2021-05,Durham Constabulary,Durham Constabulary,-1.327387,54.760416,On or near Scafell Close,E01020745,County Durham 032A,Criminal damage and arson,Investigation complete; no suspect identified,
7fb80602e884a9b7ba73306e4058e11300c5b841dff42b6a21c8a5b9bfcf1b68,2021-05,Durham Constabulary,Durham Constabulary,-1.329860,54.757437,On or near Beaumont Place,E01020745,County Durham 032A,Criminal damage and arson,Unable to prosecute suspect,
f91e4009ec36daa9a15b6a9991ec9cef23af52163d1984e4992c67526b71a3f3,2021-05,Durham Constabulary,Durham Constabulary,-1.323689,54.759452,On or near Matterdale Road,E01020745,County Durham 032A,Criminal damage and arson,Investigation complete; no suspect identified,
232d77affd23c5177fa852263e7456d4094e6e561e3d1954b62582878af410c4,2021-05,Durham Constabulary,Durham Constabulary,-1.323842,54.758617,On or near Braithwaite Road,E01020745,County Durham 032A,Other theft,Unable to prosecute suspect,
fde33567e7385af7bf18177a3dc4a40579a7a83efbabbf438e7358dc52c3f1ca,2021-05,Durham Constabulary,Durham Constabulary,-1.330485,54.758205,On or near Petrol Station,E01020745,County Durham 032A,Other theft,Investigation complete; no suspect identified,
7dc3ba1c8a6d4118da892e1d6bd19fcb7048b63bae4f8d5c34584ecae0e5a9a5,2021-05,Durham Constabulary,Durham Constabulary,-1.323689,54.759452,On or near Matterdale Road,E01020745,County Durham 032A,Public order,Unable to prosecute suspect,
2c9e8e8c0ed0ef38f937dac351b7cab46c9b12d676150f70926f4cc5f1d4854d,2021-05,Durham Constabulary,Durham Constabulary,-1.328543,54.759084,On or near Cumbrian Way,E01020745,County Durham 032A,Public order,Unable to prosecute suspect,
5e1ce2f957fd6ecede4851315a3e2a7f0860d2f1815ea235ef886bdb489e605e,2021-05,Durham Constabulary,Durham Constabulary,-1.323842,54.758617,On or near Braithwaite Road,E01020745,County Durham 032A,Public order,Unable to prosecute suspect,
29124aaac833d412e313b3c6da22ed60fc6f9fdc923ab4e0cddc3bf65eb90e6b,2021-05,Durham Constabulary,Durham Constabulary,-1.323842,54.758617,On or near Braithwaite Road,E01020745,County Durham 032A,Public order,Unable to prosecute suspect,
c37227af75456a570f95ad79f2e9dc89e8b97ee87762c1c9bf6f7397c2460fcc,2021-05,Durham Constabulary,Durham Constabulary,-1.323689,54.759452,On or near Matterdale Road,E01020745,County Durham 032A,Violence and sexual offences,Unable to prosecute suspect,
283789d0607c9af73736b258fa98c8d848f9b4bf5567ecdca2201455fb06de0c,2021-05,Durham Constabulary,Durham Constabulary,-1.325251,54.760800,On or near Chapel Hill Road,E01020745,County Durham 032A,Violence and sexual offences,Investigation complete; no suspect identified,
0db1b28498260756efbf0464699804bfdf99385f8435a97178bcd71aedc872f8,2021-05,Durham Constabulary,Durham Constabulary,-1.328543,54.759084,On or near Cumbrian Way,E01020745,County Durham 032A,Violence and sexual offences,Unable to prosecute suspect,
9f8039bb829c3bfec9e7f45e6265de7cac1697ef78138d1c76a0e89bcd3720c1,2021-05,Durham Constabulary,Durham Constabulary,-1.326734,54.758543,On or near Duddon Close,E01020745,County Durham 032A,Violence and sexual offences,Unable to prosecute suspect,
e198a6b1813e1809114eb0bf37849515e6baea1f0df7b791d9609b4a2dde436f,2021-05,Durham Constabulary,Durham Constabulary,-1.328270,54.761482,On or near Kirkstone Avenue,E01020745,County Durham 032A,Violence and sexual offences,Unable to prosecute suspect,
b3947d6401db7af664fbc46c4d5296b66adc0cda6ede836f431d982db28471fb,2021-05,Durham Constabulary,Durham Constabulary,-1.324770,54.757993,On or near Yoden Way,E01020745,County Durham 032A,Violence and sexual offences,Unable to prosecute suspect,
1110797951eb1a0abbda34aecacdc8f2ee778f69ef63490939112f8eb52665d2,2021-05,Durham Constabulary,Durham Constabulary,-1.325251,54.760800,On or near Chapel Hill Road,E01020745,County Durham 032A,Violence and sexual offences,Unable to prosecute suspect,
83ef9c904b825d3c1ba729439f301f1196d03900f09ebe9a7daef997512f7bf8,2021-05,Durham Constabulary,Durham Constabulary,-1.326734,54.758543,On or near Duddon Close,E01020745,County Durham 032A,Violence and sexual offences,Unable to prosecute suspect,
29ce09a0b7b0229bee27c2888dd1f7906ec20f134828a67c85d89827223f8282,2021-05,Durham Constabulary,Durham Constabulary,-1.324770,54.757993,On or near Yoden Way,E01020745,County Durham 032A,Violence and sexual offences,Unable to prosecute suspect,
fd445bacfe39d9bb72384d25b611ad72dcba21866ae618beca0702fd5bdd6ff5,2021-05,Durham Constabulary,Durham Constabulary,-1.326734,54.758543,On or near Duddon Close,E01020745,County Durham 032A,Violence and sexual offences,Unable to prosecute suspect,
cc915a55d6f271aad6928c12f3b5345d18738f87d757f121fd2178a8e9094401,2021-05,Durham Constabulary,Durham Constabulary,-1.323842,54.758617,On or near Braithwaite Road,E01020745,County Durham 032A,Violence and sexual offences,Unable to prosecute suspect,
cb127629fceaa8bf8b40aefd551ca9f58f30a685d53bedb1767272e650da9536,2021-05,Durham Constabulary,Durham Constabulary,-1.328270,54.761482,On or near Kirkstone Avenue,E01020745,County Durham 032A,Violence and sexual offences,Unable to prosecute suspect,
8d3a32fca1f250f977626ed08e8e24467e34f48f8a46fe577ae5bba1a50b38fd,2021-05,Durham Constabulary,Durham Constabulary,-1.323689,54.759452,On or near Matterdale Road,E01020745,County Durham 032A,Violence and sexual offences,Investigation complete; no suspect identified,
,2021-05,Durham Constabulary,Durham Constabulary,-1.332889,54.786814,On or near The Coppice,E01020753,County Durham 032B,Anti-social behaviour,,
,2021-05,Durham Constabulary,Durham Constabulary,-1.338620,54.785317,On or near Moncreiff Terrace,E01020753,County Durham 032B,Anti-social behaviour,,
,2021-05,Durham Constabulary,Durham Constabulary,-1.338620,54.785317,On or near Moncreiff Terrace,E01020753,County Durham 032B,Anti-social behaviour,,
,2021-05,Durham Constabulary,Durham Constabulary,-1.342837,54.786086,On or near Saturn Close,E01020753,County Durham 032B,Anti-social behaviour,,
315719a5457339c70db9ef9a29d44036c0bced63023b79f1c0e7b8c4596ab74f,2021-05,Durham Constabulary,Durham Constabulary,-1.343613,54.785245,On or near Jupiter Court,E01020753,County Durham 032B,Criminal damage and arson,Investigation complete; no suspect identified,
9608ef2d5d97be577b1816ab81ceeb2cde500919a7ef10827310068cb6d021ae,2021-05,Durham Constabulary,Durham Constabulary,-1.339016,54.785823,On or near Manisty Terrace,E01020753,County Durham 032B,Criminal damage and arson,Unable to prosecute suspect,
16ffd9a23d6ebeec043723285682047ecfd954a3e8014e6c7d3217835446c365,2021-05,Durham Constabulary,Durham Constabulary,-1.338620,54.785317,On or near Moncreiff Terrace,E01020753,County Durham 032B,Criminal damage and arson,Unable to prosecute suspect,
1cbd4beb12af9ee3744907fd3d5c29c111f4f3edac410d1e69f37af5ebfaa458,2021-05,Durham Constabulary,Durham Constabulary,-1.333213,54.788864,On or near Stewart Street,E01020753,County Durham 032B,Criminal damage and arson,Court result unavailable,
c4fb210c714646ad663e064481ef0dbcaa4f8a10fc0f013b69e73cc6dfdfee4d,2021-05,Durham Constabulary,Durham Constabulary,-1.337074,54.784779,On or near Davis Terrace,E01020753,County Durham 032B,Public order,Unable to prosecute suspect,
679d2d78c460897fc2438f26f71d2bf6d2e73bb415fb80248a540c6c492c4ea9,2021-05,Durham Constabulary,Durham Constabulary,-1.339832,54.787328,On or near Whickham Street,E01020753,County Durham 032B,Vehicle crime,Unable to prosecute suspect,
5061ec871062177fdeca6b5d73f72282c2e4d1f9478980ad657b3006c734d847,2021-05,Durham Constabulary,Durham Constabulary,-1.337074,54.784779,On or near Davis Terrace,E01020753,County Durham 032B,Violence and sexual offences,Unable to prosecute suspect,
b852b2aea6cbbbeac466a5b9519ce9129b4df4339c52c7bd48fa01c1a947bf2d,2021-05,Durham Constabulary,Durham Constabulary,-1.338620,54.785317,On or near Moncreiff Terrace,E01020753,County Durham 032B,Violence and sexual offences,Unable to prosecute suspect,
29b4514e0bd037f9e21be1cbec2c999833b8737eff4edd228562ab6eae7c79b4,2021-05,Durham Constabulary,Durham Constabulary,-1.331993,54.789298,On or near Crawlaw Road,E01020753,County Durham 032B,Violence and sexual offences,Unable to prosecute suspect,
92be42a93205eee60d0c1f1cedf4c587d3887ac2441bac8d86134a4378d60ade,2021-05,Durham Constabulary,Durham Constabulary,-1.331993,54.789298,On or near Crawlaw Road,E01020753,County Durham 032B,Violence and sexual offences,Unable to prosecute suspect,
9d8591b2d56cc38dc1b284ad48222ae9340f8ce85150c359e5d35e92a39b9a3d,2021-05,Durham Constabulary,Durham Constabulary,-1.337074,54.784779,On or near Davis Terrace,E01020753,County Durham 032B,Violence and sexual offences,Investigation complete; no suspect identified,
cb48c5f0a7c865f009bf59c84b3202e7e7f062b758a5e50b41d3eafc129df122,2021-05,Durham Constabulary,Durham Constabulary,-1.333213,54.788864,On or near Stewart Street,E01020753,County Durham 032B,Violence and sexual offences,Status update unavailable,
961938ebb1bcde81a9a0b527a2d8ad9b7a8be761424cf2a08bce866d2d49f912,2021-05,Durham Constabulary,Durham Constabulary,-1.344454,54.785187,On or near Burn Gardens,E01020753,County Durham 032B,Violence and sexual offences,Formal action is not in the public interest,
9a0218a6e88114816bbee8fe7f61781c974de0d6b1afb42bf381830ef81b37fa,2021-05,Durham Constabulary,Durham Constabulary,-1.338620,54.785317,On or near Moncreiff Terrace,E01020753,County Durham 032B,Violence and sexual offences,Unable to prosecute suspect,
,2021-05,Durham Constabulary,Durham Constabulary,-1.336661,54.766327,On or near Yoden Road,E01020757,County Durham 032C,Anti-social behaviour,,
,2021-05,Durham Constabulary,Durham Constabulary,-1.334399,54.764921,On or near Galloway Road,E01020757,County Durham 032C,Anti-social behaviour,,
,2021-05,Durham Constabulary,Durham Constabulary,-1.334339,54.762899,On or near Little Eden,E01020757,County Durham 032C,Anti-social behaviour,,
,2021-05,Durham Constabulary,Durham Constabulary,-1.334293,54.761919,On or near Brandlings Way,E01020757,County Durham 032C,Anti-social behaviour,,
,2021-05,Durham Constabulary,Durham Constabulary,-1.338977,54.764362,On or near Dunn Road,E01020757,County Durham 032C,Anti-social behaviour,,
,2021-05,Durham Constabulary,Durham Constabulary,-1.332727,54.763555,On or near Kirkland Hill,E01020757,County Durham 032C,Anti-social behaviour,,
6188f31c9036c6caab3a0648200e1246b93f7fb6aea68396e55628bb25de0555,2021-05,Durham Constabulary,Durham Constabulary,-1.336661,54.766327,On or near Yoden Road,E01020757,County Durham 032C,Burglary,Investigation complete; no suspect identified,
d5a8844e2543e2af063dca90e75850c600b708de66e7c455db1e628a7d87af13,2021-05,Durham Constabulary,Durham Constabulary,-1.338285,54.764880,On or near Westcott Road,E01020757,County Durham 032C,Burglary,Investigation complete; no suspect identified,
7d2ae4acee0d710b7726f0332db478ffb0053a33ab0900a01e5b013dffa5d037,2021-05,Durham Constabulary,Durham Constabulary,-1.338977,54.764362,On or near Dunn Road,E01020757,County Durham 032C,Burglary,Investigation complete; no suspect identified,
389ed744c6d221dd6b5899416d82e5e9da86cf346e762277b299ffd2d79f5610,2021-05,Durham Constabulary,Durham Constabulary,-1.334399,54.764921,On or near Galloway Road,E01020757,County Durham 032C,Criminal damage and arson,Unable to prosecute suspect,
73cde0d8d21a99ce69137e4c0e33b2a01e1cfc4034a9e70f20e54e5fe5a6e0ab,2021-05,Durham Constabulary,Durham Constabulary,-1.338977,54.764362,On or near Dunn Road,E01020757,County Durham 032C,Criminal damage and arson,Investigation complete; no suspect identified,
3a3e5db2df78c1e03fc97da9f2a1b5e1aa64afcce9f9bdad20e955abe9896f94,2021-05,Durham Constabulary,Durham Constabulary,-1.334399,54.764921,On or near Galloway Road,E01020757,County Durham 032C,Criminal damage and arson,Investigation complete; no suspect identified,
3600bcdf05dc280f025668e8d2d29d4ba5fb0b097e341bfe64b1e40a38872de9,2021-05,Durham Constabulary,Durham Constabulary,-1.334399,54.764921,On or near Galloway Road,E01020757,County Durham 032C,Other theft,Unable to prosecute suspect,
2e188a38e42b9aa1462d5713be1dc9ee93806cc903519600d25e2d53d3c678c5,2021-05,Durham Constabulary,Durham Constabulary,-1.338285,54.764880,On or near Westcott Road,E01020757,County Durham 032C,Public order,Investigation complete; no suspect identified,
a82f8521f0c140d6201d53f1b8f7f1cb3cea9ec3f1c74a2e7a822253a3fd85b9,2021-05,Durham Constabulary,Durham Constabulary,-1.337022,54.763237,On or near Hawes Road,E01020757,County Durham 032C,Vehicle crime,Investigation complete; no suspect identified,
eb298750d0db1ed0e04622a5f780f0b704daae2fcb01b1d765ca96f03e430bf0,2021-05,Durham Constabulary,Durham Constabulary,-1.338977,54.764362,On or near Dunn Road,E01020757,County Durham 032C,Violence and sexual offences,Unable to prosecute suspect,
efdfd58a7a64ace7b82739d4d25c6402e02f60feba917c0b1df99e64265aae9e,2021-05,Durham Constabulary,Durham Constabulary,-1.338977,54.764362,On or near Dunn Road,E01020757,County Durham 032C,Violence and sexual offences,Action to be taken by another organisation,
95936931608c56215bf9024be125d8a88abadfcad1b0ad789a3a75dde32b70d4,2021-05,Durham Constabulary,Durham Constabulary,-1.337022,54.763237,On or near Hawes Road,E01020757,County Durham 032C,Violence and sexual offences,Investigation complete; no suspect identified,
679a2c6e04de89499122ae86fe6114813bda000d48035cb0cfd4f712f59b8084,2021-05,Durham Constabulary,Durham Constabulary,-1.338285,54.764880,On or near Westcott Road,E01020757,County Durham 032C,Violence and sexual offences,Unable to prosecute suspect,
,2021-05,Durham Constabulary,Durham Constabulary,-1.331690,54.763307,On or near Edenhill Road,E01020758,County Durham 032D,Anti-social behaviour,,
,2021-05,Durham Constabulary,Durham Constabulary,-1.331690,54.763307,On or near Edenhill Road,E01020758,County Durham 032D,Anti-social behaviour,,
,2021-05,Durham Constabulary,Durham Constabulary,-1.329464,54.764463,On or near Troutbeck Way,E01020758,County Durham 032D,Anti-social behaviour,,
,2021-05,Durham Constabulary,Durham Constabulary,-1.329684,54.762451,On or near Thirlmere Road,E01020758,County Durham 032D,Anti-social behaviour,,
,2021-05,Durham Constabulary,Durham Constabulary,-1.331874,54.767271,On or near Eden Lane,E01020758,County Durham 032D,Anti-social behaviour,,
,2021-05,Durham Constabulary,Durham Constabulary,-1.331690,54.763307,On or near Edenhill Road,E01020758,County Durham 032D,Anti-social behaviour,,
,2021-05,Durham Constabulary,Durham Constabulary,-1.331874,54.767271,On or near Eden Lane,E01020758,County Durham 032D,Anti-social behaviour,,
,2021-05,Durham Constabulary,Durham Constabulary,-1.327832,54.762638,On or near Keswick Road,E01020758,County Durham 032D,Anti-social behaviour,,
,2021-05,Durham Constabulary,Durham Constabulary,-1.330490,54.763534,On or near Mansell Crescent,E01020758,County Durham 032D,Anti-social behaviour,,
,2021-05,Durham Constabulary,Durham Constabulary,-1.331690,54.763307,On or near Edenhill Road,E01020758,County Durham 032D,Anti-social behaviour,,
3b059e83ecf7dfa259457f8520b5972dc90ef9a05fb00c2330ed2aaf1624029a,2021-05,Durham Constabulary,Durham Constabulary,-1.332847,54.762873,On or near Derwent Road,E01020758,County Durham 032D,Burglary,Investigation complete; no suspect identified,
f15370bcf59d778e87ddfb805730016bb8e139fc2e5fde8878764510b2710d5f,2021-05,Durham Constabulary,Durham Constabulary,-1.330137,54.764197,On or near Alston Walk,E01020758,County Durham 032D,Criminal damage and arson,Investigation complete; no suspect identified,
456f4d03e3164170b1584716d81c9f312ed1291ed5a75fadfdc3244e26ed9d8a,2021-05,Durham Constabulary,Durham Constabulary,-1.328030,54.763808,On or near Ellison Road,E01020758,County Durham 032D,Criminal damage and arson,Unable to prosecute suspect,
a0732d6c44bc628fef69cd9f69520362f717c86e479d61a5b52baffae349525c,2021-05,Durham Constabulary,Durham Constabulary,-1.330703,54.764721,On or near Pickard Close,E01020758,County Durham 032D,Criminal damage and arson,Local resolution,
c1814d3af664fa3c409a2887c39a18c1978f40dd699f7f171085187592d67240,2021-05,Durham Constabulary,Durham Constabulary,-1.325661,54.761422,On or near Coniston Close,E01020758,County Durham 032D,Criminal damage and arson,Investigation complete; no suspect identified,
930f860909e0eb65d76fac09940893784cb002a446f7bc532d9f8c71a139d492,2021-05,Durham Constabulary,Durham Constabulary,-1.330490,54.763534,On or near Mansell Crescent,E01020758,County Durham 032D,Criminal damage and arson,Investigation complete; no suspect identified,
d11022ab682bfaa47f5a98b467a2a317a95523ef2fc3dc8f6d5d146b38f55cb3,2021-05,Durham Constabulary,Durham Constabulary,-1.329464,54.764463,On or near Troutbeck Way,E01020758,County Durham 032D,Criminal damage and arson,Investigation complete; no suspect identified,
bcaf6dd816112e0758c4c9b2cf29dee39ce238847f0f623fe894b4f42f329c3f,2021-05,Durham Constabulary,Durham Constabulary,-1.329464,54.764463,On or near Troutbeck Way,E01020758,County Durham 032D,Criminal damage and arson,Unable to prosecute suspect,
051de49533bbf5bc163c2a4c624ae2a28797d0714fd071bc1aac9ba3f66592de,2021-05,Durham Constabulary,Durham Constabulary,-1.328030,54.763808,On or near Ellison Road,E01020758,County Durham 032D,Public order,Unable to prosecute suspect,
639aa8d7d443234f863007b236e78427ca3c37dda028077f67415e50a095bd1d,2021-05,Durham Constabulary,Durham Constabulary,-1.331690,54.763307,On or near Edenhill Road,E01020758,County Durham 032D,Public order,Investigation complete; no suspect identified,
caa2153af12c6916f37456e4fa183a45d3775461402f4c66f261294c4064805d,2021-05,Durham Constabulary,Durham Constabulary,-1.329684,54.762451,On or near Thirlmere Road,E01020758,County Durham 032D,Public order,Unable to prosecute suspect,
6dd7c9f3e452b9c35eb16a81fef733712e56bee12545d4fff980c9a452dfcf8e,2021-05,Durham Constabulary,Durham Constabulary,-1.330392,54.761017,On or near Kentmere Place,E01020758,County Durham 032D,Public order,Investigation complete; no suspect identified,
d84936f4038419a27bb32401d366023825722b51e168d505382e74035fc8a33d,2021-05,Durham Constabulary,Durham Constabulary,-1.331690,54.763307,On or near Edenhill Road,E01020758,County Durham 032D,Shoplifting,Investigation complete; no suspect identified,
2115ad2eff426f4234fc5c0068d251efbfda7f08e7ba4e65028093de3d49cfb5,2021-05,Durham Constabulary,Durham Constabulary,-1.330137,54.764197,On or near Alston Walk,E01020758,County Durham 032D,Vehicle crime,Investigation complete; no suspect identified,
45131361624e2cf8b9569cfcde5c817ec131cec72fc48394df3f44eb487d53e7,2021-05,Durham Constabulary,Durham Constabulary,-1.330137,54.764197,On or near Alston Walk,E01020758,County Durham 032D,Vehicle crime,Investigation complete; no suspect identified,
49dabed9b3292606953aadd96f0a26b52fe30f052b6a7d853874415ce7769940,2021-05,Durham Constabulary,Durham Constabulary,-1.330392,54.761017,On or near Kentmere Place,E01020758,County Durham 032D,Vehicle crime,Investigation complete; no suspect identified,
5ec42001fe59c6f6b9b4c18f173dfe489e93fe950fa8e8e2f9a1a1c9ae188d0c,2021-05,Durham Constabulary,Durham Constabulary,-1.328030,54.763808,On or near Ellison Road,E01020758,County Durham 032D,Violence and sexual offences,Investigation complete; no suspect identified,
06f0703189548e597c81ebc117b329f5a4eb6044e70df60623e496cb2c5d7c90,2021-05,Durham Constabulary,Durham Constabulary,-1.328030,54.763808,On or near Ellison Road,E01020758,County Durham 032D,Violence and sexual offences,Unable to prosecute suspect,
7335db5e1a43944f717ae82a88c9c423fdbe678fcaf0e5dcb94f88670c97ee64,2021-05,Durham Constabulary,Durham Constabulary,-1.328030,54.763808,On or near Ellison Road,E01020758,County Durham 032D,Violence and sexual offences,Court result unavailable,
9c5f888337a6ee0f4b0c85dc698ef0096f530a5845b97ba96191015eeefac33e,2021-05,Durham Constabulary,Durham Constabulary,-1.329684,54.762451,On or near Thirlmere Road,E01020758,County Durham 032D,Violence and sexual offences,Unable to prosecute suspect,
f59ae01da87eccfaf23c6f83ecb679914495d3e00880ecaa8ecae54a76c6e5eb,2021-05,Durham Constabulary,Durham Constabulary,-1.329684,54.762451,On or near Thirlmere Road,E01020758,County Durham 032D,Violence and sexual offences,Unable to prosecute suspect,
639aed2dd9e859257e8d304fce9921dff5b2a19c67824f77e36cfe9fb748fb46,2021-05,Durham Constabulary,Durham Constabulary,-1.324599,54.763564,On or near Shotton Road,E01020758,County Durham 032D,Violence and sexual offences,Investigation complete; no suspect identified,
c5b0ee1af6895d0d5860855f06e24b1de568f7f1513ca3cf68058760d9fbdef8,2021-05,Durham Constabulary,Durham Constabulary,-1.328993,54.762905,On or near Lakeland Drive,E01020758,County Durham 032D,Violence and sexual offences,Unable to prosecute suspect,
1f7e5810436fd130af5634fb48187e5f4234df42ad81fdf74fa5ff7258424521,2021-05,Durham Constabulary,Durham Constabulary,-1.331690,54.763307,On or near Edenhill Road,E01020758,County Durham 032D,Other crime,Investigation complete; no suspect identified,
ade328b484e4f1bc02c78efc9599f9d00da40b822d30811327f1a7fe67a227f5,2021-05,Durham Constabulary,Durham Constabulary,-1.331690,54.763307,On or near Edenhill Road,E01020758,County Durham 032D,Other crime,Further investigation is not in the public interest,
41f94b53bc7b2dd079d0756e34532b1b1fad011f91a73a3136210f86ff5e254d,2021-05,Durham Constabulary,Durham Constabulary,-1.329684,54.762451,On or near Thirlmere Road,E01020758,County Durham 032D,Other crime,Unable to prosecute suspect,
,2021-05,Durham Constabulary,Durham Constabulary,-1.335226,54.767586,On or near Fynes Close,E01020759,County Durham 032E,Anti-social behaviour,,
,2021-05,Durham Constabulary,Durham Constabulary,-1.335226,54.767586,On or near Fynes Close,E01020759,County Durham 032E,Anti-social behaviour,,
,2021-05,Durham Constabulary,Durham Constabulary,-1.342064,54.768576,On or near Bruce Place,E01020759,County Durham 032E,Anti-social behaviour,,
,2021-05,Durham Constabulary,Durham Constabulary,-1.342064,54.768576,On or near Bruce Place,E01020759,County Durham 032E,Anti-social behaviour,,
,2021-05,Durham Constabulary,Durham Constabulary,-1.335226,54.767586,On or near Fynes Close,E01020759,County Durham 032E,Anti-social behaviour,,
,2021-05,Durham Constabulary,Durham Constabulary,-1.335226,54.767586,On or near Fynes Close,E01020759,County Durham 032E,Anti-social behaviour,,
c1bcb1a4a0da427122debdf17c082417ca96f7a69a59c4cb54fe8583f6c23232,2021-05,Durham Constabulary,Durham Constabulary,-1.342064,54.768576,On or near Bruce Place,E01020759,County Durham 032E,Burglary,Investigation complete; no suspect identified,
4a2530d09923ef7f4cddb002e443ebef7eef26bf9495581d617be2158e2b1183,2021-05,Durham Constabulary,Durham Constabulary,-1.334982,54.768232,On or near Burt Close,E01020759,County Durham 032E,Criminal damage and arson,Unable to prosecute suspect,
7ea61285c993a8aabdc45cbe523b74a16a51e4de859e46fcfd00a1d9abadaa9d,2021-05,Durham Constabulary,Durham Constabulary,-1.336270,54.764581,On or near Hallam Road,E01020759,County Durham 032E,Criminal damage and arson,Unable to prosecute suspect,
17c55736bbc636fce23d68949be4f2a19c95a13127afe1d30f46cb8063676377,2021-05,Durham Constabulary,Durham Constabulary,-1.340912,54.767734,On or near Grange Close,E01020759,County Durham 032E,Criminal damage and arson,Investigation complete; no suspect identified,
7c7e9c08aca2819ae857b0e232d0fcab0bca977bd7298c88af5fab494c772817,2021-05,Durham Constabulary,Durham Constabulary,-1.338553,54.769419,On or near Ramsey Close,E01020759,County Durham 032E,Criminal damage and arson,Investigation complete; no suspect identified,
dfdd1caa36e44fb1f5a56f158477f94053e3bcb9162c657caac99d717e05bfd6,2021-05,Durham Constabulary,Durham Constabulary,-1.340566,54.768936,On or near Jude Place,E01020759,County Durham 032E,Criminal damage and arson,Local resolution,
d26f1822b35e4f73d6b6ddb6cdb225528bb994fa2652d4b795b4c99bbf23076f,2021-05,Durham Constabulary,Durham Constabulary,-1.342064,54.768576,On or near Bruce Place,E01020759,County Durham 032E,Criminal damage and arson,Investigation complete; no suspect identified,
d81f880a06e8382941577ca8483e359822a59fece15596a6c85d51823b393694,2021-05,Durham Constabulary,Durham Constabulary,-1.331868,54.771378,On or near Faraday Road,E01020759,County Durham 032E,Criminal damage and arson,Investigation complete; no suspect identified,
3fc335ee6099a601587c3c755a1257959167efa45f020e1f109099d76a0d921f,2021-05,Durham Constabulary,Durham Constabulary,-1.334982,54.768232,On or near Burt Close,E01020759,County Durham 032E,Other theft,Investigation complete; no suspect identified,
148d931506c7544b993efd187086139efd7a3142e7265c7bffb57ed451438ff2,2021-05,Durham Constabulary,Durham Constabulary,-1.334982,54.768232,On or near Burt Close,E01020759,County Durham 032E,Other theft,Investigation complete; no suspect identified,
bc8764514b6103b79b0de9fc1b3f885199c53371b3341f5fa52c65447829d4d2,2021-05,Durham Constabulary,Durham Constabulary,-1.334982,54.768232,On or near Burt Close,E01020759,County Durham 032E,Public order,Unable to prosecute suspect,
b191f9fa2e257f676615151fb8d09723d8bd27afd19c6bd1fd01d4c7cee7f3bd,2021-05,Durham Constabulary,Durham Constabulary,-1.336270,54.764581,On or near Hallam Road,E01020759,County Durham 032E,Vehicle crime,Investigation complete; no suspect identified,
506d8c9e11570cc8c4583ed115e03412d6059e642b7d1b2eea2e134f90b5e8c6,2021-05,Durham Constabulary,Durham Constabulary,-1.341080,54.767914,On or near Crawford Avenue West,E01020759,County Durham 032E,Violence and sexual offences,Unable to prosecute suspect,
103e66929ae6a50b32781cac4b01a0d49911bdadd3e3baf6de6fcde42b30738f,2021-05,Durham Constabulary,Durham Constabulary,-1.339411,54.768292,On or near Johnson Close,E01020759,County Durham 032E,Violence and sexual offences,Unable to prosecute suspect,
2e1e2a14a64dd4fe99f3e990396f1457e8d076a4923cc03e0852f849903257f1,2021-05,Durham Constabulary,Durham Constabulary,-1.334982,54.768232,On or near Burt Close,E01020759,County Durham 032E,Violence and sexual offences,Further action is not in the public interest,
2a22b15cdf3a459d4445a4ee11a660f11a2823f60943ceea96351087d669855c,2021-05,Durham Constabulary,Durham Constabulary,-1.336270,54.764581,On or near Hallam Road,E01020759,County Durham 032E,Violence and sexual offences,Unable to prosecute suspect,
42f420dda238e9b45299debec98788d650ef04a353eaa1f85d4e7d4aaf3ce19e,2021-05,Durham Constabulary,Durham Constabulary,-1.334925,54.766991,On or near Bailey Rise,E01020759,County Durham 032E,Violence and sexual offences,Unable to prosecute suspect,
5e2ec93dc11e05ec22565aeea8ae6d36d36a40c131e4b3bb80c2d1a4761671fb,2021-05,Durham Constabulary,Durham Constabulary,-1.334982,54.768232,On or near Burt Close,E01020759,County Durham 032E,Violence and sexual offences,Unable to prosecute suspect,
dd00610b3888a88f4b67e0162d5c67bc242932a4c7c80c7eeb64f4042a1470fd,2021-05,Durham Constabulary,Durham Constabulary,-1.340566,54.768936,On or near Jude Place,E01020759,County Durham 032E,Violence and sexual offences,Unable to prosecute suspect,
62172f1a088ced2571f3e6c61d4f1ccf9fef456059ce1802b0393270d8d2b078,2021-05,Durham Constabulary,Durham Constabulary,-1.340566,54.768936,On or near Jude Place,E01020759,County Durham 032E,Violence and sexual offences,Unable to prosecute suspect,
c2cbb54510d5d3a8f9e9784b0a4a3dc46336c6cac95589329f2d3b416405e928,2021-05,Durham Constabulary,Durham Constabulary,-1.337870,54.770314,On or near Buddle Close,E01020759,County Durham 032E,Violence and sexual offences,Unable to prosecute suspect,
3e0ebbdab82614c7453ca74876a8baca16249387866f7789bd5f64e1a2a0d82f,2021-05,Durham Constabulary,Durham Constabulary,-1.334982,54.768232,On or near Burt Close,E01020759,County Durham 032E,Violence and sexual offences,Further action is not in the public interest,
317a518ca36ac91d9865423526ab0b5cc9ea84e601f8620431c6c916dfdd6e97,2021-05,Durham Constabulary,Durham Constabulary,-1.337870,54.770314,On or near Buddle Close,E01020759,County Durham 032E,Violence and sexual offences,Investigation complete; no suspect identified,
dfe5b1eba8f3d1842eb20774a9a81e40798ab97327fddb8f4c33854f7d30241a,2021-05,Durham Constabulary,Durham Constabulary,-1.339411,54.768292,On or near Johnson Close,E01020759,County Durham 032E,Other crime,Unable to prosecute suspect,
1c373f770c7e4f021b748d5ae16ca52e80b8fa8cc2c6f03d5ba0cdaecc7126ee,2021-05,Durham Constabulary,Durham Constabulary,-1.338553,54.769419,On or near Ramsey Close,E01020759,County Durham 032E,Other crime,Further investigation is not in the public interest,
,2021-05,Durham Constabulary,Durham Constabulary,-1.325512,54.771271,On or near Sports/Recreation Area,E01020765,County Durham 032F,Anti-social behaviour,,
,2021-05,Durham Constabulary,Durham Constabulary,-1.324003,54.773248,On or near Thorpe Road,E01020765,County Durham 032F,Anti-social behaviour,,
,2021-05,Durham Constabulary,Durham Constabulary,-1.324003,54.773248,On or near Thorpe Road,E01020765,County Durham 032F,Anti-social behaviour,,
,2021-05,Durham Constabulary,Durham Constabulary,-1.324003,54.773248,On or near Thorpe Road,E01020765,County Durham 032F,Anti-social behaviour,,
,2021-05,Durham Constabulary,Durham Constabulary,-1.323711,54.770254,On or near Sports/Recreation Area,E01020765,County Durham 032F,Anti-social behaviour,,
,2021-05,Durham Constabulary,Durham Constabulary,-1.318483,54.780694,On or near Maritime Crescent,E01020765,County Durham 032F,Anti-social behaviour,,
84a14671380512e5d4bebc029837a311cfe9f71e996db71f36b594a2e2c15391,2021-05,Durham Constabulary,Durham Constabulary,-1.325512,54.771271,On or near Sports/Recreation Area,E01020765,County Durham 032F,Bicycle theft,Investigation complete; no suspect identified,
01a71d73c7c7011098a39fa27358ac58538c74411499b63dacf312198b153e8c,2021-05,Durham Constabulary,Durham Constabulary,-1.333042,54.773748,On or near Thorpe Road,E01020765,County Durham 032F,Criminal damage and arson,Unable to prosecute suspect,
ee6696ee1172447b5e02aeea7c0b000bd2f42f22d07be96ec49432c0643bd5c8,2021-05,Durham Constabulary,Durham Constabulary,-1.324003,54.773248,On or near Thorpe Road,E01020765,County Durham 032F,Criminal damage and arson,Investigation complete; no suspect identified,
ac8fdd6c38f561c5e189b29e4b49a631c2a9002b60b530572ded753a2461330c,2021-05,Durham Constabulary,Durham Constabulary,-1.318483,54.780694,On or near Maritime Crescent,E01020765,County Durham 032F,Public order,Investigation complete; no suspect identified,
0468a17e6f09d198c8d668d7f42de65e0554eff0e4188e673af7b5167d13c909,2021-05,Durham Constabulary,Durham Constabulary,-1.326794,54.769903,On or near Naisbitt Avenue,E01020765,County Durham 032F,Violence and sexual offences,Unable to prosecute suspect,
de8c1b04652ebbd36611540dcfe31d15fd641246626ca5f5920be1377269624d,2021-05,Durham Constabulary,Durham Constabulary,-1.326794,54.769903,On or near Naisbitt Avenue,E01020765,County Durham 032F,Violence and sexual offences,Unable to prosecute suspect,
fab76e4745dba00e1f37a70cc33ed6e712737081cb1fe807b259fd8cb7bfa2c2,2021-05,Durham Constabulary,Durham Constabulary,-1.318483,54.780694,On or near Maritime Crescent,E01020765,County Durham 032F,Violence and sexual offences,Unable to prosecute suspect,
8af8bda603aa4fc9797580cdf297565a83504ce0a46bf81f6d57a3c797af101c,2021-05,Durham Constabulary,Durham Constabulary,-1.333042,54.773748,On or near Thorpe Road,E01020765,County Durham 032F,Violence and sexual offences,Unable to prosecute suspect,
2a20a06ae40c67f553b4e2c11db822579b0416b1395777fdf44c291927676fa6,2021-05,Durham Constabulary,Durham Constabulary,-1.323711,54.770254,On or near Sports/Recreation Area,E01020765,County Durham 032F,Violence and sexual offences,Court result unavailable,
825c1250661ee746fe180d5028b27878c754d568ed89745cfdadfe06a40b7844,2021-05,Durham Constabulary,Durham Constabulary,-1.323711,54.770254,On or near Sports/Recreation Area,E01020765,County Durham 032F,Violence and sexual offences,Unable to prosecute suspect,
f07a7067fa544e878df0b860221eb4b6ca22a05985cb07406c8eb583f5791b59,2021-05,Durham Constabulary,Durham Constabulary,-1.323711,54.770254,On or near Sports/Recreation Area,E01020765,County Durham 032F,Violence and sexual offences,Court result unavailable,
f7bdded89f97148fa917dafd6b9501d3241edc32b2946fa1bf6b0f151d297c3a,2021-05,Durham Constabulary,Durham Constabulary,-1.323711,54.770254,On or near Sports/Recreation Area,E01020765,County Durham 032F,Other crime,Unable to prosecute suspect,
,2021-05,Durham Constabulary,Durham Constabulary,-1.617503,54.752143,On or near John Street South,E01020684,County Durham 033A,Anti-social behaviour,,
,2021-05,Durham Constabulary,Durham Constabulary,-1.623945,54.749377,On or near Petrol Station,E01020684,County Durham 033A,Anti-social behaviour,,
,2021-05,Durham Constabulary,Durham Constabulary,-1.620211,54.748377,On or near Sports/Recreation Area,E01020684,County Durham 033A,Anti-social behaviour,,
,2021-05,Durham Constabulary,Durham Constabulary,-1.620211,54.748377,On or near Sports/Recreation Area,E01020684,County Durham 033A,Anti-social behaviour,,
,2021-05,Durham Constabulary,Durham Constabulary,-1.607855,54.756938,On or near Littleburn Lane,E01020684,County Durham 033A,Anti-social behaviour,,
,2021-05,Durham Constabulary,Durham Constabulary,-1.620211,54.748377,On or near Sports/Recreation Area,E01020684,County Durham 033A,Anti-social behaviour,,
d8424be2b5a156e6ec50e2cad18e45b9d8058bb53c803e985d4813ba77254340,2021-05,Durham Constabulary,Durham Constabulary,-1.609685,54.755640,On or near Mill Road,E01020684,County Durham 033A,Criminal damage and arson,Unable to prosecute suspect,
670068d00633cfab6cc248efcc4aa1ed75d3b6f68cd9fd7530f8015358ddb341,2021-05,Durham Constabulary,Durham Constabulary,-1.612248,54.760627,On or near Angus Street,E01020684,County Durham 033A,Drugs,Further investigation is not in the public interest,
92b5c61a3a80c0b0a35d13e94bc816eb0caf1e09920799a26e95de1bf0656314,2021-05,Durham Constabulary,Durham Constabulary,-1.623945,54.749377,On or near Petrol Station,E01020684,County Durham 033A,Other theft,Status update unavailable,
3dd672b76ecf4d25263f626bce1db02a31fcfb88f1ef4cf7efacca278b2e02fc,2021-05,Durham Constabulary,Durham Constabulary,-1.614431,54.750012,On or near Edwardson Road,E01020684,County Durham 033A,Other theft,Investigation complete; no suspect identified,
5d151014289be182e4ae15940fafa22e7cdee958f64eb4c9ed3b916819386947,2021-05,Durham Constabulary,Durham Constabulary,-1.610299,54.746737,On or near Whitfield Court,E01020684,County Durham 033A,Vehicle crime,Investigation complete; no suspect identified,
e57e84dff479e3c86766a61711a85936204776a0dacf917e4bd96fe440111a69,2021-05,Durham Constabulary,Durham Constabulary,-1.616281,54.753235,On or near A690,E01020684,County Durham 033A,Vehicle crime,Investigation complete; no suspect identified,
da7fc5a5e899fddd78c5ee363bcbf5e3864e1aa5bcc341542010e82cb431990d,2021-05,Durham Constabulary,Durham Constabulary,-1.620211,54.748377,On or near Sports/Recreation Area,E01020684,County Durham 033A,Violence and sexual offences,Status update unavailable,
53624983080b61928225a62d56362a6e64fd482512410c315e0434ff2e782c69,2021-05,Durham Constabulary,Durham Constabulary,-1.620211,54.748377,On or near Sports/Recreation Area,E01020684,County Durham 033A,Violence and sexual offences,Offender given a caution,
5762c43e33d276a88eb81143d3ceba8318ed95c025b13d7ef602c87398021b8e,2021-05,Durham Constabulary,Durham Constabulary,-1.608919,54.759358,On or near Supermarket,E01020684,County Durham 033A,Violence and sexual offences,Status update unavailable,
4e4e3e1a3c28e3c73774c789904a80bda31acd09986de7484d8a78ec3d17df9a,2021-05,Durham Constabulary,Durham Constabulary,-1.607855,54.756938,On or near Littleburn Lane,E01020684,County Durham 033A,Violence and sexual offences,Unable to prosecute suspect,
7093ce50afa4ab02d379ece308fc7883fea677c908712f0c09fff3a93611bd87,2021-05,Durham Constabulary,Durham Constabulary,-1.607855,54.756938,On or near Littleburn Lane,E01020684,County Durham 033A,Violence and sexual offences,Further investigation is not in the public interest,
8b2698aac5bc02752997a6b8d0bd7fe05758f5690420d37a73aa4812f95dd476,2021-05,Durham Constabulary,Durham Constabulary,-1.599876,54.767147,On or near Neville'S Cross Bank,E01020684,County Durham 033A,Violence and sexual offences,Unable to prosecute suspect,
4614ad2b192ba40339ef5362c6dcb829e1c20c4626732553849f1bf45367ae05,2021-05,Durham Constabulary,Durham Constabulary,-1.616303,54.757504,On or near Lyne'S Drive,E01020684,County Durham 033A,Violence and sexual offences,Unable to prosecute suspect,
b6494efc5f8c1ecb989af9a8c77fd54499d847814c8ff4c3aa7cd544ed2a8297,2021-05,Durham Constabulary,Durham Constabulary,-1.611178,54.757191,On or near High Street,E01020684,County Durham 033A,Violence and sexual offences,Unable to prosecute suspect,
04583d4a4a0196e5c3434ecb7f973a9afae9310edad99c4bea9eb46d544e6ead,2021-05,Durham Constabulary,Durham Constabulary,-1.609454,54.760367,On or near North Brancepeth Close,E01020684,County Durham 033A,Violence and sexual offences,Unable to prosecute suspect,
657e424a47e7c6887f458cf286b0bd483138254a1452dbc24a099abde822512e,2021-05,Durham Constabulary,Durham Constabulary,-1.607855,54.756938,On or near Littleburn Lane,E01020684,County Durham 033A,Violence and sexual offences,Unable to prosecute suspect,
65c618a0301ad055279f849fdc69cf769739ab70c179fcb5ca45164f82f5bc3e,2021-05,Durham Constabulary,Durham Constabulary,-1.620211,54.748377,On or near Sports/Recreation Area,E01020684,County Durham 033A,Violence and sexual offences,Status update unavailable,
1a511cec0dc1da05a1d665f055432c66b0b7c68f6f11d380fd13a1486308161a,2021-05,Durham Constabulary,Durham Constabulary,-1.621929,54.749020,On or near Sports/Recreation Area,E01020684,County Durham 033A,Violence and sexual offences,Unable to prosecute suspect,
8bbfe6bd4d812204bd60937868f3a3cf0309f2da19e778e3c841512dc16d0db0,2021-05,Durham Constabulary,Durham Constabulary,-1.617503,54.752143,On or near John Street South,E01020684,County Durham 033A,Violence and sexual offences,Unable to prosecute suspect,
6d92b2fbe6022d9e18a98423c1a7e04dcceb91a2af1232a840ea92c7e002309f,2021-05,Durham Constabulary,Durham Constabulary,-1.608222,54.759212,On or near High Street,E01020684,County Durham 033A,Violence and sexual offences,Unable to prosecute suspect,
a941a568da80f4d1a5ed07522cc68a4f146aa6a09cea7dae48fb5ab1990c4274,2021-05,Durham Constabulary,Durham Constabulary,-1.607855,54.756938,On or near Littleburn Lane,E01020684,County Durham 033A,Violence and sexual offences,Court result unavailable,
,2021-05,Durham Constabulary,Durham Constabulary,-1.577368,54.779338,On or near Framwelgate Waterside,E01020702,County Durham 033B,Anti-social behaviour,,
,2021-05,Durham Constabulary,Durham Constabulary,-1.577661,54.781109,On or near Sidegate,E01020702,County Durham 033B,Anti-social behaviour,,
,2021-05,Durham Constabulary,Durham Constabulary,-1.589830,54.786210,On or near Old Dryburn Way,E01020702,County Durham 033B,Anti-social behaviour,,
,2021-05,Durham Constabulary,Durham Constabulary,-1.586623,54.780430,On or near Albert Street,E01020702,County Durham 033B,Anti-social behaviour,,
,2021-05,Durham Constabulary,Durham Constabulary,-1.584078,54.778471,On or near Sutton Street,E01020702,County Durham 033B,Anti-social behaviour,,
,2021-05,Durham Constabulary,Durham Constabulary,-1.580168,54.779230,On or near Highgate,E01020702,County Durham 033B,Anti-social behaviour,,
,2021-05,Durham Constabulary,Durham Constabulary,-1.577368,54.779338,On or near Framwelgate Waterside,E01020702,County Durham 033B,Anti-social behaviour,,
,2021-05,Durham Constabulary,Durham Constabulary,-1.581300,54.779450,On or near Pedestrian Subway,E01020702,County Durham 033B,Anti-social behaviour,,
,2021-05,Durham Constabulary,Durham Constabulary,-1.582440,54.789618,On or near Police Station,E01020702,County Durham 033B,Anti-social behaviour,,
,2021-05,Durham Constabulary,Durham Constabulary,-1.588331,54.783689,On or near The Crescent,E01020702,County Durham 033B,Anti-social behaviour,,
,2021-05,Durham Constabulary,Durham Constabulary,-1.579222,54.777475,On or near Millburngate,E01020702,County Durham 033B,Anti-social behaviour,,
,2021-05,Durham Constabulary,Durham Constabulary,-1.581300,54.779450,On or near Pedestrian Subway,E01020702,County Durham 033B,Anti-social behaviour,,
,2021-05,Durham Constabulary,Durham Constabulary,-1.587062,54.780126,On or near Back Western Hill,E01020702,County Durham 033B,Anti-social behaviour,,
,2021-05,Durham Constabulary,Durham Constabulary,-1.586623,54.780430,On or near Albert Street,E01020702,County Durham 033B,Anti-social behaviour,,
,2021-05,Durham Constabulary,Durham Constabulary,-1.581178,54.777760,On or near Tenter Terrace,E01020702,County Durham 033B,Anti-social behaviour,,
32a9b80c69d7414b3196838fa44c15bb548558c8bbcd53b5bde0de4f6561b1a9,2021-05,Durham Constabulary,Durham Constabulary,-1.592928,54.788890,On or near Hospital,E01020702,County Durham 033B,Bicycle theft,Investigation complete; no suspect identified,
6e836e86cf7fd5cdf9603d4297ba1c4bc4d1e3fbdb19fb2e7e071585d416edc4,2021-05,Durham Constabulary,Durham Constabulary,-1.584078,54.778471,On or near Sutton Street,E01020702,County Durham 033B,Criminal damage and arson,Investigation complete; no suspect identified,
7f4abac182289dd98b078f7a3fae38b01ca0d35aabd1726f52d54c78dce321ca,2021-05,Durham Constabulary,Durham Constabulary,-1.584078,54.778471,On or near Sutton Street,E01020702,County Durham 033B,Criminal damage and arson,Investigation complete; no suspect identified,
7cb33fddf2fdcf23ae9645e6d1e21e44308761c10a0a7812b07a53afac938db2,2021-05,Durham Constabulary,Durham Constabulary,-1.583464,54.782279,On or near Framwelgate Peth,E01020702,County Durham 033B,Criminal damage and arson,Investigation complete; no suspect identified,
1532efc636f7046c79e5a45e952b677ce562bab2ca03e53210ef5d4ba90ea133,2021-05,Durham Constabulary,Durham Constabulary,-1.587478,54.791172,On or near Aykley Vale,E01020702,County Durham 033B,Criminal damage and arson,Local resolution,
4cfb967f6b1c4b9b09f0f134625ee45f596c660c02ea89abd8997e3b142b7f66,2021-05,Durham Constabulary,Durham Constabulary,-1.584078,54.778471,On or near Sutton Street,E01020702,County Durham 033B,Criminal damage and arson,Investigation complete; no suspect identified,
e5eaad086b8563a3333974a84c6784e47dfd1c3e03e9f66fc49e4b43f59fa602,2021-05,Durham Constabulary,Durham Constabulary,-1.584078,54.778471,On or near Sutton Street,E01020702,County Durham 033B,Criminal damage and arson,Investigation complete; no suspect identified,
26f91a6e6dfdfa3fb07e593b0c23937945b5a76fc71e20b4b2cceb7c829bafa8,2021-05,Durham Constabulary,Durham Constabulary,-1.588743,54.786063,On or near Boste Crescent,E01020702,County Durham 033B,Criminal damage and arson,Investigation complete; no suspect identified,
67d647203050479a14de26aaf20c5b5e28235c67646d6374cdb848d038f46311,2021-05,Durham Constabulary,Durham Constabulary,-1.580535,54.787311,On or near Sports/Recreation Area,E01020702,County Durham 033B,Criminal damage and arson,Investigation complete; no suspect identified,
9d2bd0b2e9ebf65f7b73944d0ae11cd77506cacf0cccbe9839549d272b53cd08,2021-05,Durham Constabulary,Durham Constabulary,-1.592928,54.788890,On or near Hospital,E01020702,County Durham 033B,Drugs,Formal action is not in the public interest,
f58169e55660c9fc076afa42026ae2177068adae45e9d1b26431e65b21c5bc71,2021-05,Durham Constabulary,Durham Constabulary,-1.592928,54.788890,On or near Hospital,E01020702,County Durham 033B,Other theft,Unable to prosecute suspect,
7b4fc6bf1f64d4ecffb0493fad60675240baa6f3281f7222189fee2a796d114d,2021-05,Durham Constabulary,Durham Constabulary,-1.581521,54.777627,On or near Station Bank,E01020702,County Durham 033B,Public order,Investigation complete; no suspect identified,
02417e8f80bc5b89d7b4efaff6a9e3b6c175262e461941a30cf73e403b107988,2021-05,Durham Constabulary,Durham Constabulary,-1.592928,54.788890,On or near Hospital,E01020702,County Durham 033B,Public order,Unable to prosecute suspect,
50243103be7afb5d2afcc05c02ea8f391f548627c46acd98256bc037964159d9,2021-05,Durham Constabulary,Durham Constabulary,-1.592928,54.788890,On or near Hospital,E01020702,County Durham 033B,Public order,Unable to prosecute suspect,
df1f26efe7b06565a593226ad62a1f00bf953667611099ae66a3c2d4e09ae7c5,2021-05,Durham Constabulary,Durham Constabulary,-1.592928,54.788890,On or near Hospital,E01020702,County Durham 033B,Public order,Court result unavailable,
8675f44a6722f89e9ed207712f4a937a21f2ad0ad328715122e1d10b3a046950,2021-05,Durham Constabulary,Durham Constabulary,-1.592928,54.788890,On or near Hospital,E01020702,County Durham 033B,Public order,Unable to prosecute suspect,
4b0ba579f848d169b30a7dfaa7b652bc194f892629d397d127fa36678fb9b2b6,2021-05,Durham Constabulary,Durham Constabulary,-1.582076,54.779606,On or near Pedestrian Subway,E01020702,County Durham 033B,Public order,Status update unavailable,
9f14fa26dc48945c5707b9ce4a3f85671d51b9ebe440300cd792ed0dad77dfd3,2021-05,Durham Constabulary,Durham Constabulary,-1.592928,54.788890,On or near Hospital,E01020702,County Durham 033B,Public order,Unable to prosecute suspect,
987c9fc6fcbb2902e30c376f599356b97b2246947c561a37c4ed499a0cd356de,2021-05,Durham Constabulary,Durham Constabulary,-1.577368,54.779338,On or near Framwelgate Waterside,E01020702,County Durham 033B,Public order,Unable to prosecute suspect,
df8f0e2834df470ffe2db5fd9d1286985872a25fe6de19f90ba6d55428ff7e8d,2021-05,Durham Constabulary,Durham Constabulary,-1.592928,54.788890,On or near Hospital,E01020702,County Durham 033B,Public order,Further investigation is not in the public interest,
90255c003af4eb154ee6d093e8ff47758312ee9a89a1a63edc82317e8c9308fe,2021-05,Durham Constabulary,Durham Constabulary,-1.581817,54.777646,On or near Parking Area,E01020702,County Durham 033B,Public order,Court result unavailable,
488d64c82262269c692622f217ea2242685363dd1499b46f79c9f55642943cde,2021-05,Durham Constabulary,Durham Constabulary,-1.577368,54.779338,On or near Framwelgate Waterside,E01020702,County Durham 033B,Robbery,Investigation complete; no suspect identified,
90e19b28cdad06d8acad816693cf497d5220b4bc516b5cad737724eb038dfe61,2021-05,Durham Constabulary,Durham Constabulary,-1.597218,54.784456,On or near Whitesmocks Avenue,E01020702,County Durham 033B,Violence and sexual offences,Unable to prosecute suspect,
a4291ac1361dc2bedeab67d8c1de6ca257750eb931a36da600c411efa8708a9a,2021-05,Durham Constabulary,Durham Constabulary,-1.592928,54.788890,On or near Hospital,E01020702,County Durham 033B,Violence and sexual offences,Unable to prosecute suspect,
09a6f437920e115b674424c20ba6b5e0ebcca90248b1fd914f047dfdfa184c26,2021-05,Durham Constabulary,Durham Constabulary,-1.592928,54.788890,On or near Hospital,E01020702,County Durham 033B,Violence and sexual offences,Unable to prosecute suspect,
1386a864d58550ce7cbb29137e5061143b89cdd3ce06ca7d722f408369a17556,2021-05,Durham Constabulary,Durham Constabulary,-1.592928,54.788890,On or near Hospital,E01020702,County Durham 033B,Violence and sexual offences,Unable to prosecute suspect,
8046f3dd08099f7ded7d3946d9045d1128b187240356e34087e4b9da44ed6235,2021-05,Durham Constabulary,Durham Constabulary,-1.580535,54.787311,On or near Sports/Recreation Area,E01020702,County Durham 033B,Violence and sexual offences,Offender given a caution,
458ba6d1332387a68e163f074f9cea3bfb4ce84bf163fec0ddec47bcb9c0734d,2021-05,Durham Constabulary,Durham Constabulary,-1.581300,54.779450,On or near Pedestrian Subway,E01020702,County Durham 033B,Violence and sexual offences,Offender given a caution,
319aa35f6c3d45bff76d8a1fdc5cf260bce04e13067864338d0bfa43bde45a85,2021-05,Durham Constabulary,Durham Constabulary,-1.588743,54.786063,On or near Boste Crescent,E01020702,County Durham 033B,Violence and sexual offences,Unable to prosecute suspect,
852bc67fff2cd462c4fe1059f279c37d956a29c6e8be2e25bd310686ebb7355a,2021-05,Durham Constabulary,Durham Constabulary,-1.592928,54.788890,On or near Hospital,E01020702,County Durham 033B,Violence and sexual offences,Local resolution,
,2021-05,Durham Constabulary,Durham Constabulary,-1.588538,54.774083,On or near May Street,E01020704,County Durham 033C,Anti-social behaviour,,
,2021-05,Durham Constabulary,Durham Constabulary,-1.586279,54.776070,On or near Holly Street,E01020704,County Durham 033C,Anti-social behaviour,,
d7511eef5b83a3d9fbb2f4f87abc88bc32fb7a7216a77644a74bdf6375e1d380,2021-05,Durham Constabulary,Durham Constabulary,-1.594322,54.772395,On or near George Street,E01020704,County Durham 033C,Other theft,Investigation complete; no suspect identified,
aeec1b5001edcb54858334bdab6304e7cef8136b77e855717050e514a526d0b1,2021-05,Durham Constabulary,Durham Constabulary,-1.588538,54.774083,On or near May Street,E01020704,County Durham 033C,Public order,Unable to prosecute suspect,
ea15d5b1e56cde7a4faa3a45bb8941c936e3eb20aa978f8cfd2a62eb0fb1da82,2021-05,Durham Constabulary,Durham Constabulary,-1.588029,54.773695,On or near The Avenue,E01020704,County Durham 033C,Vehicle crime,Investigation complete; no suspect identified,
0c89cccd3de1988e790d49c81533e5bc2c0895a3a068154cc73aac87d3679a18,2021-05,Durham Constabulary,Durham Constabulary,-1.581871,54.772353,On or near Grove Street,E01020704,County Durham 033C,Violence and sexual offences,Status update unavailable,
008b6dcb14175cca3b9be06a13ab416d59117b2fdd3a6d459c357869fae43fba,2021-05,Durham Constabulary,Durham Constabulary,-1.586659,54.775353,On or near Hawthorn Terrace,E01020704,County Durham 033C,Violence and sexual offences,Unable to prosecute suspect,
4ed95e393ea8838b65812e58d2151b34a59b7b469e6858a9b4266ab4b766deee,2021-05,Durham Constabulary,Durham Constabulary,-1.597358,54.781329,On or near Crossgate Moor Gardens,E01020712,County Durham 033D,Violence and sexual offences,Unable to prosecute suspect,
,2021-05,Durham Constabulary,Durham Constabulary,-1.590035,54.768984,On or near Faraday Court,E01020713,County Durham 033E,Anti-social behaviour,,
,2021-05,Durham Constabulary,Durham Constabulary,-1.590016,54.753913,On or near Roundhaven,E01020713,County Durham 033E,Anti-social behaviour,,
,2021-05,Durham Constabulary,Durham Constabulary,-1.590035,54.768984,On or near Faraday Court,E01020713,County Durham 033E,Anti-social behaviour,,
09cb2cefb09b06f7174c140e9343d2b0df6d81b4df97d79616fb296390d4dc1e,2021-05,Durham Constabulary,Durham Constabulary,-1.588590,54.741345,On or near Parking Area,E01020713,County Durham 033E,Drugs,Formal action is not in the public interest,
8508830750c5261099ad187dd4c99b81396ab2bcf42bac7e5ec0f0ab0ee4ac1b,2021-05,Durham Constabulary,Durham Constabulary,-1.588590,54.741345,On or near Parking Area,E01020713,County Durham 033E,Public order,Unable to prosecute suspect,
f164f6d6d205993352f1dbb10ecbf3395fe7fd52d22defe195bbe5a7e0fec3de,2021-05,Durham Constabulary,Durham Constabulary,-1.594652,54.762708,On or near Sports/Recreation Area,E01020713,County Durham 033E,Violence and sexual offences,Further action is not in the public interest,
c92295cd1303b36335753c18e80c20028dd8d43358f5512b2922f1e497c2d0b1,2021-05,Durham Constabulary,Durham Constabulary,-1.594652,54.762708,On or near Sports/Recreation Area,E01020713,County Durham 033E,Violence and sexual offences,Further action is not in the public interest,
2cbb9bebe4b4ecf7a7d3eeb5de419e0d04a061f18d4c2871fddcfda87066d322,2021-05,Durham Constabulary,Durham Constabulary,-1.589636,54.756176,On or near St Oswald'S Drive,E01020713,County Durham 033E,Violence and sexual offences,Unable to prosecute suspect,
,2021-05,Durham Constabulary,Durham Constabulary,-1.393170,54.764421,On or near Station Road,E01020760,County Durham 034A,Anti-social behaviour,,
,2021-05,Durham Constabulary,Durham Constabulary,-1.400875,54.764675,On or near Sports/Recreation Area,E01020760,County Durham 034A,Anti-social behaviour,,
137901b9c484562656e8578339b13e107e2c28b56f34803c63345a32925e193c,2021-05,Durham Constabulary,Durham Constabulary,-1.400875,54.764675,On or near Sports/Recreation Area,E01020760,County Durham 034A,Burglary,Investigation complete; no suspect identified,
1cb32f6208b1d0f040ecadf7ce837beffe1c43a40f97e5e53e48782b0e8c0839,2021-05,Durham Constabulary,Durham Constabulary,-1.384512,54.762490,On or near Tudor Court,E01020760,County Durham 034A,Criminal damage and arson,Unable to prosecute suspect,
e8dc8cf36649248ac57d18a9f1caa3ecef44ca89379b248a2380187419a7ba4a,2021-05,Durham Constabulary,Durham Constabulary,-1.400875,54.764675,On or near Sports/Recreation Area,E01020760,County Durham 034A,Violence and sexual offences,Unable to prosecute suspect,
,2021-05,Durham Constabulary,Durham Constabulary,-1.381721,54.761029,On or near Eden View,E01020761,County Durham 034B,Anti-social behaviour,,
,2021-05,Durham Constabulary,Durham Constabulary,-1.389261,54.759818,On or near West Street,E01020761,County Durham 034B,Anti-social behaviour,,
,2021-05,Durham Constabulary,Durham Constabulary,-1.386898,54.759869,On or near Friar Street,E01020761,County Durham 034B,Anti-social behaviour,,
,2021-05,Durham Constabulary,Durham Constabulary,-1.383198,54.762043,On or near Windsor Place,E01020761,County Durham 034B,Anti-social behaviour,,
,2021-05,Durham Constabulary,Durham Constabulary,-1.380232,54.760850,On or near Brackenridge,E01020761,County Durham 034B,Anti-social behaviour,,
,2021-05,Durham Constabulary,Durham Constabulary,-1.387246,54.764615,On or near Parking Area,E01020761,County Durham 034B,Anti-social behaviour,,
,2021-05,Durham Constabulary,Durham Constabulary,-1.380232,54.760850,On or near Brackenridge,E01020761,County Durham 034B,Anti-social behaviour,,
,2021-05,Durham Constabulary,Durham Constabulary,-1.386898,54.759869,On or near Friar Street,E01020761,County Durham 034B,Anti-social behaviour,,
,2021-05,Durham Constabulary,Durham Constabulary,-1.369272,54.754135,On or near Birchwood Drive,E01020761,County Durham 034B,Anti-social behaviour,,
,2021-05,Durham Constabulary,Durham Constabulary,-1.387246,54.764615,On or near Parking Area,E01020761,County Durham 034B,Anti-social behaviour,,
,2021-05,Durham Constabulary,Durham Constabulary,-1.383198,54.762043,On or near Windsor Place,E01020761,County Durham 034B,Anti-social behaviour,,
,2021-05,Durham Constabulary,Durham Constabulary,-1.358505,54.769832,On or near Lowhills Road,E01020761,County Durham 034B,Anti-social behaviour,,
,2021-05,Durham Constabulary,Durham Constabulary,-1.381721,54.761029,On or near Eden View,E01020761,County Durham 034B,Anti-social behaviour,,
,2021-05,Durham Constabulary,Durham Constabulary,-1.387246,54.764615,On or near Parking Area,E01020761,County Durham 034B,Anti-social behaviour,,
,2021-05,Durham Constabulary,Durham Constabulary,-1.386898,54.759869,On or near Friar Street,E01020761,County Durham 034B,Anti-social behaviour,,
,2021-05,Durham Constabulary,Durham Constabulary,-1.387246,54.764615,On or near Parking Area,E01020761,County Durham 034B,Anti-social behaviour,,
,2021-05,Durham Constabulary,Durham Constabulary,-1.388247,54.760091,On or near Hamilton Court,E01020761,County Durham 034B,Anti-social behaviour,,
,2021-05,Durham Constabulary,Durham Constabulary,-1.380232,54.760850,On or near Brackenridge,E01020761,County Durham 034B,Anti-social behaviour,,
,2021-05,Durham Constabulary,Durham Constabulary,-1.385544,54.760006,On or near Victoria Street,E01020761,County Durham 034B,Anti-social behaviour,,
,2021-05,Durham Constabulary,Durham Constabulary,-1.380232,54.760850,On or near Brackenridge,E01020761,County Durham 034B,Anti-social behaviour,,
,2021-05,Durham Constabulary,Durham Constabulary,-1.387246,54.764615,On or near Parking Area,E01020761,County Durham 034B,Anti-social behaviour,,
bbac1565379c8284f0fe01bce2ee8e34dc53fea79ef963b3d8a1761c3790658e,2021-05,Durham Constabulary,Durham Constabulary,-1.368234,54.756906,On or near Bracken Hill,E01020761,County Durham 034B,Burglary,Unable to prosecute suspect,
9c250519af8bfa8feab0fa212b9e0232898b38331423ebf6fe5d7b9940e225c7,2021-05,Durham Constabulary,Durham Constabulary,-1.386583,54.762177,On or near Dunelm Place,E01020761,County Durham 034B,Criminal damage and arson,Unable to prosecute suspect,
0fc74bdd8126da93210284fccf7c4c7aead190bffa5fcaefca931512cfc3b053,2021-05,Durham Constabulary,Durham Constabulary,-1.389261,54.759818,On or near West Street,E01020761,County Durham 034B,Criminal damage and arson,Unable to prosecute suspect,
1149c7929211ffa7314aeca592cbb569b96df824310a245e127588f10220882a,2021-05,Durham Constabulary,Durham Constabulary,-1.386898,54.759869,On or near Friar Street,E01020761,County Durham 034B,Criminal damage and arson,Investigation complete; no suspect identified,
938fc07022aac75a64856a2fe376cc4c5b6a74f8b6fcba7312894f914838aa9f,2021-05,Durham Constabulary,Durham Constabulary,-1.383792,54.760770,On or near King Street,E01020761,County Durham 034B,Criminal damage and arson,Investigation complete; no suspect identified,
2d5aff1bc34f0e94dbd4081b0d65aa7c67a91687e58ebb2ff7a70307884cd3a5,2021-05,Durham Constabulary,Durham Constabulary,-1.386109,54.761662,On or near Alcote Grove,E01020761,County Durham 034B,Criminal damage and arson,Investigation complete; no suspect identified,
6d6c6d9e8111320be91a49fb19fe53e60d8b6f31eea05aad1bf2aa071c812df4,2021-05,Durham Constabulary,Durham Constabulary,-1.382765,54.759857,On or near Milton Grove,E01020761,County Durham 034B,Drugs,Investigation complete; no suspect identified,
ddb0842018d6f05a6c35d23a19cbada17cce7526a9673da393b3985aedbb9677,2021-05,Durham Constabulary,Durham Constabulary,-1.358505,54.769832,On or near Lowhills Road,E01020761,County Durham 034B,Other theft,Investigation complete; no suspect identified,
4338473377a0bfafd25d4e1dce9e5349c690b0f1c9a986e6b0a9999ea7cc074b,2021-05,Durham Constabulary,Durham Constabulary,-1.386583,54.762177,On or near Dunelm Place,E01020761,County Durham 034B,Vehicle crime,Unable to prosecute suspect,
28ba85e752ecf480645c5797293a552ccfa215f37156402eb7077adc65352434,2021-05,Durham Constabulary,Durham Constabulary,-1.362428,54.768433,On or near Bus/Coach Station,E01020761,County Durham 034B,Vehicle crime,Investigation complete; no suspect identified,
da8282f93d8b2a5de3f20c0434bbadfe85346b4e55fd43eda12d84d8de88551b,2021-05,Durham Constabulary,Durham Constabulary,-1.380232,54.760850,On or near Brackenridge,E01020761,County Durham 034B,Violence and sexual offences,Unable to prosecute suspect,
cdbc7f0407cae256b689845964a7f377f9a34c812af6d38770e9680f86042233,2021-05,Durham Constabulary,Durham Constabulary,-1.385544,54.760006,On or near Victoria Street,E01020761,County Durham 034B,Violence and sexual offences,Unable to prosecute suspect,
b9af7ce782c9a156c987b4095959e7cf44f8162db0d573a694b58daaa3e2fc73,2021-05,Durham Constabulary,Durham Constabulary,-1.386898,54.759869,On or near Friar Street,E01020761,County Durham 034B,Violence and sexual offences,Investigation complete; no suspect identified,
37ab85f286034dc1bed0cc88fe7fe3c13e55a0b6c36a4893d9a19e175df5918a,2021-05,Durham Constabulary,Durham Constabulary,-1.382765,54.759857,On or near Milton Grove,E01020761,County Durham 034B,Violence and sexual offences,Investigation complete; no suspect identified,
51e12e86612c4bf191127299cbe6dd8408463034ffd9461e8e389086f6cfa3d1,2021-05,Durham Constabulary,Durham Constabulary,-1.385544,54.760006,On or near Victoria Street,E01020761,County Durham 034B,Violence and sexual offences,Court result unavailable,
dff569d13d2500dd2144be1a70bf7554f7b07347ff3c31bdea3f7c6e9d514c44,2021-05,Durham Constabulary,Durham Constabulary,-1.386109,54.761662,On or near Alcote Grove,E01020761,County Durham 034B,Other crime,Unable to prosecute suspect,
3c6c08ad3a8390c6b46c49a6173d5c6c273ace0bbccd22ba7e6ef053dd3bcbda,2021-05,Durham Constabulary,Durham Constabulary,-1.385544,54.760006,On or near Victoria Street,E01020761,County Durham 034B,Other crime,Court result unavailable,
59142e17a97bf1ec7fb7ad2009362da5573be4f5aea78dcd22a5cb6374524292,2021-05,Durham Constabulary,Durham Constabulary,-1.385544,54.760006,On or near Victoria Street,E01020761,County Durham 034B,Other crime,Unable to prosecute suspect,
,2021-05,Durham Constabulary,Durham Constabulary,-1.391648,54.756082,On or near Salter'S Lane,E01020762,County Durham 034C,Anti-social behaviour,,
,2021-05,Durham Constabulary,Durham Constabulary,-1.387475,54.757697,On or near Bridge Road,E01020762,County Durham 034C,Anti-social behaviour,,
,2021-05,Durham Constabulary,Durham Constabulary,-1.391648,54.756082,On or near Salter'S Lane,E01020762,County Durham 034C,Anti-social behaviour,,
,2021-05,Durham Constabulary,Durham Constabulary,-1.386464,54.761862,On or near Cowley Street,E01020762,County Durham 034C,Anti-social behaviour,,
df56a3453a8c000f9c61925911c38ea12b9ad647904a20a327a59d4bc983c1e3,2021-05,Durham Constabulary,Durham Constabulary,-1.386464,54.761862,On or near Cowley Street,E01020762,County Durham 034C,Burglary,Unable to prosecute suspect,
2eaaa841dd8769b01490a823ab3e55389108b3ed1a709ca8fd6a91057f4aa382,2021-05,Durham Constabulary,Durham Constabulary,-1.388581,54.761648,On or near Arden Street,E01020762,County Durham 034C,Criminal damage and arson,Unable to prosecute suspect,
7a28dd9dd68e8d3d22c36ec854f8e5f104de6fef7cc13e5a1ea0264d26450b81,2021-05,Durham Constabulary,Durham Constabulary,-1.390822,54.754182,On or near Dixon Estate,E01020762,County Durham 034C,Criminal damage and arson,Investigation complete; no suspect identified,
321e22fac3c7b4d6309b5adadcbd5276fc3ce0f95987488f259bf69765648d2a,2021-05,Durham Constabulary,Durham Constabulary,-1.390822,54.754182,On or near Dixon Estate,E01020762,County Durham 034C,Criminal damage and arson,Unable to prosecute suspect,
d67795237fbd326ce4ab4772b41ca27c0ec24769f20960ccf6955e540742dc4a,2021-05,Durham Constabulary,Durham Constabulary,-1.390822,54.754182,On or near Dixon Estate,E01020762,County Durham 034C,Criminal damage and arson,Investigation complete; no suspect identified,
33217c534a830bd5f934a6717835a332a40174765522f530ab5aa664191ad245,2021-05,Durham Constabulary,Durham Constabulary,-1.390822,54.754182,On or near Dixon Estate,E01020762,County Durham 034C,Criminal damage and arson,Investigation complete; no suspect identified,
e4abe63b49f17cd898246a1514d1086d4bc93d73fb1908e0e911cee6edd8933f,2021-05,Durham Constabulary,Durham Constabulary,-1.390822,54.754182,On or near Dixon Estate,E01020762,County Durham 034C,Criminal damage and arson,Investigation complete; no suspect identified,
27e6741121cddb323c32f235efcc45947a94e988170eafd370425bfcf302d681,2021-05,Durham Constabulary,Durham Constabulary,-1.391648,54.756082,On or near Salter'S Lane,E01020762,County Durham 034C,Criminal damage and arson,Unable to prosecute suspect,
c3bfcef58ec00182a579fc333b8af207f7d27fed41cec006ef54e064c1148c2a,2021-05,Durham Constabulary,Durham Constabulary,-1.391648,54.756082,On or near Salter'S Lane,E01020762,County Durham 034C,Criminal damage and arson,Investigation complete; no suspect identified,
b2a53b4dfd0488dcdbfb68d4ff3cb1f7b4c69d1ea24a39c7bc117a556905b6fd,2021-05,Durham Constabulary,Durham Constabulary,-1.390822,54.754182,On or near Dixon Estate,E01020762,County Durham 034C,Possession of weapons,Further action is not in the public interest,
2e2dec0509ab7847fac378eeaad082e6084b8a64c5e23d2d5ed2d38bca6ce462,2021-05,Durham Constabulary,Durham Constabulary,-1.387475,54.757697,On or near Bridge Road,E01020762,County Durham 034C,Public order,Unable to prosecute suspect,
861afe233ff9d49564cfe745fe56be3d788bfa0f2226656106b44d0faad32f7e,2021-05,Durham Constabulary,Durham Constabulary,-1.386464,54.761862,On or near Cowley Street,E01020762,County Durham 034C,Public order,Unable to prosecute suspect,
072e0797753cfa4e72a091ac352599b585b39fb4a61570c1d104373c003dc3a7,2021-05,Durham Constabulary,Durham Constabulary,-1.387475,54.757697,On or near Bridge Road,E01020762,County Durham 034C,Robbery,Investigation complete; no suspect identified,
d0fee2cc533cf686ca347e900c113ac9ca2ff76db885a6c7a997f57822fe2029,2021-05,Durham Constabulary,Durham Constabulary,-1.387978,54.761402,On or near Supermarket,E01020762,County Durham 034C,Shoplifting,Investigation complete; no suspect identified,
a265d563e6911dd16ce4ecadef0ee1a7d9ebb7029439305132a7994680c23b3a,2021-05,Durham Constabulary,Durham Constabulary,-1.387978,54.761402,On or near Supermarket,E01020762,County Durham 034C,Shoplifting,Investigation complete; no suspect identified,
2879340825965bee2be2dba1a7c2b90d3b879ee24edbf037effa09be0213df74,2021-05,Durham Constabulary,Durham Constabulary,-1.387475,54.757697,On or near Bridge Road,E01020762,County Durham 034C,Violence and sexual offences,Further investigation is not in the public interest,
d3930c70d9ce3e64c343f3c3d26b6155df92bb95132c49c654655d5dddb96725,2021-05,Durham Constabulary,Durham Constabulary,-1.387475,54.757697,On or near Bridge Road,E01020762,County Durham 034C,Violence and sexual offences,Unable to prosecute suspect,
11476125d1c1b94f2dc31d16ed9af155c54a8217eddd89c2a98aef767aa964fb,2021-05,Durham Constabulary,Durham Constabulary,-1.390822,54.754182,On or near Dixon Estate,E01020762,County Durham 034C,Violence and sexual offences,Court result unavailable,
90efc955d4e5f309853dad4339fd2ef08095d1c0b40d44202259544ca35acff9,2021-05,Durham Constabulary,Durham Constabulary,-1.390822,54.754182,On or near Dixon Estate,E01020762,County Durham 034C,Violence and sexual offences,Court result unavailable,
e8791b546b19dd311cc1f5cc5787e197c722b8f2e4e65b79f3b52942400a2228,2021-05,Durham Constabulary,Durham Constabulary,-1.390822,54.754182,On or near Dixon Estate,E01020762,County Durham 034C,Violence and sexual offences,Unable to prosecute suspect,
f02de68602a2df5c0067bfd30cfe95c075eccfc7c9fdca3102518f1762233bd5,2021-05,Durham Constabulary,Durham Constabulary,-1.390822,54.754182,On or near Dixon Estate,E01020762,County Durham 034C,Violence and sexual offences,Unable to prosecute suspect,
6bfa7faa069cda06d1ab7014b4813bb963ec399f218a917511035c5df90d5e8a,2021-05,Durham Constabulary,Durham Constabulary,-1.387475,54.757697,On or near Bridge Road,E01020762,County Durham 034C,Violence and sexual offences,Unable to prosecute suspect,
,2021-05,Durham Constabulary,Durham Constabulary,-1.410754,54.784341,On or near Blossomfield Way,E01020763,County Durham 034D,Anti-social behaviour,,
,2021-05,Durham Constabulary,Durham Constabulary,-1.420103,54.779668,On or near Sports/Recreation Area,E01020763,County Durham 034D,Anti-social behaviour,,
,2021-05,Durham Constabulary,Durham Constabulary,-1.418819,54.771681,On or near Durham Lane,E01020763,County Durham 034D,Anti-social behaviour,,
,2021-05,Durham Constabulary,Durham Constabulary,-1.420369,54.781727,On or near Church Street,E01020763,County Durham 034D,Anti-social behaviour,,
ff77acc51ff92e5b37cb0332ae6edb267a551c897bd763193c7801b9c8f09fdb,2021-05,Durham Constabulary,Durham Constabulary,-1.418906,54.784021,On or near Dent Close,E01020763,County Durham 034D,Burglary,Investigation complete; no suspect identified,
8a433e975779518ce5b405ae9baa70cf7b3c683fa6cf0fb69a92c06d87db1299,2021-05,Durham Constabulary,Durham Constabulary,-1.423850,54.774222,On or near Gloucester Terrace,E01020763,County Durham 034D,Burglary,Investigation complete; no suspect identified,
74f73b223bf05705b30af76316c1ec8390307b13b9832833637aab151848d402,2021-05,Durham Constabulary,Durham Constabulary,-1.423850,54.774222,On or near Gloucester Terrace,E01020763,County Durham 034D,Criminal damage and arson,Investigation complete; no suspect identified,
b487bb44064d2adc410ac6284b55975d6b5b060e66d5a3214fd3d0a62eb81ddb,2021-05,Durham Constabulary,Durham Constabulary,-1.414518,54.783164,On or near Grousemoor,E01020763,County Durham 034D,Criminal damage and arson,Investigation complete; no suspect identified,
1d3f791a32301d7b633afb852c3e4852cda50ec6775807c5e7723bf7c9f5c536,2021-05,Durham Constabulary,Durham Constabulary,-1.423850,54.774222,On or near Gloucester Terrace,E01020763,County Durham 034D,Criminal damage and arson,Further investigation is not in the public interest,
e55d7e2574c6d559158e4de61a348f7594215d23b9d92c85b37a3674c4d3eb04,2021-05,Durham Constabulary,Durham Constabulary,-1.423850,54.774222,On or near Gloucester Terrace,E01020763,County Durham 034D,Criminal damage and arson,Action to be taken by another organisation,
01a6bc8dec33244c4df29de2fd143ec1c9bf795f3bb4f8fe8c8e069b1b3510dc,2021-05,Durham Constabulary,Durham Constabulary,-1.412317,54.781598,On or near Hall Lane,E01020763,County Durham 034D,Drugs,Status update unavailable,
ce389ed7d5292e7e566df8a91883c71be25d95def071eda82607e2f79c892eae,2021-05,Durham Constabulary,Durham Constabulary,-1.423850,54.774222,On or near Gloucester Terrace,E01020763,County Durham 034D,Violence and sexual offences,Unable to prosecute suspect,
e09efb03b17cc72e7f0e2baeda1479b9d2bb80f51b990c4a133233a61bca65f2,2021-05,Durham Constabulary,Durham Constabulary,-1.420369,54.781727,On or near Church Street,E01020763,County Durham 034D,Violence and sexual offences,Unable to prosecute suspect,
05565102620fb6115da826ac25849f23e9e908bb697a5a8d8f0376b5596bca18,2021-05,Durham Constabulary,Durham Constabulary,-1.410151,54.784050,On or near Chestnut Drive,E01020763,County Durham 034D,Violence and sexual offences,Court result unavailable,
4327f32d6538fd4cd41e58eb4419e19b6e4d5db6c4d2912dce454fdce8a8828e,2021-05,Durham Constabulary,Durham Constabulary,-1.346383,54.765804,On or near Franklyn Road,E01020733,County Durham 035A,Burglary,Investigation complete; no suspect identified,
4c45f8d43f6879bfb4f58da52bd32f87d9274aee33f8bc0dde0871ff3d32a427,2021-05,Durham Constabulary,Durham Constabulary,-1.341952,54.764935,On or near Basingstoke Road,E01020733,County Durham 035A,Criminal damage and arson,Investigation complete; no suspect identified,
889c9952de8550a9e95da0ae5ad938a308c1eb6765b6bd65f53200d75948f3c1,2021-05,Durham Constabulary,Durham Constabulary,-1.345603,54.764093,On or near Beverley Way,E01020733,County Durham 035A,Criminal damage and arson,Investigation complete; no suspect identified,
b47a15ba41d457db060bed09cd012589cc1498c458443c1f0a1a48273596db9e,2021-05,Durham Constabulary,Durham Constabulary,-1.341952,54.764935,On or near Basingstoke Road,E01020733,County Durham 035A,Criminal damage and arson,Investigation complete; no suspect identified,
9e2727fc8b3d75c4cbc993308d46a92542fc8121af048c2a442fe9f240f0eea5,2021-05,Durham Constabulary,Durham Constabulary,-1.342705,54.764517,On or near Newark Close,E01020733,County Durham 035A,Criminal damage and arson,Unable to prosecute suspect,
296c6a4e64c41a09ccd05e40d7776df6100fe0953a29e01500bb62edcd5c0f65,2021-05,Durham Constabulary,Durham Constabulary,-1.347932,54.767098,On or near Acre Rigg Road,E01020733,County Durham 035A,Other theft,Unable to prosecute suspect,
39ec17918faa144edc894de6559714d6fbce4ba728d9d6d49df66012e534cf4d,2021-05,Durham Constabulary,Durham Constabulary,-1.342705,54.764517,On or near Newark Close,E01020733,County Durham 035A,Other theft,Unable to prosecute suspect,
328c8082fc8351bdf67648f0987c11047b56a658daafcc09d742eaf0630eb4ca,2021-05,Durham Constabulary,Durham Constabulary,-1.342705,54.764517,On or near Newark Close,E01020733,County Durham 035A,Public order,Unable to prosecute suspect,
21d61ca6827cbc32d7d28ae0c36a048e6d44d4639ec89ec8a4a28eb81771adc9,2021-05,Durham Constabulary,Durham Constabulary,-1.347932,54.767098,On or near Acre Rigg Road,E01020733,County Durham 035A,Public order,Unable to prosecute suspect,
f0514b8ec57f0821e6704dbfabefe558ad2e4c5a2c918b8620c9d2b08d239728,2021-05,Durham Constabulary,Durham Constabulary,-1.341952,54.764935,On or near Basingstoke Road,E01020733,County Durham 035A,Public order,Court result unavailable,
e84c9e1b4fb85b918ae67d5df2ed3394d584c3b751ed0791989d59143b816943,2021-05,Durham Constabulary,Durham Constabulary,-1.342705,54.764517,On or near Newark Close,E01020733,County Durham 035A,Public order,Offender given a caution,
a309c98bfb3cb990b21cc15d5b6e29bf5f30f2f5338e9d3eb1274bcd84367eb8,2021-05,Durham Constabulary,Durham Constabulary,-1.347932,54.767098,On or near Acre Rigg Road,E01020733,County Durham 035A,Violence and sexual offences,Unable to prosecute suspect,
4499616fe9eba19e62ed1f6db1b097b576b5c55b7c395d3e77a2d6d80a8a4eb6,2021-05,Durham Constabulary,Durham Constabulary,-1.351986,54.766284,On or near Warwick Place,E01020733,County Durham 035A,Violence and sexual offences,Court result unavailable,
fdd0e4616b58ddc138f94aa46830e866ab47ef5df576f3f8cb79ede132dc3a6b,2021-05,Durham Constabulary,Durham Constabulary,-1.347333,54.765666,On or near Layburn Place,E01020733,County Durham 035A,Violence and sexual offences,Unable to prosecute suspect,
3c580a8353f59a2ae0bad0cc0d58059c7133f334c83f0c3cefff5f1a7825e821,2021-05,Durham Constabulary,Durham Constabulary,-1.347932,54.767098,On or near Acre Rigg Road,E01020733,County Durham 035A,Violence and sexual offences,Unable to prosecute suspect,
,2021-05,Durham Constabulary,Durham Constabulary,-1.354785,54.766236,On or near Chester Place,E01020734,County Durham 035B,Anti-social behaviour,,
,2021-05,Durham Constabulary,Durham Constabulary,-1.352706,54.764984,On or near Gloucester Place,E01020734,County Durham 035B,Anti-social behaviour,,
,2021-05,Durham Constabulary,Durham Constabulary,-1.355076,54.764539,On or near Stafford Place,E01020734,County Durham 035B,Anti-social behaviour,,
7e47c3b75bd11222f74a23a751dc65798e8cdf643718edb22edd5ac9153a18dc,2021-05,Durham Constabulary,Durham Constabulary,-1.352706,54.764984,On or near Gloucester Place,E01020734,County Durham 035B,Criminal damage and arson,Court result unavailable,
a78dcdd1990f2df8f22f463675f9014099e77b9dabe2baf5524dca33b4420c69,2021-05,Durham Constabulary,Durham Constabulary,-1.354785,54.766236,On or near Chester Place,E01020734,County Durham 035B,Criminal damage and arson,Investigation complete; no suspect identified,
7d7c871557191a8329edc0eefdd2bb6131e46cf4eae4b53ff688aba74d6f9d55,2021-05,Durham Constabulary,Durham Constabulary,-1.351912,54.770911,On or near Parking Area,E01020734,County Durham 035B,Public order,Investigation complete; no suspect identified,
bec5f9022a43f262ba2933e0812357ed81923c6215cf436533080550ff97c5ba,2021-05,Durham Constabulary,Durham Constabulary,-1.346289,54.770683,On or near Sports/Recreation Area,E01020734,County Durham 035B,Shoplifting,Investigation complete; no suspect identified,
6eb42bb4931dc4f0422c6f144c01d89f36c5454c4203a1e65a1e18a8d8df515a,2021-05,Durham Constabulary,Durham Constabulary,-1.346289,54.770683,On or near Sports/Recreation Area,E01020734,County Durham 035B,Shoplifting,Investigation complete; no suspect identified,
ebed1ab050646da355ea6b798f1763b61301e23c37301de7f7e526e315c9a6ca,2021-05,Durham Constabulary,Durham Constabulary,-1.346289,54.770683,On or near Sports/Recreation Area,E01020734,County Durham 035B,Violence and sexual offences,Investigation complete; no suspect identified,
bb2d537bbb935ce209a63a2194755c7d66032bd6958b94c7ee52f916e7d4784f,2021-05,Durham Constabulary,Durham Constabulary,-1.346289,54.770683,On or near Sports/Recreation Area,E01020734,County Durham 035B,Violence and sexual offences,Investigation complete; no suspect identified,
25cc2960b0648544960b44eee941f30bb800781ed69c9310142a4ce4aa696b43,2021-05,Durham Constabulary,Durham Constabulary,-1.352706,54.764984,On or near Gloucester Place,E01020734,County Durham 035B,Violence and sexual offences,Unable to prosecute suspect,
26c61d0c169c9734e360988bcee6e2b573faf4f375031da7e571de72286f101e,2021-05,Durham Constabulary,Durham Constabulary,-1.354785,54.766236,On or near Chester Place,E01020734,County Durham 035B,Violence and sexual offences,Unable to prosecute suspect,
5cf34f56ba6709766d0099095dc977971369b4e6666d8aa3fbd16cb8bcdea5b1,2021-05,Durham Constabulary,Durham Constabulary,-1.355076,54.764539,On or near Stafford Place,E01020734,County Durham 035B,Other crime,Unable to prosecute suspect,
,2021-05,Durham Constabulary,Durham Constabulary,-1.346602,54.769571,On or near Huntingdon Road,E01020735,County Durham 035C,Anti-social behaviour,,
,2021-05,Durham Constabulary,Durham Constabulary,-1.350803,54.770303,On or near Northumberland Place,E01020735,County Durham 035C,Anti-social behaviour,,
,2021-05,Durham Constabulary,Durham Constabulary,-1.344695,54.769264,On or near Northampton Road,E01020735,County Durham 035C,Anti-social behaviour,,
,2021-05,Durham Constabulary,Durham Constabulary,-1.349809,54.770244,On or near Nottingham Place,E01020735,County Durham 035C,Anti-social behaviour,,
,2021-05,Durham Constabulary,Durham Constabulary,-1.344072,54.768389,On or near Essex Place,E01020735,County Durham 035C,Anti-social behaviour,,
,2021-05,Durham Constabulary,Durham Constabulary,-1.350803,54.770303,On or near Northumberland Place,E01020735,County Durham 035C,Anti-social behaviour,,
,2021-05,Durham Constabulary,Durham Constabulary,-1.349809,54.770244,On or near Nottingham Place,E01020735,County Durham 035C,Anti-social behaviour,,
,2021-05,Durham Constabulary,Durham Constabulary,-1.349809,54.770244,On or near Nottingham Place,E01020735,County Durham 035C,Anti-social behaviour,,
2b3192fda124a1255993aadf4affb3de36f4c4300bd92a6e62d7b64116df001a,2021-05,Durham Constabulary,Durham Constabulary,-1.352355,54.769449,On or near Garside Grove,E01020735,County Durham 035C,Criminal damage and arson,Investigation complete; no suspect identified,
779b513be4927dc99e706c6d3815519e163272111b4891643120f53ffeb42bbf,2021-05,Durham Constabulary,Durham Constabulary,-1.346300,54.768095,On or near Berkshire Road,E01020735,County Durham 035C,Other theft,Unable to prosecute suspect,
53a6791e41cc06197730da2a24a5fca00730ebbbd358a9bc02336840a3050383,2021-05,Durham Constabulary,Durham Constabulary,-1.347780,54.768831,On or near York Road,E01020735,County Durham 035C,Public order,Unable to prosecute suspect,
6d589441a69a7a7acb58a8c3f15919fcf07d259deedd55c2671f59dbdca54214,2021-05,Durham Constabulary,Durham Constabulary,-1.344072,54.768389,On or near Essex Place,E01020735,County Durham 035C,Public order,Investigation complete; no suspect identified,
b53c99f675fd9c3e295137fc458356ecf779e51c87a7546984a36e0fb650b371,2021-05,Durham Constabulary,Durham Constabulary,-1.349008,54.768829,On or near Barsloan Grove,E01020735,County Durham 035C,Public order,Court result unavailable,
72b5a189aaa3297b929de63c557799cd1dab9f2f40570b873d9d084882c6e7ee,2021-05,Durham Constabulary,Durham Constabulary,-1.352355,54.769449,On or near Garside Grove,E01020735,County Durham 035C,Vehicle crime,Investigation complete; no suspect identified,
41058bc2e35b5c8097c0ef9aa8bda62722460c7462c65e963340efda89695e20,2021-05,Durham Constabulary,Durham Constabulary,-1.349809,54.770244,On or near Nottingham Place,E01020735,County Durham 035C,Violence and sexual offences,Unable to prosecute suspect,
df4f65de0e323487ccb298ff026fe1c7119f1bb2ea4c0dc7d6e198968d0261d9,2021-05,Durham Constabulary,Durham Constabulary,-1.352355,54.769449,On or near Garside Grove,E01020735,County Durham 035C,Violence and sexual offences,Unable to prosecute suspect,
d0775a81c682e321c9ccff9f8181c311d193ea80b2d08a4969f15ef963d28d03,2021-05,Durham Constabulary,Durham Constabulary,-1.349809,54.770244,On or near Nottingham Place,E01020735,County Durham 035C,Violence and sexual offences,Unable to prosecute suspect,
6627e52bdc120b81dd93c6ca72a50f540c990ebf5dc398fc47b71f3721f42855,2021-05,Durham Constabulary,Durham Constabulary,-1.351584,54.769085,On or near Liddle Close,E01020735,County Durham 035C,Violence and sexual offences,Unable to prosecute suspect,
42de044e1aa79a7d966e829722d55f82b9bd72ba1cb6febbf7276a7dfb6db56c,2021-05,Durham Constabulary,Durham Constabulary,-1.352355,54.769449,On or near Garside Grove,E01020735,County Durham 035C,Violence and sexual offences,Unable to prosecute suspect,
6092c2dcc95a2689133ebbd270d112973a37bd29bf13e441ece439efd4bf400c,2021-05,Durham Constabulary,Durham Constabulary,-1.352355,54.769449,On or near Garside Grove,E01020735,County Durham 035C,Violence and sexual offences,Action to be taken by another organisation,
9ef3bd05f7596fa4de17e230a8a35335b81642b0ad78fbe82c655e7bd029b9b3,2021-05,Durham Constabulary,Durham Constabulary,-1.352355,54.769449,On or near Garside Grove,E01020735,County Durham 035C,Violence and sexual offences,Unable to prosecute suspect,
9a9959d81408c0b1e52898c41870d06662d0364f6ed442a170794d3496f2b1dd,2021-05,Durham Constabulary,Durham Constabulary,-1.352355,54.769449,On or near Garside Grove,E01020735,County Durham 035C,Violence and sexual offences,Investigation complete; no suspect identified,
e628445ab42da0c3c33ab97b2bd8c7481ca8af5d1469bee98e17f070001c7f14,2021-05,Durham Constabulary,Durham Constabulary,-1.347780,54.768831,On or near York Road,E01020735,County Durham 035C,Violence and sexual offences,Unable to prosecute suspect,
,2021-05,Durham Constabulary,Durham Constabulary,-1.350872,54.757228,On or near Balliol Close,E01020770,County Durham 035D,Anti-social behaviour,,
,2021-05,Durham Constabulary,Durham Constabulary,-1.350872,54.757228,On or near Balliol Close,E01020770,County Durham 035D,Anti-social behaviour,,
,2021-05,Durham Constabulary,Durham Constabulary,-1.352419,54.757659,On or near Sports/Recreation Area,E01020770,County Durham 035D,Anti-social behaviour,,
,2021-05,Durham Constabulary,Durham Constabulary,-1.349811,54.752630,On or near Passfield Way,E01020770,County Durham 035D,Anti-social behaviour,,
,2021-05,Durham Constabulary,Durham Constabulary,-1.350387,54.756497,On or near Grampian Drive,E01020770,County Durham 035D,Anti-social behaviour,,
1315212ee0f063819bca4560fc9fb475672148108a336f78ee5bcdc5a11c2f98,2021-05,Durham Constabulary,Durham Constabulary,-1.347886,54.756430,On or near Hulme Court,E01020770,County Durham 035D,Burglary,Investigation complete; no suspect identified,
ad15a6c316ed4fc368af29e4993fcb3063dbf5698bb627e06566ca8b4c9e590a,2021-05,Durham Constabulary,Durham Constabulary,-1.344347,54.757166,On or near Westway,E01020770,County Durham 035D,Burglary,Investigation complete; no suspect identified,
fc1a2d993a1f85b8bd81331d35d739b09e0bc44f93abda98d193e68256a345a6,2021-05,Durham Constabulary,Durham Constabulary,-1.344347,54.757166,On or near Westway,E01020770,County Durham 035D,Burglary,Investigation complete; no suspect identified,
b7637941597f4ff324664fbe810e8e6d906e238d327c732c0bb99ecc339c926e,2021-05,Durham Constabulary,Durham Constabulary,-1.344347,54.757166,On or near Westway,E01020770,County Durham 035D,Burglary,Investigation complete; no suspect identified,
3de2c4879761e455872269f108fe2dd4ffc2a15cc2a6c89efc935c13ab26a30b,2021-05,Durham Constabulary,Durham Constabulary,-1.344347,54.757166,On or near Westway,E01020770,County Durham 035D,Burglary,Investigation complete; no suspect identified,
b5ae9bae632cb643702c82422c4f298a24ca9c6db27c1e17ba431946c3709949,2021-05,Durham Constabulary,Durham Constabulary,-1.347886,54.756430,On or near Hulme Court,E01020770,County Durham 035D,Criminal damage and arson,Unable to prosecute suspect,
3c165e76f2f85b35c49aeed381a2fc4aa5083b2bb0a13a529cce099ac8eaf64f,2021-05,Durham Constabulary,Durham Constabulary,-1.351225,54.752656,On or near Van Mildert Close,E01020770,County Durham 035D,Criminal damage and arson,Investigation complete; no suspect identified,
aa5b215967a8e50c7239aa06d387a640187aa428695295a4c5c707a519f2fe68,2021-05,Durham Constabulary,Durham Constabulary,-1.347886,54.756430,On or near Hulme Court,E01020770,County Durham 035D,Public order,Unable to prosecute suspect,
cfabbe611a91ee7ffb73116c8a79ca58d276085ec558724629ef2c3ce80b186f,2021-05,Durham Constabulary,Durham Constabulary,-1.351225,54.752656,On or near Van Mildert Close,E01020770,County Durham 035D,Vehicle crime,Investigation complete; no suspect identified,
5b834d4712f68926c4c125aecb07a6de121ce55f9564b6833fee6dc1e6f2ec17,2021-05,Durham Constabulary,Durham Constabulary,-1.353045,54.755424,On or near Shrewsbury Close,E01020770,County Durham 035D,Vehicle crime,Investigation complete; no suspect identified,
adb34ab711f1fd0e31bf290519cb954011009ecf6d8b4af5fad099bc0f37d328,2021-05,Durham Constabulary,Durham Constabulary,-1.347886,54.756430,On or near Hulme Court,E01020770,County Durham 035D,Violence and sexual offences,Unable to prosecute suspect,
3de7d551072368cbf965834895557895b8fbbca542301d4e0efe37509a35536b,2021-05,Durham Constabulary,Durham Constabulary,-1.347886,54.756430,On or near Hulme Court,E01020770,County Durham 035D,Violence and sexual offences,Unable to prosecute suspect,
0ab09498fdeb94ee9dca885a7639b9799a12ab96e1556342e26c9b7e5dd10705,2021-05,Durham Constabulary,Durham Constabulary,-1.347886,54.756430,On or near Hulme Court,E01020770,County Durham 035D,Violence and sexual offences,Unable to prosecute suspect,
c4260cac9aa7766bcdcbc3d162f4b5925c8a1be93a175bf374f73a405da5d7ca,2021-05,Durham Constabulary,Durham Constabulary,-1.350813,54.755080,On or near Cherwell Road,E01020770,County Durham 035D,Violence and sexual offences,Unable to prosecute suspect,
,2021-05,Durham Constabulary,Durham Constabulary,-1.355373,54.758537,On or near Mendip Close,E01020771,County Durham 035E,Anti-social behaviour,,
,2021-05,Durham Constabulary,Durham Constabulary,-1.353720,54.761844,On or near Cheviot Place,E01020771,County Durham 035E,Anti-social behaviour,,
,2021-05,Durham Constabulary,Durham Constabulary,-1.355258,54.761844,On or near Cotswold Place,E01020771,County Durham 035E,Anti-social behaviour,,
,2021-05,Durham Constabulary,Durham Constabulary,-1.354759,54.760017,On or near Cleveland Place,E01020771,County Durham 035E,Anti-social behaviour,,
,2021-05,Durham Constabulary,Durham Constabulary,-1.355986,54.760041,On or near Furness Close,E01020771,County Durham 035E,Anti-social behaviour,,
,2021-05,Durham Constabulary,Durham Constabulary,-1.355911,54.757956,On or near Pennine Drive,E01020771,County Durham 035E,Anti-social behaviour,,
84e35ff7863a5cb3590888319f2c7303882e04efdc9195f6d11d44e546db6e89,2021-05,Durham Constabulary,Durham Constabulary,-1.355911,54.757956,On or near Pennine Drive,E01020771,County Durham 035E,Criminal damage and arson,Investigation complete; no suspect identified,
c61ab8903709b3f4a7fcced686ac6acd851e48ad161e14d71b5653ccc14d22c0,2021-05,Durham Constabulary,Durham Constabulary,-1.354759,54.760017,On or near Cleveland Place,E01020771,County Durham 035E,Criminal damage and arson,Investigation complete; no suspect identified,
3e973f02514ec84b1874f79756f84b8ba20df1d2e63971b10ff318c0b7f2072f,2021-05,Durham Constabulary,Durham Constabulary,-1.353720,54.761844,On or near Cheviot Place,E01020771,County Durham 035E,Criminal damage and arson,Investigation complete; no suspect identified,
fd301ba6118d2ec98b673bce74f4a88ad5b1995977062238a8a905e49dd79db5,2021-05,Durham Constabulary,Durham Constabulary,-1.355373,54.758537,On or near Mendip Close,E01020771,County Durham 035E,Criminal damage and arson,Investigation complete; no suspect identified,
cdc85aa985d568d64cfc96d3797c74f92f897c5c9fcb51b31d3349d1af620838,2021-05,Durham Constabulary,Durham Constabulary,-1.355911,54.757956,On or near Pennine Drive,E01020771,County Durham 035E,Public order,Investigation complete; no suspect identified,
b2a46a87e39955db3b06115d196ca7146569b30b338593a58fbeff31de898fed,2021-05,Durham Constabulary,Durham Constabulary,-1.356364,54.756790,On or near Blackdown Close,E01020771,County Durham 035E,Public order,Court result unavailable,
b3688bd224a507dd771909fb8cab2049636cfe39556053fb81622a6d6b7a6450,2021-05,Durham Constabulary,Durham Constabulary,-1.355313,54.757404,On or near Malvern Close,E01020771,County Durham 035E,Shoplifting,Investigation complete; no suspect identified,
a72fdb51decce85bc763c8841dfff6413a18d1dfdf4401e85f3caa6043ccb251,2021-05,Durham Constabulary,Durham Constabulary,-1.355313,54.757404,On or near Malvern Close,E01020771,County Durham 035E,Shoplifting,Unable to prosecute suspect,
9bcc4fb8e38de4af19baafa4c3a1daf28eb00143ceda28adcf22b03df4f77690,2021-05,Durham Constabulary,Durham Constabulary,-1.355313,54.757404,On or near Malvern Close,E01020771,County Durham 035E,Shoplifting,Investigation complete; no suspect identified,
2446dc967d54b650cd1baebba9eada6f51fba9fa94c7f2a5a7ab786aa879e59b,2021-05,Durham Constabulary,Durham Constabulary,-1.355313,54.757404,On or near Malvern Close,E01020771,County Durham 035E,Shoplifting,Unable to prosecute suspect,
287d554684724db28d0e754d1e1fdfa8a463a1b7517f74420be9575a09c63ac1,2021-05,Durham Constabulary,Durham Constabulary,-1.354759,54.760017,On or near Cleveland Place,E01020771,County Durham 035E,Violence and sexual offences,Unable to prosecute suspect,
0dd106ff9dfffadc1f8fb9318dae4a667256c8adf30b8025b9688fadade37296,2021-05,Durham Constabulary,Durham Constabulary,-1.353720,54.761844,On or near Cheviot Place,E01020771,County Durham 035E,Violence and sexual offences,Unable to prosecute suspect,
8d2508f39614b094f8f30b192560f1293b4eb51f36dbeb4b0d32e33266a6225a,2021-05,Durham Constabulary,Durham Constabulary,-1.353720,54.761844,On or near Cheviot Place,E01020771,County Durham 035E,Violence and sexual offences,Unable to prosecute suspect,
fad0f3f71e378504c6532d46467ff7a2f5686210afd6b337ff89d939b6ad0e1b,2021-05,Durham Constabulary,Durham Constabulary,-1.355911,54.757956,On or near Pennine Drive,E01020771,County Durham 035E,Violence and sexual offences,Investigation complete; no suspect identified,
50c9841e08cd8ac6ceb5546999fa5f830f4e26abb93b56c95633ad8a1aabcb76,2021-05,Durham Constabulary,Durham Constabulary,-1.356364,54.756790,On or near Blackdown Close,E01020771,County Durham 035E,Violence and sexual offences,Court result unavailable,
0d38f5b792d1749aaa7e6d7c1b674c16b3d16e978019d81e17be8683fb97b520,2021-05,Durham Constabulary,Durham Constabulary,-1.354759,54.760017,On or near Cleveland Place,E01020771,County Durham 035E,Violence and sexual offences,Unable to prosecute suspect,
,2021-05,Durham Constabulary,Durham Constabulary,-1.341142,54.763161,On or near Kemp Road,E01020780,County Durham 035F,Anti-social behaviour,,
,2021-05,Durham Constabulary,Durham Constabulary,-1.343059,54.756099,On or near Avon Road,E01020780,County Durham 035F,Anti-social behaviour,,
,2021-05,Durham Constabulary,Durham Constabulary,-1.338222,54.759218,On or near Pedestrian Subway,E01020780,County Durham 035F,Anti-social behaviour,,
,2021-05,Durham Constabulary,Durham Constabulary,-1.341142,54.763161,On or near Kemp Road,E01020780,County Durham 035F,Anti-social behaviour,,
,2021-05,Durham Constabulary,Durham Constabulary,-1.340681,54.757092,On or near Forth Close,E01020780,County Durham 035F,Anti-social behaviour,,
,2021-05,Durham Constabulary,Durham Constabulary,-1.340157,54.762535,On or near Beck Place,E01020780,County Durham 035F,Anti-social behaviour,,
0d2b7c8af20223f0ee2484352e0ff8a342db74a6edc84382324975ef575436ad,2021-05,Durham Constabulary,Durham Constabulary,-1.341142,54.763161,On or near Kemp Road,E01020780,County Durham 035F,Burglary,Unable to prosecute suspect,
787a655cb026eb633d27c99fc8515886a6cc6189db47c1d45e1280c550cafc6b,2021-05,Durham Constabulary,Durham Constabulary,-1.344957,54.759784,On or near Stainton Way,E01020780,County Durham 035F,Burglary,Investigation complete; no suspect identified,
d2ffafb50d9260970c39108730cb122fb6d284a810e469bd875ffc6db9f8afad,2021-05,Durham Constabulary,Durham Constabulary,-1.338222,54.759218,On or near Pedestrian Subway,E01020780,County Durham 035F,Criminal damage and arson,Court result unavailable,
ae8f316bf18c0fbc1e906303b2250c4b9fce95daca00525d95de9f54cc91b8b7,2021-05,Durham Constabulary,Durham Constabulary,-1.340250,54.757773,On or near Tweed Close,E01020780,County Durham 035F,Criminal damage and arson,Investigation complete; no suspect identified,
cd26190c147c1fcb3fbf56d19f62e1bcde9a81fe44325dbaad8378b248d910ab,2021-05,Durham Constabulary,Durham Constabulary,-1.344957,54.759784,On or near Stainton Way,E01020780,County Durham 035F,Criminal damage and arson,Investigation complete; no suspect identified,
ae407b52ebb8802bcf890074f953120c0ab1358d6e4a4426bfe611f971bc36ef,2021-05,Durham Constabulary,Durham Constabulary,-1.336339,54.760349,On or near Pedestrian Subway,E01020780,County Durham 035F,Criminal damage and arson,Investigation complete; no suspect identified,
f9f6ad8e273732bab798c11ef3b9c972ae9df8a473adc18f0de107fbc5a7d705,2021-05,Durham Constabulary,Durham Constabulary,-1.340157,54.762535,On or near Beck Place,E01020780,County Durham 035F,Other theft,Investigation complete; no suspect identified,
c291fe7afb1225556e80ffef3211bac8d0328a1dc6794a8bc2a8822e61b3c763,2021-05,Durham Constabulary,Durham Constabulary,-1.341142,54.763161,On or near Kemp Road,E01020780,County Durham 035F,Other theft,Unable to prosecute suspect,
e5aba80e4727a68b8ee65957f0ec7078e9ceac3ad76db6197a3597f45ac8c380,2021-05,Durham Constabulary,Durham Constabulary,-1.338222,54.759218,On or near Pedestrian Subway,E01020780,County Durham 035F,Public order,Investigation complete; no suspect identified,
a5f9486057b780dfcc4481e4efe21d61d58c15d4fb7f3c1d5bb7fe4a5196d717,2021-05,Durham Constabulary,Durham Constabulary,-1.336734,54.760899,On or near Pedestrian Subway,E01020780,County Durham 035F,Robbery,Unable to prosecute suspect,
2e05b5db741a1f199aa018c31d13700d724c0d78292ca4dffd5146d7aa00155c,2021-05,Durham Constabulary,Durham Constabulary,-1.338222,54.759218,On or near Pedestrian Subway,E01020780,County Durham 035F,Shoplifting,Investigation complete; no suspect identified,
3615b1c2d2d1937e40c98461f4d5aa7401b5d808b6d643f61f4a9e886b411977,2021-05,Durham Constabulary,Durham Constabulary,-1.338222,54.759218,On or near Pedestrian Subway,E01020780,County Durham 035F,Shoplifting,Investigation complete; no suspect identified,
ad04dcb03223312adeda6aa3a0d42558f1b90280d9677db1d088dcbd740a58b3,2021-05,Durham Constabulary,Durham Constabulary,-1.338222,54.759218,On or near Pedestrian Subway,E01020780,County Durham 035F,Shoplifting,Investigation complete; no suspect identified,
770a60713a755c4de9c0e07f8f1713dc393340b4f021b2f9d3adf4c3942d48ea,2021-05,Durham Constabulary,Durham Constabulary,-1.338222,54.759218,On or near Pedestrian Subway,E01020780,County Durham 035F,Shoplifting,Further investigation is not in the public interest,
dab06b0dd4436c5d1850726175285f8cdf3c3964da459e166cd72638a4a35ccf,2021-05,Durham Constabulary,Durham Constabulary,-1.340157,54.762535,On or near Beck Place,E01020780,County Durham 035F,Vehicle crime,Investigation complete; no suspect identified,
e1ebc08a37a6f781663618bb2787adbdd20003bc8634cff55a94cca3dd5af90a,2021-05,Durham Constabulary,Durham Constabulary,-1.336339,54.760349,On or near Pedestrian Subway,E01020780,County Durham 035F,Violence and sexual offences,Awaiting court outcome,
935821149b0af60da3c69750e6df66b990b7b11ed3aac6ac3e2180d0eaaf110c,2021-05,Durham Constabulary,Durham Constabulary,-1.340399,54.759167,On or near Burnside,E01020780,County Durham 035F,Violence and sexual offences,Unable to prosecute suspect,
0db5149cc8a3feaab6c70d5d2420a64faf086ba430dc88be028c920ccf8f1e8b,2021-05,Durham Constabulary,Durham Constabulary,-1.336339,54.760349,On or near Pedestrian Subway,E01020780,County Durham 035F,Violence and sexual offences,Awaiting court outcome,
040669c561f54a805e315edca636013c15ffaa9a4730b78c29f614dc04beddac,2021-05,Durham Constabulary,Durham Constabulary,-1.341142,54.763161,On or near Kemp Road,E01020780,County Durham 035F,Violence and sexual offences,Unable to prosecute suspect,
6e46b1f86cfcbc9d745257b98414918172ad41af9874af2dec50f7095553b4ec,2021-05,Durham Constabulary,Durham Constabulary,-1.338222,54.759218,On or near Pedestrian Subway,E01020780,County Durham 035F,Violence and sexual offences,Investigation complete; no suspect identified,
3ec5d90eb5d0044dfae8a0c775a3458d76a86c2ef866fa1151e370595fc62263,2021-05,Durham Constabulary,Durham Constabulary,-1.340399,54.759167,On or near Burnside,E01020780,County Durham 035F,Violence and sexual offences,Unable to prosecute suspect,
af8df3e955abf06977370038306735c19c2ae0e64bf51ed908d715345133e18f,2021-05,Durham Constabulary,Durham Constabulary,-1.345707,54.763374,On or near Weston View,E01020780,County Durham 035F,Violence and sexual offences,Unable to prosecute suspect,
7953fa9f0881b40e7c0e5a4f596723dc1adc0de354c4d4cb73066438a76afa6f,2021-05,Durham Constabulary,Durham Constabulary,-1.338222,54.759218,On or near Pedestrian Subway,E01020780,County Durham 035F,Other crime,Court result unavailable,
,2021-05,Durham Constabulary,Durham Constabulary,-1.317631,54.762977,On or near Eleventh Street,E01020764,County Durham 036A,Anti-social behaviour,,
,2021-05,Durham Constabulary,Durham Constabulary,-1.317398,54.763919,On or near South Terrace,E01020764,County Durham 036A,Anti-social behaviour,,
,2021-05,Durham Constabulary,Durham Constabulary,-1.319493,54.765018,On or near Handley Street,E01020764,County Durham 036A,Anti-social behaviour,,
,2021-05,Durham Constabulary,Durham Constabulary,-1.316834,54.762334,On or near Warren Street,E01020764,County Durham 036A,Anti-social behaviour,,
,2021-05,Durham Constabulary,Durham Constabulary,-1.316834,54.762334,On or near Warren Street,E01020764,County Durham 036A,Anti-social behaviour,,
,2021-05,Durham Constabulary,Durham Constabulary,-1.319493,54.765018,On or near Handley Street,E01020764,County Durham 036A,Anti-social behaviour,,
,2021-05,Durham Constabulary,Durham Constabulary,-1.316214,54.763158,On or near Ninth Street,E01020764,County Durham 036A,Anti-social behaviour,,
7f18f714c7f04583e7a0c29b75e421d855add3247f8c050e954b45327109153f,2021-05,Durham Constabulary,Durham Constabulary,-1.317631,54.762977,On or near Eleventh Street,E01020764,County Durham 036A,Burglary,Court result unavailable,
725e7b0af95101a3ac1f0dda617805ca5a7b98b693d6f835fcce104a4635a45a,2021-05,Durham Constabulary,Durham Constabulary,-1.316834,54.762334,On or near Warren Street,E01020764,County Durham 036A,Burglary,Investigation complete; no suspect identified,
d4a1ccdafa06b03f14ca69b67cad45c420f7a4aab65f495377f555d69d992ca0,2021-05,Durham Constabulary,Durham Constabulary,-1.316834,54.762334,On or near Warren Street,E01020764,County Durham 036A,Burglary,Investigation complete; no suspect identified,
fe4aca131f91812d625314a16ec49a6611324e03c11d9f475e2496987a099a55,2021-05,Durham Constabulary,Durham Constabulary,-1.316813,54.763556,On or near Tees Street,E01020764,County Durham 036A,Burglary,Investigation complete; no suspect identified,
2823bbd229688f18b4538fcf0c4304fb6c03fd32afb41f1d3d3e844e21efe551,2021-05,Durham Constabulary,Durham Constabulary,-1.318271,54.762783,On or near Twelfth Street,E01020764,County Durham 036A,Burglary,Unable to prosecute suspect,
22ab58bac6599fe65b3d2aefdd11173d124e9369d1def40f4b66a41440725528,2021-05,Durham Constabulary,Durham Constabulary,-1.319493,54.765018,On or near Handley Street,E01020764,County Durham 036A,Burglary,Investigation complete; no suspect identified,
2a64097e749a6ab9383a4188897ca608d9ee69e526d0a30e838fc326f8691aea,2021-05,Durham Constabulary,Durham Constabulary,-1.319493,54.765018,On or near Handley Street,E01020764,County Durham 036A,Criminal damage and arson,Investigation complete; no suspect identified,
43d740a24692b1e210908716b5fc563ee26a6be65018ccc002c4c0078ebeb517,2021-05,Durham Constabulary,Durham Constabulary,-1.316834,54.762334,On or near Warren Street,E01020764,County Durham 036A,Criminal damage and arson,Unable to prosecute suspect,
7759a4a968ad44819656b5285fed6818049b1934804c718fc8e39eeacf499fe6,2021-05,Durham Constabulary,Durham Constabulary,-1.318271,54.762783,On or near Twelfth Street,E01020764,County Durham 036A,Criminal damage and arson,Investigation complete; no suspect identified,
eaaa514c8a2a0bb06cb583c74ecb9b17a2304657d94681fdf39044bbad3d38e8,2021-05,Durham Constabulary,Durham Constabulary,-1.315558,54.763325,On or near Eighth Street,E01020764,County Durham 036A,Criminal damage and arson,Investigation complete; no suspect identified,
5fbd33c831593bb94bf5e19b4dfb072235740ad5f197c969ff47a3d457be574e,2021-05,Durham Constabulary,Durham Constabulary,-1.319493,54.765018,On or near Handley Street,E01020764,County Durham 036A,Criminal damage and arson,Court result unavailable,
34889dedd05a08da1c60227d5c28fae595b837d945e62fa3de38ee669189bd5e,2021-05,Durham Constabulary,Durham Constabulary,-1.315558,54.763325,On or near Eighth Street,E01020764,County Durham 036A,Criminal damage and arson,Unable to prosecute suspect,
5ea6b9692df3689ecd1743e5cdd4d648d1a695e27fb3414cf29b1ce1d271a682,2021-05,Durham Constabulary,Durham Constabulary,-1.318271,54.762783,On or near Twelfth Street,E01020764,County Durham 036A,Criminal damage and arson,Investigation complete; no suspect identified,
89d19febe5ae03a14a2d08d763bd7cc77fa288156780384dd9a72d71b8e9dbb6,2021-05,Durham Constabulary,Durham Constabulary,-1.316214,54.763158,On or near Ninth Street,E01020764,County Durham 036A,Criminal damage and arson,Unable to prosecute suspect,
d8cc9a1b4118f399856e5055ff0fee9d8ed5a82bf47b3f9b471c8068acf0becc,2021-05,Durham Constabulary,Durham Constabulary,-1.316214,54.763158,On or near Ninth Street,E01020764,County Durham 036A,Criminal damage and arson,Investigation complete; no suspect identified,
a2dee30581e6b756c97c615475f8ef0a2f1621cb952a4f348331baa6c062270a,2021-05,Durham Constabulary,Durham Constabulary,-1.316214,54.763158,On or near Ninth Street,E01020764,County Durham 036A,Drugs,Investigation complete; no suspect identified,
99d57f7476ffe21d98b8b1dd0e8251ae88e494d99d527af437a6cfc042f8c2b8,2021-05,Durham Constabulary,Durham Constabulary,-1.319493,54.765018,On or near Handley Street,E01020764,County Durham 036A,Other theft,Unable to prosecute suspect,
04ace90b0f58fea138a738c221b9074580052f471e047ed7a23c85b9d38d4515,2021-05,Durham Constabulary,Durham Constabulary,-1.316834,54.762334,On or near Warren Street,E01020764,County Durham 036A,Other theft,Investigation complete; no suspect identified,
abe5f0abbb564fec43975cc4c4340f1d15478a694a5ebabbf6c3294701e1c52e,2021-05,Durham Constabulary,Durham Constabulary,-1.316834,54.762334,On or near Warren Street,E01020764,County Durham 036A,Possession of weapons,Local resolution,
65d4bc3b302c68ff020ceef0e0b1a9c2828c2b861697975b2a8e35a097226fff,2021-05,Durham Constabulary,Durham Constabulary,-1.319493,54.765018,On or near Handley Street,E01020764,County Durham 036A,Public order,Investigation complete; no suspect identified,
14ec25c024cdda218f0592d849bd70ba31d9ffe4c381cb90f4ca90a211bc61a2,2021-05,Durham Constabulary,Durham Constabulary,-1.316834,54.762334,On or near Warren Street,E01020764,County Durham 036A,Public order,Unable to prosecute suspect,
86152b8ece539d41885652b78048662606400c4e10a2df02f2a64dc060b61ea3,2021-05,Durham Constabulary,Durham Constabulary,-1.319493,54.765018,On or near Handley Street,E01020764,County Durham 036A,Shoplifting,Investigation complete; no suspect identified,
1d83f8aca8c9a5bea35c5234afd12ecd9771aa8e2445bada3ccd5ec95cb91048,2021-05,Durham Constabulary,Durham Constabulary,-1.317398,54.763919,On or near South Terrace,E01020764,County Durham 036A,Violence and sexual offences,Investigation complete; no suspect identified,
bf42ded6913825756d5c11754c0496a6f6257c11fa0cf7712df25a09aabe1262,2021-05,Durham Constabulary,Durham Constabulary,-1.319040,54.764189,On or near Cowell Street,E01020764,County Durham 036A,Violence and sexual offences,Unable to prosecute suspect,
e1fdd5628a61ee1e7e68531b1664f21bc15ad33b26f4ee0434aa7d9e9887f073,2021-05,Durham Constabulary,Durham Constabulary,-1.317398,54.763919,On or near South Terrace,E01020764,County Durham 036A,Violence and sexual offences,Unable to prosecute suspect,
1c208e2aa5c6be8b435ada6a70d204ded6619c74275e520e72ef774264337bc9,2021-05,Durham Constabulary,Durham Constabulary,-1.319493,54.765018,On or near Handley Street,E01020764,County Durham 036A,Violence and sexual offences,Court result unavailable,
1ed30ea24d25561268d769c183c709233f58c9dbc8f04eade443223df76d836a,2021-05,Durham Constabulary,Durham Constabulary,-1.316870,54.762964,On or near Tenth Street,E01020764,County Durham 036A,Violence and sexual offences,Unable to prosecute suspect,
64a338db8de9a78875c11781ee9e4f732d0bbbd897f0aff6f4b0ac8989b30c7a,2021-05,Durham Constabulary,Durham Constabulary,-1.319493,54.765018,On or near Handley Street,E01020764,County Durham 036A,Violence and sexual offences,Unable to prosecute suspect,
28b89959d134b8204b8c2d92216f29a81b238e3ae3b710b8080bb06578728410,2021-05,Durham Constabulary,Durham Constabulary,-1.316834,54.762334,On or near Warren Street,E01020764,County Durham 036A,Violence and sexual offences,Unable to prosecute suspect,
283c709c0d70840c64963b8ba4c832a51f84ce526cc07083733884b7f0bfc39a,2021-05,Durham Constabulary,Durham Constabulary,-1.319493,54.765018,On or near Handley Street,E01020764,County Durham 036A,Violence and sexual offences,Court result unavailable,
c62d9ae915dfc696d59ed0ea709927584d0b3cd01b0eec7ce95fdd68880b1fe4,2021-05,Durham Constabulary,Durham Constabulary,-1.318271,54.762783,On or near Twelfth Street,E01020764,County Durham 036A,Violence and sexual offences,Unable to prosecute suspect,
9879f210e75ed24f8b213321c26957c98d3beff05c2b48ab594e916e9d8189a5,2021-05,Durham Constabulary,Durham Constabulary,-1.319493,54.765018,On or near Handley Street,E01020764,County Durham 036A,Violence and sexual offences,Court result unavailable,
033837b7abb2c2a0aa8aa9d5dcd8d7a4e9b07e9f16ad390f8e122b65e0cd7423,2021-05,Durham Constabulary,Durham Constabulary,-1.318271,54.762783,On or near Twelfth Street,E01020764,County Durham 036A,Violence and sexual offences,Investigation complete; no suspect identified,
560fd75f7c761beaefab9ce2e18703e646eb314e9084aa7757482a3f76e1b943,2021-05,Durham Constabulary,Durham Constabulary,-1.319590,54.766636,On or near Park Road,E01020764,County Durham 036A,Violence and sexual offences,Local resolution,
5bebf53f94a7983a613199bd0a02ce052491c10b06b99194bef5edbb6293972e,2021-05,Durham Constabulary,Durham Constabulary,-1.319493,54.765018,On or near Handley Street,E01020764,County Durham 036A,Violence and sexual offences,Unable to prosecute suspect,
590b49c8bd4f981404232fb57f70045f2c1a4b3372461d8de5d33875fa2e57ef,2021-05,Durham Constabulary,Durham Constabulary,-1.319040,54.764189,On or near Cowell Street,E01020764,County Durham 036A,Other crime,Unable to prosecute suspect,
,2021-05,Durham Constabulary,Durham Constabulary,-1.321914,54.768033,On or near Sunderland Road,E01020766,County Durham 036B,Anti-social behaviour,,
,2021-05,Durham Constabulary,Durham Constabulary,-1.321461,54.763484,On or near Greenside Avenue,E01020766,County Durham 036B,Anti-social behaviour,,
,2021-05,Durham Constabulary,Durham Constabulary,-1.319267,54.764595,On or near Hamilton Street,E01020766,County Durham 036B,Anti-social behaviour,,
,2021-05,Durham Constabulary,Durham Constabulary,-1.321914,54.768033,On or near Sunderland Road,E01020766,County Durham 036B,Anti-social behaviour,,
bdc5dae30ed77557f168af049ba5cf9c24e144e34910aa9123f7c757df8898c7,2021-05,Durham Constabulary,Durham Constabulary,-1.321914,54.768033,On or near Sunderland Road,E01020766,County Durham 036B,Criminal damage and arson,Investigation complete; no suspect identified,
eadf9481bb57f2e4997c09ea1ef1e36b8d3f910b318a634e494d4e981f921e30,2021-05,Durham Constabulary,Durham Constabulary,-1.321914,54.768033,On or near Sunderland Road,E01020766,County Durham 036B,Other theft,Offender given a caution,
7283c8d149698a352f97de6459452e088c91f1468a469549d9efec0e77566cd9,2021-05,Durham Constabulary,Durham Constabulary,-1.319274,54.761413,On or near Edendale Terrace,E01020766,County Durham 036B,Shoplifting,Investigation complete; no suspect identified,
047f166da4ea70dc4895f60d8a62bb366c150856fbf9377fdefebfae789d18c5,2021-05,Durham Constabulary,Durham Constabulary,-1.321096,54.764893,On or near Ashwood Meadow,E01020766,County Durham 036B,Theft from the person,Unable to prosecute suspect,
002943972c73920108cfd27da0e733afc305a1084c79e0ba3534bbe55f67ab66,2021-05,Durham Constabulary,Durham Constabulary,-1.319274,54.761413,On or near Edendale Terrace,E01020766,County Durham 036B,Vehicle crime,Investigation complete; no suspect identified,
41e5676f555f969651c00b05fa0028003964bd28046e35c3fd28e49cc65673ac,2021-05,Durham Constabulary,Durham Constabulary,-1.321461,54.763484,On or near Greenside Avenue,E01020766,County Durham 036B,Violence and sexual offences,Unable to prosecute suspect,
e523165ba014cb7e479b0ba9c7df3a87be0c9131345514a785dd0d7e24b6befc,2021-05,Durham Constabulary,Durham Constabulary,-1.321914,54.768033,On or near Sunderland Road,E01020766,County Durham 036B,Violence and sexual offences,Unable to prosecute suspect,
dbf1071b07932e8a3c93113f35899e6e1f5af0a14ddf45591e8661c6d96386cd,2021-05,Durham Constabulary,Durham Constabulary,-1.321461,54.763484,On or near Greenside Avenue,E01020766,County Durham 036B,Violence and sexual offences,Unable to prosecute suspect,
2d7b9080682d6d70fcd54f235c66a3e124c2fa9d297813a2e4d4975b0818af47,2021-05,Durham Constabulary,Durham Constabulary,-1.321461,54.763484,On or near Greenside Avenue,E01020766,County Durham 036B,Violence and sexual offences,Investigation complete; no suspect identified,
,2021-05,Durham Constabulary,Durham Constabulary,-1.313326,54.762054,On or near Sixth Street,E01020767,County Durham 036C,Anti-social behaviour,,
,2021-05,Durham Constabulary,Durham Constabulary,-1.313326,54.762054,On or near Sixth Street,E01020767,County Durham 036C,Anti-social behaviour,,
,2021-05,Durham Constabulary,Durham Constabulary,-1.313649,54.765039,On or near Eden Street,E01020767,County Durham 036C,Anti-social behaviour,,
,2021-05,Durham Constabulary,Durham Constabulary,-1.315249,54.761409,On or near Hardwick Street,E01020767,County Durham 036C,Anti-social behaviour,,
,2021-05,Durham Constabulary,Durham Constabulary,-1.313649,54.765039,On or near Eden Street,E01020767,County Durham 036C,Anti-social behaviour,,
,2021-05,Durham Constabulary,Durham Constabulary,-1.313326,54.762054,On or near Sixth Street,E01020767,County Durham 036C,Anti-social behaviour,,
,2021-05,Durham Constabulary,Durham Constabulary,-1.316889,54.760879,On or near Burden Court,E01020767,County Durham 036C,Anti-social behaviour,,
,2021-05,Durham Constabulary,Durham Constabulary,-1.313649,54.765039,On or near Eden Street,E01020767,County Durham 036C,Anti-social behaviour,,
,2021-05,Durham Constabulary,Durham Constabulary,-1.315249,54.761409,On or near Hardwick Street,E01020767,County Durham 036C,Anti-social behaviour,,
,2021-05,Durham Constabulary,Durham Constabulary,-1.316889,54.760879,On or near Burden Court,E01020767,County Durham 036C,Anti-social behaviour,,
4726348fdbab20975ee4ba68e9885d2be294b586bf337b282d9f8f4ca7287c32,2021-05,Durham Constabulary,Durham Constabulary,-1.313326,54.762054,On or near Sixth Street,E01020767,County Durham 036C,Burglary,Investigation complete; no suspect identified,
3d597268e426908e8abbd875fe9a9d0e9effeb354d9e3a3b0dccc2bf455f5d2b,2021-05,Durham Constabulary,Durham Constabulary,-1.314766,54.763293,On or near Seventh Street,E01020767,County Durham 036C,Burglary,Investigation complete; no suspect identified,
c4d3d5a9dbcf37825fd3f7ed829004bf042e9ce6cf0a824b5ade14561f7a3981,2021-05,Durham Constabulary,Durham Constabulary,-1.313326,54.762054,On or near Sixth Street,E01020767,County Durham 036C,Burglary,Investigation complete; no suspect identified,
3695faa2f03a2dd599610cf203b7050efec63560fef929da618c8d7a8b83a45a,2021-05,Durham Constabulary,Durham Constabulary,-1.313607,54.762918,On or near Motorway Service Area,E01020767,County Durham 036C,Burglary,Investigation complete; no suspect identified,
e880a570f19cfb93ef1fc8b0a0ace83303cac5feac14d064928b1c0f8d49d84b,2021-05,Durham Constabulary,Durham Constabulary,-1.313326,54.762054,On or near Sixth Street,E01020767,County Durham 036C,Criminal damage and arson,Investigation complete; no suspect identified,
163f5613e662d070c4492090cc72ab7636d50365db4cccf898a7832090ad844d,2021-05,Durham Constabulary,Durham Constabulary,-1.316889,54.760879,On or near Burden Court,E01020767,County Durham 036C,Criminal damage and arson,Investigation complete; no suspect identified,
d5b36c1965bfbd2641c90c9eaca58c69bcc695b2d1365504da12801712cfaa97,2021-05,Durham Constabulary,Durham Constabulary,-1.314766,54.763293,On or near Seventh Street,E01020767,County Durham 036C,Criminal damage and arson,Investigation complete; no suspect identified,
c2b5ee2d8c6801b3443a4bcc7495adda3f387478e1980ebd0219541e07f7850b,2021-05,Durham Constabulary,Durham Constabulary,-1.313326,54.762054,On or near Sixth Street,E01020767,County Durham 036C,Criminal damage and arson,Investigation complete; no suspect identified,
22b538277de7a2a918fecd0f194a5c3963f86c81d767d7bdcc42684991a8df18,2021-05,Durham Constabulary,Durham Constabulary,-1.315249,54.761409,On or near Hardwick Street,E01020767,County Durham 036C,Criminal damage and arson,Investigation complete; no suspect identified,
010495d1d52ee00fc58a1ba800d08e23c272b1a9dcd47424c118807047d7a4fe,2021-05,Durham Constabulary,Durham Constabulary,-1.313326,54.762054,On or near Sixth Street,E01020767,County Durham 036C,Criminal damage and arson,Investigation complete; no suspect identified,
af9dd4dc5c24173650c88ad8219e72ecf305524f57425fad10e047c58463aecd,2021-05,Durham Constabulary,Durham Constabulary,-1.313326,54.762054,On or near Sixth Street,E01020767,County Durham 036C,Criminal damage and arson,Investigation complete; no suspect identified,
bf9c291ff96a885fff41de1a133355f941001acd2c7f4cf6c43f2af840019b6b,2021-05,Durham Constabulary,Durham Constabulary,-1.311889,54.759763,On or near Coast Road,E01020767,County Durham 036C,Criminal damage and arson,Unable to prosecute suspect,
aa66521f8a893b9ebe2b5ee1ca3807246fb2d6fdc437ab18e23ec1e1bb3f4f63,2021-05,Durham Constabulary,Durham Constabulary,-1.313326,54.762054,On or near Sixth Street,E01020767,County Durham 036C,Criminal damage and arson,Local resolution,
ad931e296112fbb5ce07641726a0a8d27881ba80ce3b53c5051cc2b234e7c429,2021-05,Durham Constabulary,Durham Constabulary,-1.313452,54.763780,On or near Fifth Street,E01020767,County Durham 036C,Drugs,Further investigation is not in the public interest,
759b07d64504898b9aa614343f00ca39f7434f9ffd41a180a6449e70900e16c3,2021-05,Durham Constabulary,Durham Constabulary,-1.313326,54.762054,On or near Sixth Street,E01020767,County Durham 036C,Other theft,Investigation complete; no suspect identified,
3743beb767000779d14d361069eb498adcfcfea2a0937d0f7b5ced5060e50d0b,2021-05,Durham Constabulary,Durham Constabulary,-1.313926,54.766110,On or near Grant Street,E01020767,County Durham 036C,Other theft,Unable to prosecute suspect,
94063db6023e42305a94bdec0e4d65a9f4509505e6b950d38092131c7e4e41de,2021-05,Durham Constabulary,Durham Constabulary,-1.315249,54.761409,On or near Hardwick Street,E01020767,County Durham 036C,Other theft,Unable to prosecute suspect,
5eca7793873db98e6577a7ccc461f069bebc979520bafbf38be01a3d7937c0aa,2021-05,Durham Constabulary,Durham Constabulary,-1.316889,54.760879,On or near Burden Court,E01020767,County Durham 036C,Public order,Investigation complete; no suspect identified,
3641f2ccfd31b70656bc9b2d82db4ada010f080cab6aafa60c05db53847a2246,2021-05,Durham Constabulary,Durham Constabulary,-1.313649,54.765039,On or near Eden Street,E01020767,County Durham 036C,Public order,Unable to prosecute suspect,
f25a19a2cd18b4c9ba8e687722b3a1332f1a8cee9b346f60918ad7a9b2574f62,2021-05,Durham Constabulary,Durham Constabulary,-1.316889,54.760879,On or near Burden Court,E01020767,County Durham 036C,Shoplifting,Investigation complete; no suspect identified,
32375cfd6f3bee2fd358475f12f78c1493a45d2d7436b54a13265d7c1ad5f718,2021-05,Durham Constabulary,Durham Constabulary,-1.311065,54.760693,On or near Rogers Close,E01020767,County Durham 036C,Shoplifting,Local resolution,
8f8478d7e7af3e5cd0bcb5512c6ef905a074d63297a7ade10a07505aaf1260bd,2021-05,Durham Constabulary,Durham Constabulary,-1.316889,54.760879,On or near Burden Court,E01020767,County Durham 036C,Shoplifting,Investigation complete; no suspect identified,
b466fce841440bd0dee77047da44a467b95ae6bf6910bd6602fce8c6c72a8671,2021-05,Durham Constabulary,Durham Constabulary,-1.316889,54.760879,On or near Burden Court,E01020767,County Durham 036C,Shoplifting,Investigation complete; no suspect identified,
f3fc6fff269d9ac219ae7d9557c944862a201bc5ef7dd3aabe736d5fa8092e71,2021-05,Durham Constabulary,Durham Constabulary,-1.313452,54.763780,On or near Fifth Street,E01020767,County Durham 036C,Shoplifting,Court result unavailable,
5da84423d4b40ca20b9d321dc6e356442eba7960503ab54cc90bba03cb9efd04,2021-05,Durham Constabulary,Durham Constabulary,-1.315249,54.761409,On or near Hardwick Street,E01020767,County Durham 036C,Shoplifting,Investigation complete; no suspect identified,
58baf29723907899c2ef55cce95f4751e9bf8b08f6b336a5ec832a2095a40a79,2021-05,Durham Constabulary,Durham Constabulary,-1.315249,54.761409,On or near Hardwick Street,E01020767,County Durham 036C,Shoplifting,Investigation complete; no suspect identified,
d04282f114f45eb38288df7e006950a5ef14912853696e0054b0458a6033fe6f,2021-05,Durham Constabulary,Durham Constabulary,-1.315249,54.761409,On or near Hardwick Street,E01020767,County Durham 036C,Shoplifting,Investigation complete; no suspect identified,
53439dfe6afdc4f2fb59b656e6c84d780787499cd700a6ab7bf22e3bb6fa158d,2021-05,Durham Constabulary,Durham Constabulary,-1.314105,54.765635,On or near Thorpe Street,E01020767,County Durham 036C,Violence and sexual offences,Investigation complete; no suspect identified,
bc7c7b4b8aa973804d5ffcfc9a47c08471e36cbb6bb5f8651fc128aa6b5966b9,2021-05,Durham Constabulary,Durham Constabulary,-1.311065,54.760693,On or near Rogers Close,E01020767,County Durham 036C,Violence and sexual offences,Further action is not in the public interest,
604b8b03605fd30d06ac284374c5d60e466287eaa25ff0582b71e17d94edeac8,2021-05,Durham Constabulary,Durham Constabulary,-1.311065,54.760693,On or near Rogers Close,E01020767,County Durham 036C,Violence and sexual offences,Further action is not in the public interest,
df77980ac40830c40b9b7dc233966a91f778ac3b7e87043f51cb53a067f536d9,2021-05,Durham Constabulary,Durham Constabulary,-1.316889,54.760879,On or near Burden Court,E01020767,County Durham 036C,Violence and sexual offences,Unable to prosecute suspect,
0b43fa12deb97f2da5a92c38be8d9b8447783d6351776b663b434a12d406c904,2021-05,Durham Constabulary,Durham Constabulary,-1.315249,54.761409,On or near Hardwick Street,E01020767,County Durham 036C,Violence and sexual offences,Investigation complete; no suspect identified,
23292556f025f6f7974cf4a14090f7e00109f4206eaa185712da40f0a1ca958e,2021-05,Durham Constabulary,Durham Constabulary,-1.311065,54.760693,On or near Rogers Close,E01020767,County Durham 036C,Violence and sexual offences,Further action is not in the public interest,
db71015d2bd41ee59a73ce3d460b66f1a13f0aa8c0658aa05fbb2f3efc2ca81c,2021-05,Durham Constabulary,Durham Constabulary,-1.315911,54.761745,On or near Sports/Recreation Area,E01020767,County Durham 036C,Violence and sexual offences,Unable to prosecute suspect,
3a14aa3f3a254fe983a68b747b28b0eff19629f4edb2acca4080d8a0e3615e0b,2021-05,Durham Constabulary,Durham Constabulary,-1.311065,54.760693,On or near Rogers Close,E01020767,County Durham 036C,Violence and sexual offences,Further action is not in the public interest,
c894a6c349b47d67569921e24b3f986217955d03147d15c0a3ca40a3e51b66fa,2021-05,Durham Constabulary,Durham Constabulary,-1.311065,54.760693,On or near Rogers Close,E01020767,County Durham 036C,Violence and sexual offences,Further action is not in the public interest,
4c695aeaf43c3846eedbddf6905a730831ee85ab8567f15d611a58163f9f79c3,2021-05,Durham Constabulary,Durham Constabulary,-1.311889,54.759763,On or near Coast Road,E01020767,County Durham 036C,Other crime,Unable to prosecute suspect,
53b1c3bece80317fbd1e3bc921540ff3a7dd9bb833d9ac882c9f5ed78bd0619c,2021-05,Durham Constabulary,Durham Constabulary,-1.303859,54.758594,On or near Dixon Rise,E01020768,County Durham 036D,Burglary,Investigation complete; no suspect identified,
17f3d09cc4e43ae6fb1762e86807f49a7fa9822afbea8eb52c2ff3a179720858,2021-05,Durham Constabulary,Durham Constabulary,-1.307027,54.761434,On or near Cedar Street,E01020768,County Durham 036D,Criminal damage and arson,Unable to prosecute suspect,
6744feac54e0259620d21f605916e14aa5059ac0e3050490d53b5ab390db42f1,2021-05,Durham Constabulary,Durham Constabulary,-1.303859,54.758594,On or near Dixon Rise,E01020768,County Durham 036D,Drugs,Further action is not in the public interest,
551d2aa276718f9d51f5caf4743e4520805944685b783cb3a782e6b90d45dfb5,2021-05,Durham Constabulary,Durham Constabulary,-1.305636,54.760096,On or near Cotsford Lane,E01020768,County Durham 036D,Other theft,Unable to prosecute suspect,
e1bd80fa254b3dc505592088cb8e22f398c51f6e1aeaa89b5b3d24b5c31c047b,2021-05,Durham Constabulary,Durham Constabulary,-1.303859,54.758594,On or near Dixon Rise,E01020768,County Durham 036D,Public order,Unable to prosecute suspect,
9589cc1581fe94f5875f65a7ef40787b9616c2d35afabe7256df09e20cc71d92,2021-05,Durham Constabulary,Durham Constabulary,-1.308752,54.761426,On or near Adam Street,E01020768,County Durham 036D,Vehicle crime,Investigation complete; no suspect identified,
35b2fc82ebe5a0c6006ecddbc6dc6ceef951415e1259565baff1361a9e54e844,2021-05,Durham Constabulary,Durham Constabulary,-1.303859,54.758594,On or near Dixon Rise,E01020768,County Durham 036D,Violence and sexual offences,Unable to prosecute suspect,
a52eb849c46b847159d3d1e670b41e845be5048f7b76f7974eb710acee21762e,2021-05,Durham Constabulary,Durham Constabulary,-1.303859,54.758594,On or near Dixon Rise,E01020768,County Durham 036D,Violence and sexual offences,Status update unavailable,
9ebb1db047b14a986d7e79e0f9ed51a9d004092ee1ab8140a5ae3ec857d23a87,2021-05,Durham Constabulary,Durham Constabulary,-1.305636,54.760096,On or near Cotsford Lane,E01020768,County Durham 036D,Violence and sexual offences,Unable to prosecute suspect,
351bf133a2ccd7cca259c0ec5f5c2422f59f835d9fdd2822aedad13ab9d59f86,2021-05,Durham Constabulary,Durham Constabulary,-1.303859,54.758594,On or near Dixon Rise,E01020768,County Durham 036D,Violence and sexual offences,Unable to prosecute suspect,
a354683ca703de4857b53444dcd6216f907922c036f7d385383d1599228d08a2,2021-05,Durham Constabulary,Durham Constabulary,-1.309785,54.761917,On or near Beach Grove,E01020768,County Durham 036D,Violence and sexual offences,Unable to prosecute suspect,
,2021-05,Durham Constabulary,Durham Constabulary,-1.336268,54.759944,On or near Supermarket,E01020746,County Durham 037A,Anti-social behaviour,,
,2021-05,Durham Constabulary,Durham Constabulary,-1.332903,54.759512,On or near Supermarket,E01020746,County Durham 037A,Anti-social behaviour,,
,2021-05,Durham Constabulary,Durham Constabulary,-1.335223,54.757305,On or near Pedestrian Subway,E01020746,County Durham 037A,Anti-social behaviour,,
,2021-05,Durham Constabulary,Durham Constabulary,-1.333421,54.759209,On or near Shopping Area,E01020746,County Durham 037A,Anti-social behaviour,,
,2021-05,Durham Constabulary,Durham Constabulary,-1.336268,54.759944,On or near Supermarket,E01020746,County Durham 037A,Anti-social behaviour,,
,2021-05,Durham Constabulary,Durham Constabulary,-1.327769,54.755152,On or near Manor Way,E01020746,County Durham 037A,Anti-social behaviour,,
,2021-05,Durham Constabulary,Durham Constabulary,-1.331246,54.760069,On or near Pedestrian Subway,E01020746,County Durham 037A,Anti-social behaviour,,
,2021-05,Durham Constabulary,Durham Constabulary,-1.332027,54.757000,On or near Church Close,E01020746,County Durham 037A,Anti-social behaviour,,
,2021-05,Durham Constabulary,Durham Constabulary,-1.336268,54.759944,On or near Supermarket,E01020746,County Durham 037A,Anti-social behaviour,,
e2894cae7f2d08b92bb4771c74a98823d81e45b445b992da61e79f460ed74cc1,2021-05,Durham Constabulary,Durham Constabulary,-1.332903,54.759512,On or near Supermarket,E01020746,County Durham 037A,Criminal damage and arson,Investigation complete; no suspect identified,
612afa0dd0727f5779b910a8738fe35b6203abd9a2bedf53fb98fa53e0962ff4,2021-05,Durham Constabulary,Durham Constabulary,-1.336268,54.759944,On or near Supermarket,E01020746,County Durham 037A,Criminal damage and arson,Investigation complete; no suspect identified,
b7682b582f53ddd31ad04d37f66d77922ccef8fab31bbb4df579c47ed315ae69,2021-05,Durham Constabulary,Durham Constabulary,-1.333039,54.754067,On or near Hospital,E01020746,County Durham 037A,Criminal damage and arson,Investigation complete; no suspect identified,
9486ee53e4c557d2f5c92c24e3e81869a49fd4ae96fda8f0c0c2023ca5690656,2021-05,Durham Constabulary,Durham Constabulary,-1.336268,54.759944,On or near Supermarket,E01020746,County Durham 037A,Criminal damage and arson,Investigation complete; no suspect identified,
4f12afd1157a3ab88cf935f8e0d47e162a77c8e18bf641acaee66c8cce6564c8,2021-05,Durham Constabulary,Durham Constabulary,-1.333421,54.759209,On or near Shopping Area,E01020746,County Durham 037A,Criminal damage and arson,Investigation complete; no suspect identified,
77d212cdf240e0abae0bce3f2646ac655024fd55bfd78d1af49558e9ebd62ea1,2021-05,Durham Constabulary,Durham Constabulary,-1.334284,54.755844,On or near Hilton Drive,E01020746,County Durham 037A,Drugs,Further investigation is not in the public interest,
8003d44b0462d17857e42572b63b2a28daa4f0a3b59a7df9e236327ad7b3f57a,2021-05,Durham Constabulary,Durham Constabulary,-1.334365,54.758460,On or near Shopping Area,E01020746,County Durham 037A,Other theft,Unable to prosecute suspect,
94c45e001ed99429b2a3bbba7ce590f425d30d1e8ec3294459f75e6d3853c85d,2021-05,Durham Constabulary,Durham Constabulary,-1.333421,54.759209,On or near Shopping Area,E01020746,County Durham 037A,Other theft,Investigation complete; no suspect identified,
2916f94f7dcbaa0dc9e11bfe0de4fde14835a6846d450830a0c7fa9f17c1550c,2021-05,Durham Constabulary,Durham Constabulary,-1.334365,54.758460,On or near Shopping Area,E01020746,County Durham 037A,Other theft,Investigation complete; no suspect identified,
a5775e58c4dd6ab9ae360a78996efb9e92b039842f70b2bad078019dbd02025a,2021-05,Durham Constabulary,Durham Constabulary,-1.332903,54.759512,On or near Supermarket,E01020746,County Durham 037A,Public order,Investigation complete; no suspect identified,
f5156100c2db02a8436a4537e368a7a0094f4ff115b94edb1d60f9b0887ce137,2021-05,Durham Constabulary,Durham Constabulary,-1.336268,54.759944,On or near Supermarket,E01020746,County Durham 037A,Public order,Investigation complete; no suspect identified,
bd3de6ff03a5a030f4f932187d5dea9fac60f900a34e10040e74593594c60cf6,2021-05,Durham Constabulary,Durham Constabulary,-1.334284,54.755844,On or near Hilton Drive,E01020746,County Durham 037A,Public order,Court result unavailable,
de62bf789133829ec09f042f4ea068929cb59a01bbaee70721985a9f2fa8caef,2021-05,Durham Constabulary,Durham Constabulary,-1.331246,54.760069,On or near Pedestrian Subway,E01020746,County Durham 037A,Public order,Investigation complete; no suspect identified,
8fefddaccb7b70c6876c51ca9d99b657c949511d45910ea01ae37679abde7e6e,2021-05,Durham Constabulary,Durham Constabulary,-1.332928,54.760824,On or near Pedestrian Subway,E01020746,County Durham 037A,Shoplifting,Local resolution,
244e0f1b9f1094cd27c5e5be58db126779786953e0a92aae591e4a2a497e57af,2021-05,Durham Constabulary,Durham Constabulary,-1.332928,54.760824,On or near Pedestrian Subway,E01020746,County Durham 037A,Shoplifting,Investigation complete; no suspect identified,
d2ecb6c548b4ac8e46636e0788f1347ca90d8a9d25b407c7a11aec35cad81c66,2021-05,Durham Constabulary,Durham Constabulary,-1.332928,54.760824,On or near Pedestrian Subway,E01020746,County Durham 037A,Shoplifting,Investigation complete; no suspect identified,
5ad441a721a37fed779cb0aa318323adda683bae171a3da88834d5fc155c39a0,2021-05,Durham Constabulary,Durham Constabulary,-1.332928,54.760824,On or near Pedestrian Subway,E01020746,County Durham 037A,Shoplifting,Court result unavailable,
acba8dc7f0207346938cb81533c71968a70c1b811d1820bd5291e52164af0cd4,2021-05,Durham Constabulary,Durham Constabulary,-1.332928,54.760824,On or near Pedestrian Subway,E01020746,County Durham 037A,Shoplifting,Suspect charged as part of another case,
c153963c0573ae0144b8466585e5f4799d8ad85e6905cc8a0901ca54aec02a26,2021-05,Durham Constabulary,Durham Constabulary,-1.336268,54.759944,On or near Supermarket,E01020746,County Durham 037A,Shoplifting,Investigation complete; no suspect identified,
edb0ffe7d81059767c4583b5ed6e3cc1760262114248a1002d92f8e43f964ba4,2021-05,Durham Constabulary,Durham Constabulary,-1.332928,54.760824,On or near Pedestrian Subway,E01020746,County Durham 037A,Shoplifting,Investigation complete; no suspect identified,
e6b9579ddfb8c9c1119e39784c44f54502142efb8c2e2c22aed173a510ac2b54,2021-05,Durham Constabulary,Durham Constabulary,-1.332928,54.760824,On or near Pedestrian Subway,E01020746,County Durham 037A,Shoplifting,Unable to prosecute suspect,
aef328a95da67a98d8754efc0f1390ba3f5c53f7a8201ca01fa4c8efd3f845cf,2021-05,Durham Constabulary,Durham Constabulary,-1.332928,54.760824,On or near Pedestrian Subway,E01020746,County Durham 037A,Shoplifting,Investigation complete; no suspect identified,
5aca31eb746cf95f15947acb9afdac737ef9bbd7d6a52f5389e15a3a04c2b0e8,2021-05,Durham Constabulary,Durham Constabulary,-1.331716,54.758912,On or near B1320,E01020746,County Durham 037A,Shoplifting,Court result unavailable,
ed6c5e7f5e3833c6b51ab104c99c77120e5c1383066dec7ced344711802ece22,2021-05,Durham Constabulary,Durham Constabulary,-1.333421,54.759209,On or near Shopping Area,E01020746,County Durham 037A,Shoplifting,Investigation complete; no suspect identified,
547288287f4644755db74c0989d52c725efa8305ec9454a4b797c3d597d0d4ba,2021-05,Durham Constabulary,Durham Constabulary,-1.332928,54.760824,On or near Pedestrian Subway,E01020746,County Durham 037A,Shoplifting,Investigation complete; no suspect identified,
df6a6b521b7d6241b71133ae581c3231d7954b261134638f539e0f3b46046ea8,2021-05,Durham Constabulary,Durham Constabulary,-1.332928,54.760824,On or near Pedestrian Subway,E01020746,County Durham 037A,Shoplifting,Investigation complete; no suspect identified,
c96083af3447585ba3aae10ff9fcc111970399028076a6478fbc00119d37e042,2021-05,Durham Constabulary,Durham Constabulary,-1.334365,54.758460,On or near Shopping Area,E01020746,County Durham 037A,Shoplifting,Unable to prosecute suspect,
7c33254734ca94231e73409015203cba739ef4eec7eaa8df828204a7a842722b,2021-05,Durham Constabulary,Durham Constabulary,-1.334291,54.756374,On or near Quinn Close,E01020746,County Durham 037A,Violence and sexual offences,Court result unavailable,
3aeace9659486d0ee5268e0f73ad129a4130cf4ac2b998833904c800ae20e39f,2021-05,Durham Constabulary,Durham Constabulary,-1.327769,54.755152,On or near Manor Way,E01020746,County Durham 037A,Other crime,Further investigation is not in the public interest,
71ed83e8fa8f76723167030fc86ed0d9a1703c336de24bd3ba6d6c98c7ed15bf,2021-05,Durham Constabulary,Durham Constabulary,-1.335223,54.757305,On or near Pedestrian Subway,E01020746,County Durham 037A,Other crime,Unable to prosecute suspect,
708c4103a5ea60534fa183c7ea84be52078b5ef2ce68d81d5db53459e6b0c4a3,2021-05,Durham Constabulary,Durham Constabulary,-1.334365,54.758460,On or near Shopping Area,E01020746,County Durham 037A,Other crime,Unable to prosecute suspect,
,2021-05,Durham Constabulary,Durham Constabulary,-1.353876,54.752068,On or near Lorimers Close,E01020769,County Durham 037B,Anti-social behaviour,,
,2021-05,Durham Constabulary,Durham Constabulary,-1.355552,54.754144,On or near Brecon Close,E01020769,County Durham 037B,Anti-social behaviour,,
,2021-05,Durham Constabulary,Durham Constabulary,-1.357916,54.753994,On or near Pentland Close,E01020769,County Durham 037B,Anti-social behaviour,,
0a41241f92c885538e194450e73ace27e338b5bdfc4152fb37f2ff6a99f6b450,2021-05,Durham Constabulary,Durham Constabulary,-1.357916,54.753994,On or near Pentland Close,E01020769,County Durham 037B,Criminal damage and arson,Unable to prosecute suspect,
9fd9271695af9804d8742498fcb4a3c62dfba7a45714b43f1f8245dbac64fd2b,2021-05,Durham Constabulary,Durham Constabulary,-1.359055,54.751682,On or near Shadforth Close,E01020769,County Durham 037B,Other theft,Investigation complete; no suspect identified,
594c6fe935b52e6c1b2e09f6adf084d6ef27231bb07447343ca87d26102cb44f,2021-05,Durham Constabulary,Durham Constabulary,-1.357916,54.753994,On or near Pentland Close,E01020769,County Durham 037B,Other theft,Unable to prosecute suspect,
3e9c0113a62479f76c4de3ae2c8079afb3ebdd5deac0641be1a7b7c8595e3782,2021-05,Durham Constabulary,Durham Constabulary,-1.359055,54.751682,On or near Shadforth Close,E01020769,County Durham 037B,Public order,Unable to prosecute suspect,
758368a2ecd61fa9e5e001d0ea2989f558d3883b5c542aa07d0baeccfba735a9,2021-05,Durham Constabulary,Durham Constabulary,-1.357916,54.753994,On or near Pentland Close,E01020769,County Durham 037B,Violence and sexual offences,Unable to prosecute suspect,
94fab37c72434216a43786a64d97409ebdb505fb963e27ebc4f9e3fe197e2b93,2021-05,Durham Constabulary,Durham Constabulary,-1.357916,54.753994,On or near Pentland Close,E01020769,County Durham 037B,Violence and sexual offences,Investigation complete; no suspect identified,
2b2f10df3a8d3184e67432b14de2b8431a1e2417bb88c0cceae1a65323dbe2fb,2021-05,Durham Constabulary,Durham Constabulary,-1.357916,54.753994,On or near Pentland Close,E01020769,County Durham 037B,Violence and sexual offences,Unable to prosecute suspect,
fad1c26eca379c5e24c4a707505b5f389553433b8ad90ce8a6e08f9e5ee4bbf6,2021-05,Durham Constabulary,Durham Constabulary,-1.359055,54.751682,On or near Shadforth Close,E01020769,County Durham 037B,Other crime,Status update unavailable,
,2021-05,Durham Constabulary,Durham Constabulary,-1.349379,54.751504,On or near Waveney Road,E01020777,County Durham 037C,Anti-social behaviour,,
,2021-05,Durham Constabulary,Durham Constabulary,-1.349379,54.751504,On or near Waveney Road,E01020777,County Durham 037C,Anti-social behaviour,,
,2021-05,Durham Constabulary,Durham Constabulary,-1.346002,54.749887,On or near Park/Open Space,E01020777,County Durham 037C,Anti-social behaviour,,
,2021-05,Durham Constabulary,Durham Constabulary,-1.349379,54.751504,On or near Waveney Road,E01020777,County Durham 037C,Anti-social behaviour,,
,2021-05,Durham Constabulary,Durham Constabulary,-1.341395,54.753331,On or near Teign Close,E01020777,County Durham 037C,Anti-social behaviour,,
,2021-05,Durham Constabulary,Durham Constabulary,-1.345185,54.752381,On or near Medway Close,E01020777,County Durham 037C,Anti-social behaviour,,
3bcffde8cf64926c500b13dc81372d2904ae7bdd708d879267fa090d1ad6db4b,2021-05,Durham Constabulary,Durham Constabulary,-1.346002,54.749887,On or near Park/Open Space,E01020777,County Durham 037C,Criminal damage and arson,Investigation complete; no suspect identified,
9bbee01542017945905d1b2f3b223cf8766751df05df9df25b354f0e494edc22,2021-05,Durham Constabulary,Durham Constabulary,-1.345185,54.752381,On or near Medway Close,E01020777,County Durham 037C,Criminal damage and arson,Investigation complete; no suspect identified,
46015e95b2aee6ea1fa3b1e72cf9b1478cc22fb6c093ed38c6ae83b69f25cdef,2021-05,Durham Constabulary,Durham Constabulary,-1.345185,54.752381,On or near Medway Close,E01020777,County Durham 037C,Vehicle crime,Investigation complete; no suspect identified,
90885f3f406eea7e44199815bd6b82d3cd1ef58d4a4e7b5395886b7128235c9b,2021-05,Durham Constabulary,Durham Constabulary,-1.349379,54.751504,On or near Waveney Road,E01020777,County Durham 037C,Violence and sexual offences,Local resolution,
b4acbc08d533bd3319772b54b967b82df6715f7e263e7a4b979a69ca260df82b,2021-05,Durham Constabulary,Durham Constabulary,-1.345185,54.752381,On or near Medway Close,E01020777,County Durham 037C,Violence and sexual offences,Unable to prosecute suspect,
3f20b1090c5e834d265f23f2fed3e82e416d98060b8947079f5868296f5859db,2021-05,Durham Constabulary,Durham Constabulary,-1.347965,54.749601,On or near Severn Close,E01020777,County Durham 037C,Violence and sexual offences,Unable to prosecute suspect,
,2021-05,Durham Constabulary,Durham Constabulary,-1.341906,54.749595,On or near Sunny Blunts,E01020778,County Durham 037D,Anti-social behaviour,,
,2021-05,Durham Constabulary,Durham Constabulary,-1.341906,54.749595,On or near Sunny Blunts,E01020778,County Durham 037D,Anti-social behaviour,,
2e82239d173fe423448cf63370c196761a89eb27c807f998e283c4ab4b501c60,2021-05,Durham Constabulary,Durham Constabulary,-1.340564,54.748006,On or near Dormand Drive,E01020778,County Durham 037D,Criminal damage and arson,Investigation complete; no suspect identified,
56238534b81f9501f534524a9bbbddeb309944cc40f950a7449f4c8c372df9a1,2021-05,Durham Constabulary,Durham Constabulary,-1.340414,54.748661,On or near Lindisfarne,E01020778,County Durham 037D,Violence and sexual offences,Unable to prosecute suspect,
b54cc029af1e564e464b08ece7d9d82911575580f2cd8987270e8c838062d198,2021-05,Durham Constabulary,Durham Constabulary,-1.336691,54.748299,On or near Cartington Close,E01020778,County Durham 037D,Violence and sexual offences,Investigation complete; no suspect identified,
0543c1b28afec652193944b2c1604659f88e38d10b1b3be33720e9a9f298de10,2021-05,Durham Constabulary,Durham Constabulary,-1.340414,54.748661,On or near Lindisfarne,E01020778,County Durham 037D,Violence and sexual offences,Unable to prosecute suspect,
3210fee7ef9a90dd4a44793dbae2da9cf9df38b8250843155e1a64dd495be210,2021-05,Durham Constabulary,Durham Constabulary,-1.359553,54.748728,On or near Donerston Grove,E01020779,County Durham 037E,Violence and sexual offences,Unable to prosecute suspect,
ad4b9432e0b625be279db2bb22f431a5338ea60b68d1bcd1755a88db76d46efa,2021-05,Durham Constabulary,Durham Constabulary,-1.359553,54.748728,On or near Donerston Grove,E01020779,County Durham 037E,Violence and sexual offences,Unable to prosecute suspect,
4c058985d9ae47c15915d751ae1581f89a09457d388e36cf8bc961c76715491f,2021-05,Durham Constabulary,Durham Constabulary,-1.356037,54.746085,On or near Brougham Court,E01020779,County Durham 037E,Violence and sexual offences,Unable to prosecute suspect,
,2021-05,Durham Constabulary,Durham Constabulary,-1.625452,54.747701,On or near South View,E01020685,County Durham 038A,Anti-social behaviour,,
,2021-05,Durham Constabulary,Durham Constabulary,-1.625452,54.747701,On or near South View,E01020685,County Durham 038A,Anti-social behaviour,,
0477a9c6a63693bcf443e081aad5dee56cb415f20190882e5cbdceb3ad22b90a,2021-05,Durham Constabulary,Durham Constabulary,-1.626934,54.748685,On or near Leesfield Drive,E01020685,County Durham 038A,Criminal damage and arson,Investigation complete; no suspect identified,
397596ce8ec8fc9c98cf6819debbecbcc9d3e8ffe13b01b623485325ebba01c4,2021-05,Durham Constabulary,Durham Constabulary,-1.622297,54.752867,On or near Frensham Way,E01020685,County Durham 038A,Criminal damage and arson,Investigation complete; no suspect identified,
5be6d79b0a1e436c8c229d93b646d49ec65aa989ba3f574517bd8c2aa5edec29,2021-05,Durham Constabulary,Durham Constabulary,-1.628378,54.748860,On or near Leesfield Gardens,E01020685,County Durham 038A,Violence and sexual offences,Investigation complete; no suspect identified,
14cbc45b19f9d2153ebd62cbbdca01ac70199d944b6955537599b62b6787d96f,2021-05,Durham Constabulary,Durham Constabulary,-1.622645,54.750559,On or near Stanhope Close,E01020685,County Durham 038A,Violence and sexual offences,Unable to prosecute suspect,
,2021-05,Durham Constabulary,Durham Constabulary,-1.630539,54.752084,On or near Parking Area,E01020686,County Durham 038B,Anti-social behaviour,,
,2021-05,Durham Constabulary,Durham Constabulary,-1.638508,54.746923,On or near Clover Laid,E01020686,County Durham 038B,Anti-social behaviour,,
,2021-05,Durham Constabulary,Durham Constabulary,-1.628811,54.752438,On or near Carr Avenue,E01020686,County Durham 038B,Anti-social behaviour,,
,2021-05,Durham Constabulary,Durham Constabulary,-1.630539,54.752084,On or near Parking Area,E01020686,County Durham 038B,Anti-social behaviour,,
,2021-05,Durham Constabulary,Durham Constabulary,-1.630539,54.752084,On or near Parking Area,E01020686,County Durham 038B,Anti-social behaviour,,
e6a75c2c7f7ce13b48a46d00e4ebcb9fca3c08341bfdc7e6e4012d885bee5b73,2021-05,Durham Constabulary,Durham Constabulary,-1.628811,54.752438,On or near Carr Avenue,E01020686,County Durham 038B,Criminal damage and arson,Investigation complete; no suspect identified,
c2f26a729237d6bb557c125f5b11ede8ccc4aa7fcdd839f55cb7560df7509afa,2021-05,Durham Constabulary,Durham Constabulary,-1.628811,54.752438,On or near Carr Avenue,E01020686,County Durham 038B,Criminal damage and arson,Investigation complete; no suspect identified,
1f602b9d4157464136e17f9311bcc7beb1b636aa84dec64f7176daa2ce5746b8,2021-05,Durham Constabulary,Durham Constabulary,-1.630539,54.752084,On or near Parking Area,E01020686,County Durham 038B,Criminal damage and arson,Investigation complete; no suspect identified,
baf89eebc13a6e8e792ccf19ca1006132c22e8385376e0af699692dfd7ad72ae,2021-05,Durham Constabulary,Durham Constabulary,-1.638508,54.746923,On or near Clover Laid,E01020686,County Durham 038B,Criminal damage and arson,Unable to prosecute suspect,
b4e5df85c964d9fb40403ae11c838d336a9ff24cd078c722a61516df30cca1f2,2021-05,Durham Constabulary,Durham Constabulary,-1.638508,54.746923,On or near Clover Laid,E01020686,County Durham 038B,Public order,Unable to prosecute suspect,
ef063d57de2acc828e9becc99899278bda34ac425c492f3c07c7cbad883bcb92,2021-05,Durham Constabulary,Durham Constabulary,-1.631159,54.748851,On or near Moor Edge,E01020686,County Durham 038B,Public order,Investigation complete; no suspect identified,
38901725ed7b90d743513b166d28d84d4419501b3a2536415a59b002e87230cc,2021-05,Durham Constabulary,Durham Constabulary,-1.630539,54.752084,On or near Parking Area,E01020686,County Durham 038B,Shoplifting,Investigation complete; no suspect identified,
795305a38cb90103b0679691f1cb6211222f90faba3503b9c3ac3a2f1f95f729,2021-05,Durham Constabulary,Durham Constabulary,-1.630539,54.752084,On or near Parking Area,E01020686,County Durham 038B,Shoplifting,Investigation complete; no suspect identified,
5514bdd784ff7cef0445e18d24887814a8173fc35e3006d89bff6414f7234920,2021-05,Durham Constabulary,Durham Constabulary,-1.635200,54.753797,On or near Oakgreen Flats,E01020686,County Durham 038B,Violence and sexual offences,Unable to prosecute suspect,
6b4c3bef6a2092f4abf4067b7cfd266c869a5780649b369c6380b0cbbea90e55,2021-05,Durham Constabulary,Durham Constabulary,-1.635200,54.753797,On or near Oakgreen Flats,E01020686,County Durham 038B,Violence and sexual offences,Unable to prosecute suspect,
1e7a2be6128f63b9859147aebc20910a3b9b9d4435de076a40ce1891c21ee007,2021-05,Durham Constabulary,Durham Constabulary,-1.638508,54.746923,On or near Clover Laid,E01020686,County Durham 038B,Violence and sexual offences,Unable to prosecute suspect,
97acf442a5d70b4574c2e85e4183032b5dc8714a51701bbab3f441c14e99c250,2021-05,Durham Constabulary,Durham Constabulary,-1.628811,54.752438,On or near Carr Avenue,E01020686,County Durham 038B,Violence and sexual offences,Offender given a caution,
25da295ee90fc3232a20264ebce3c337caef3d507f2f9fe5f020cb43747dfd3f,2021-05,Durham Constabulary,Durham Constabulary,-1.638508,54.746923,On or near Clover Laid,E01020686,County Durham 038B,Violence and sexual offences,Offender given a caution,
7213a0ecafba10a9bd6da8ca103575143f7e44bd8f3f6d7abd06fc19be350d9b,2021-05,Durham Constabulary,Durham Constabulary,-1.633935,54.752795,On or near Red Firs,E01020686,County Durham 038B,Violence and sexual offences,Unable to prosecute suspect,
68f50f107eb3f27a24ee0ec658a6c1e19e4335f30daa2394ca17fd2d20bf8237,2021-05,Durham Constabulary,Durham Constabulary,-1.633035,54.750977,On or near Silver Courts,E01020686,County Durham 038B,Violence and sexual offences,Unable to prosecute suspect,
da0bebc32e1769f1d8031b134473d52faaa080078828643249335128359987bf,2021-05,Durham Constabulary,Durham Constabulary,-1.628811,54.752438,On or near Carr Avenue,E01020686,County Durham 038B,Violence and sexual offences,Unable to prosecute suspect,
b82bff234a7a12d77d843ae0455c8b976078ec7e9a6a0cffcacf4081797775a8,2021-05,Durham Constabulary,Durham Constabulary,-1.628811,54.752438,On or near Carr Avenue,E01020686,County Durham 038B,Other crime,Unable to prosecute suspect,
,2021-05,Durham Constabulary,Durham Constabulary,-1.644577,54.745763,On or near Camberley Drive,E01020687,County Durham 038C,Anti-social behaviour,,
,2021-05,Durham Constabulary,Durham Constabulary,-1.645677,54.747852,On or near Brancepeth View,E01020687,County Durham 038C,Anti-social behaviour,,
,2021-05,Durham Constabulary,Durham Constabulary,-1.643034,54.746352,On or near Murrayfield Drive,E01020687,County Durham 038C,Anti-social behaviour,,
d42a5c8bc797c9b6efb3ab7b4c8a694f12a90598db2e5deb61688fd4fefc8428,2021-05,Durham Constabulary,Durham Constabulary,-1.638086,54.748988,On or near Bell Meadow,E01020687,County Durham 038C,Criminal damage and arson,Local resolution,
b02ffe2a7d142573e6754c81b7f32cb5f77b0b4e87c69395bde7c3479e7003b7,2021-05,Durham Constabulary,Durham Constabulary,-1.644739,54.746788,On or near Ashbrook Close,E01020687,County Durham 038C,Public order,Unable to prosecute suspect,
143ed2b79e982ce8909305a91385999ec7cce900befb4465ef62126381f2802a,2021-05,Durham Constabulary,Durham Constabulary,-1.644739,54.746788,On or near Ashbrook Close,E01020687,County Durham 038C,Violence and sexual offences,Unable to prosecute suspect,
401dae0e60d6172f6cdc6e8dbd335a927d63cbaf8364369dafae90fbdaf37035,2021-05,Durham Constabulary,Durham Constabulary,-1.646275,54.746973,On or near Forest View,E01020687,County Durham 038C,Violence and sexual offences,Unable to prosecute suspect,
04beafc666140029ba5c0d0a503f0a9de1fde30eba3e4767be41115f9a20aeb3,2021-05,Durham Constabulary,Durham Constabulary,-1.643017,54.744752,On or near Alfreton Close,E01020687,County Durham 038C,Violence and sexual offences,Investigation complete; no suspect identified,
d01b9c2ea18f0e8a39365a6cbd04e16ea2a96a05eb1014786102a8708195e6d0,2021-05,Durham Constabulary,Durham Constabulary,-1.641084,54.745573,On or near Cavendish Court,E01020687,County Durham 038C,Violence and sexual offences,Unable to prosecute suspect,
c5fa15e7ce8acf2b4ca3ccc26fc59ac405406e09a3e8057929af1bc80a0ed26c,2021-05,Durham Constabulary,Durham Constabulary,-1.644739,54.746788,On or near Ashbrook Close,E01020687,County Durham 038C,Other crime,Unable to prosecute suspect,
,2021-05,Durham Constabulary,Durham Constabulary,-1.641872,54.756602,On or near North End,E01020688,County Durham 038D,Anti-social behaviour,,
,2021-05,Durham Constabulary,Durham Constabulary,-1.633655,54.754511,On or near Midhill Close,E01020688,County Durham 038D,Anti-social behaviour,,
,2021-05,Durham Constabulary,Durham Constabulary,-1.645714,54.749020,On or near Maple Court,E01020688,County Durham 038D,Anti-social behaviour,,
,2021-05,Durham Constabulary,Durham Constabulary,-1.638419,54.751721,On or near Dove Close,E01020688,County Durham 038D,Anti-social behaviour,,
bb52ad36e275631f5ea9fb88437e9f26b6606bc69f9836243e4875eef46bae0f,2021-05,Durham Constabulary,Durham Constabulary,-1.634624,54.755646,On or near Deerness Heights,E01020688,County Durham 038D,Criminal damage and arson,Investigation complete; no suspect identified,
0d28c004297f19d8f9ff354f0db90055acccb85ff4cbff46518142abe7aba360,2021-05,Durham Constabulary,Durham Constabulary,-1.633655,54.754511,On or near Midhill Close,E01020688,County Durham 038D,Criminal damage and arson,Investigation complete; no suspect identified,
ab193a9c788dbf4314dd50afa768e56005bf65fc3fc9ecd767aad63961760b62,2021-05,Durham Constabulary,Durham Constabulary,-1.633655,54.754511,On or near Midhill Close,E01020688,County Durham 038D,Criminal damage and arson,Investigation complete; no suspect identified,
78ee7ed94006e8d18a4ad1d7cdd24782f62cd7e7d17eb2d4112bfba3bb0b7cf5,2021-05,Durham Constabulary,Durham Constabulary,-1.633655,54.754511,On or near Midhill Close,E01020688,County Durham 038D,Violence and sexual offences,Unable to prosecute suspect,
c66706af1cdb4a0f6ba85d624c9a24b6272231cd10d4052ddb379b910096d8e6,2021-05,Durham Constabulary,Durham Constabulary,-1.645714,54.749020,On or near Maple Court,E01020688,County Durham 038D,Violence and sexual offences,Local resolution,
dcfaae3bb112e72d608fff01c8b651cb846061da971c828bfc9f4c5ac8539353,2021-05,Durham Constabulary,Durham Constabulary,-1.634624,54.755646,On or near Deerness Heights,E01020688,County Durham 038D,Violence and sexual offences,Unable to prosecute suspect,
4e19729596f0419dcde4a3be8f4b8d36b7b28c57545fd7df5f56b20675b22fdc,2021-05,Durham Constabulary,Durham Constabulary,-1.645714,54.749020,On or near Maple Court,E01020688,County Durham 038D,Violence and sexual offences,Formal action is not in the public interest,
48d4e1ff7a108f708cb504ebc33a7a36ac99fdb0e895ca8b7a15425bd61ff925,2021-05,Durham Constabulary,Durham Constabulary,-1.645714,54.749020,On or near Maple Court,E01020688,County Durham 038D,Violence and sexual offences,Unable to prosecute suspect,
47b0935343297001ead26fad616a3602e8e24219501554b831109d4bcf3157e5,2021-05,Durham Constabulary,Durham Constabulary,-1.637925,54.753149,On or near Pine Lea,E01020688,County Durham 038D,Violence and sexual offences,Action to be taken by another organisation,
90279dd03a50a83a73de6cd31f309c32a5e6ffcf2582fcaf208fb8065316ae2b,2021-05,Durham Constabulary,Durham Constabulary,-1.637925,54.753149,On or near Pine Lea,E01020688,County Durham 038D,Violence and sexual offences,Further investigation is not in the public interest,
,2021-05,Durham Constabulary,Durham Constabulary,-1.624863,54.757692,On or near Stack Garth,E01020689,County Durham 038E,Anti-social behaviour,,
,2021-05,Durham Constabulary,Durham Constabulary,-1.621886,54.756964,On or near Hemmel Courts,E01020689,County Durham 038E,Anti-social behaviour,,
,2021-05,Durham Constabulary,Durham Constabulary,-1.626930,54.750851,On or near Station Avenue,E01020689,County Durham 038E,Anti-social behaviour,,
,2021-05,Durham Constabulary,Durham Constabulary,-1.621886,54.756964,On or near Hemmel Courts,E01020689,County Durham 038E,Anti-social behaviour,,
,2021-05,Durham Constabulary,Durham Constabulary,-1.624863,54.757692,On or near Stack Garth,E01020689,County Durham 038E,Anti-social behaviour,,
cdb0c50e6454e49b5124418ea6338cb16bc2400ab506c87858823fb590ea6417,2021-05,Durham Constabulary,Durham Constabulary,-1.630131,54.754168,On or near Holly Park,E01020689,County Durham 038E,Criminal damage and arson,Investigation complete; no suspect identified,
8d87cbc517e281995636ce79311b66c82c51da23b21ab5649a8b2a1ae4b746f3,2021-05,Durham Constabulary,Durham Constabulary,-1.630131,54.754168,On or near Holly Park,E01020689,County Durham 038E,Criminal damage and arson,Unable to prosecute suspect,
fe051d67a3ab34f2e41844cce4667bd1f616c764d6a951f35a1a665d77824ead,2021-05,Durham Constabulary,Durham Constabulary,-1.630131,54.754168,On or near Holly Park,E01020689,County Durham 038E,Criminal damage and arson,Investigation complete; no suspect identified,
1300d86fe6c86d6fb881fda41928be749752c396b93ac54e42b0729133f2d281,2021-05,Durham Constabulary,Durham Constabulary,-1.630131,54.754168,On or near Holly Park,E01020689,County Durham 038E,Criminal damage and arson,Investigation complete; no suspect identified,
77f98addd03bc97e0faa888702549c0cdc2007afbb0cbe660ce6f5c587cde74a,2021-05,Durham Constabulary,Durham Constabulary,-1.630131,54.754168,On or near Holly Park,E01020689,County Durham 038E,Criminal damage and arson,Investigation complete; no suspect identified,
3521f370a2c50ab59d3eb35d003df9c6a7db831a34d2a3b82a5314bc7e787201,2021-05,Durham Constabulary,Durham Constabulary,-1.629254,54.756690,On or near Sports/Recreation Area,E01020689,County Durham 038E,Public order,Court result unavailable,
d2c583fd1e04d7ce444ada606c584794a58c2b80adb44b50fd21596d3f763095,2021-05,Durham Constabulary,Durham Constabulary,-1.630131,54.754168,On or near Holly Park,E01020689,County Durham 038E,Violence and sexual offences,Unable to prosecute suspect,
fd61715528bd27b1726f27a673c734dc2b337b5a5804be35b5e4d34d9c933c6f,2021-05,Durham Constabulary,Durham Constabulary,-1.623478,54.756223,On or near Tiree Close,E01020689,County Durham 038E,Violence and sexual offences,Unable to prosecute suspect,
,2021-05,Durham Constabulary,Durham Constabulary,-1.269419,54.732060,On or near Fillpoke Lane,E01020736,County Durham 039A,Anti-social behaviour,,
,2021-05,Durham Constabulary,Durham Constabulary,-1.253357,54.728089,On or near Parking Area,E01020736,County Durham 039A,Anti-social behaviour,,
,2021-05,Durham Constabulary,Durham Constabulary,-1.271967,54.739804,On or near Warnbrook Crescent,E01020736,County Durham 039A,Anti-social behaviour,,
,2021-05,Durham Constabulary,Durham Constabulary,-1.253357,54.728089,On or near Parking Area,E01020736,County Durham 039A,Anti-social behaviour,,
,2021-05,Durham Constabulary,Durham Constabulary,-1.253357,54.728089,On or near Parking Area,E01020736,County Durham 039A,Anti-social behaviour,,
,2021-05,Durham Constabulary,Durham Constabulary,-1.279137,54.740135,On or near Ocean View,E01020736,County Durham 039A,Anti-social behaviour,,
,2021-05,Durham Constabulary,Durham Constabulary,-1.253357,54.728089,On or near Parking Area,E01020736,County Durham 039A,Anti-social behaviour,,
,2021-05,Durham Constabulary,Durham Constabulary,-1.273600,54.740569,On or near The Sidings,E01020736,County Durham 039A,Anti-social behaviour,,
ac067e6708ee11b3b39dc306f681db132c5899128300cafd2167e65f4fa7760c,2021-05,Durham Constabulary,Durham Constabulary,-1.253357,54.728089,On or near Parking Area,E01020736,County Durham 039A,Criminal damage and arson,Investigation complete; no suspect identified,
16dae4ee8c6830c3f391db363a2d39bcef7193c0051806477cf13a0d1d061507,2021-05,Durham Constabulary,Durham Constabulary,-1.276992,54.739394,On or near Attlee Avenue,E01020736,County Durham 039A,Criminal damage and arson,Unable to prosecute suspect,
4b3cc2aea1f3cdd9c6b7afa3648811a6016094e275b48f07b51d21b43a64b834,2021-05,Durham Constabulary,Durham Constabulary,-1.253357,54.728089,On or near Parking Area,E01020736,County Durham 039A,Other theft,Investigation complete; no suspect identified,
68b07b080213a0b47d2d2ffb196a264781a4c24da1d084e584fe5af45465276b,2021-05,Durham Constabulary,Durham Constabulary,-1.278603,54.739583,On or near Marine Crescent,E01020736,County Durham 039A,Public order,Unable to prosecute suspect,
905e01cc38e9c112effbeee80d2c40295506ce7d68b6181849137253ecbcc001,2021-05,Durham Constabulary,Durham Constabulary,-1.278603,54.739583,On or near Marine Crescent,E01020736,County Durham 039A,Violence and sexual offences,Unable to prosecute suspect,
62a787db9f825d228b705a538da9013e69b6eb67ba6159b5b39fd472f77310d4,2021-05,Durham Constabulary,Durham Constabulary,-1.271967,54.739804,On or near Warnbrook Crescent,E01020736,County Durham 039A,Violence and sexual offences,Unable to prosecute suspect,
30ed0efa7b36f05911a8be62b16b8a9ff93c165fff22fd81e7223de7f555741a,2021-05,Durham Constabulary,Durham Constabulary,-1.276992,54.739394,On or near Attlee Avenue,E01020736,County Durham 039A,Violence and sexual offences,Unable to prosecute suspect,
0afb807147f7bfcc2b0d24b0bdaa28304363ad9a25904d66085cca19e42f2abb,2021-05,Durham Constabulary,Durham Constabulary,-1.276772,54.740363,On or near Sea View,E01020736,County Durham 039A,Violence and sexual offences,Unable to prosecute suspect,
91fadcf7296eea27eb571afa150b3d9d04e7679e3e16a0d5c031713e51dabb97,2021-05,Durham Constabulary,Durham Constabulary,-1.276772,54.740363,On or near Sea View,E01020736,County Durham 039A,Violence and sexual offences,Offender given a caution,
149e17f200e36746d497e5ccd190852284381e0f90ac6ba3b34a837dadeef079,2021-05,Durham Constabulary,Durham Constabulary,-1.253357,54.728089,On or near Parking Area,E01020736,County Durham 039A,Violence and sexual offences,Unable to prosecute suspect,
3adfb230604943a74568aa7288dbc5798e80155dac4b846fa905bafae937004f,2021-05,Durham Constabulary,Durham Constabulary,-1.273600,54.740569,On or near The Sidings,E01020736,County Durham 039A,Other crime,Court result unavailable,
,2021-05,Durham Constabulary,Durham Constabulary,-1.295931,54.744457,On or near Hesleden Road,E01020737,County Durham 039B,Anti-social behaviour,,
,2021-05,Durham Constabulary,Durham Constabulary,-1.289662,54.749390,On or near East Street,E01020737,County Durham 039B,Anti-social behaviour,,
,2021-05,Durham Constabulary,Durham Constabulary,-1.289662,54.749390,On or near East Street,E01020737,County Durham 039B,Anti-social behaviour,,
e7cb0ff2ae8262f5d006cbd739400e097d7fee9ef535a403cb116bf1442d6285,2021-05,Durham Constabulary,Durham Constabulary,-1.297628,54.753166,On or near Shaftesbury Road,E01020737,County Durham 039B,Burglary,Unable to prosecute suspect,
6bd5ca8db239f73dbd1ac9dbfdf59567a07873fe0fb48da4852b24619cb88650,2021-05,Durham Constabulary,Durham Constabulary,-1.292922,54.746830,On or near North Street,E01020737,County Durham 039B,Public order,Further action is not in the public interest,
705600ff192fed97be8739d41b50f63b8c46e29b6e086940f1e4fb83e5a3e231,2021-05,Durham Constabulary,Durham Constabulary,-1.297628,54.753166,On or near Shaftesbury Road,E01020737,County Durham 039B,Vehicle crime,Unable to prosecute suspect,
479b161ad8f2c07c4e9884ff3844b0a6850c099f8d1be5ff8754113ff9585847,2021-05,Durham Constabulary,Durham Constabulary,-1.292280,54.745334,On or near Laidler Close,E01020737,County Durham 039B,Violence and sexual offences,Unable to prosecute suspect,
062f14e4abb557b254b306e9254d40be3e634359880db8d86bf6e352fd3791d8,2021-05,Durham Constabulary,Durham Constabulary,-1.294420,54.750011,On or near Eleventh Street,E01020737,County Durham 039B,Violence and sexual offences,Unable to prosecute suspect,
7d9eca88980a5b68f455171ab08459d1191c19be9fa5b2b62e2aeb5b6cc5dc1c,2021-05,Durham Constabulary,Durham Constabulary,-1.294420,54.750011,On or near Eleventh Street,E01020737,County Durham 039B,Violence and sexual offences,Unable to prosecute suspect,
,2021-05,Durham Constabulary,Durham Constabulary,-1.283617,54.744169,On or near Meadow Avenue,E01020738,County Durham 039C,Anti-social behaviour,,
,2021-05,Durham Constabulary,Durham Constabulary,-1.283744,54.744907,On or near Petrol Station,E01020738,County Durham 039C,Anti-social behaviour,,
,2021-05,Durham Constabulary,Durham Constabulary,-1.283617,54.744169,On or near Meadow Avenue,E01020738,County Durham 039C,Anti-social behaviour,,
,2021-05,Durham Constabulary,Durham Constabulary,-1.276741,54.741226,On or near Station Road,E01020738,County Durham 039C,Anti-social behaviour,,
,2021-05,Durham Constabulary,Durham Constabulary,-1.283744,54.744907,On or near Petrol Station,E01020738,County Durham 039C,Anti-social behaviour,,
10c35387316d29d0e80497c223635c6c1613a553a897a06cce61d979c5367df3,2021-05,Durham Constabulary,Durham Constabulary,-1.284284,54.746015,On or near Enid Gardens,E01020738,County Durham 039C,Burglary,Investigation complete; no suspect identified,
a8a175e2ec84fc4a06320b9f071bba9131aad3b8f664efa79e5cc8dc1699a1a6,2021-05,Durham Constabulary,Durham Constabulary,-1.283744,54.744907,On or near Petrol Station,E01020738,County Durham 039C,Other theft,Investigation complete; no suspect identified,
f53d42b37b4ff1b116e5e82d76bf8647d58419c1f141ff55edbf59fcee00c7e6,2021-05,Durham Constabulary,Durham Constabulary,-1.283744,54.744907,On or near Petrol Station,E01020738,County Durham 039C,Other theft,Investigation complete; no suspect identified,
1898b945745e56b71cacff8fcfc7f048d30e15eecdaf9ef5e0b5cebaa5b0e80d,2021-05,Durham Constabulary,Durham Constabulary,-1.276741,54.741226,On or near Station Road,E01020738,County Durham 039C,Violence and sexual offences,Unable to prosecute suspect,
b0194c2335b8d67cfb0aa1a523d76ad44edaaf50b482013f996548f10bfc1429,2021-05,Durham Constabulary,Durham Constabulary,-1.283744,54.744907,On or near Petrol Station,E01020738,County Durham 039C,Violence and sexual offences,Investigation complete; no suspect identified,
484c6648ec432a2f85fc4005b78ae1bcd278551cb2c5d3308d640b28e3100b68,2021-05,Durham Constabulary,Durham Constabulary,-1.283617,54.744169,On or near Meadow Avenue,E01020738,County Durham 039C,Violence and sexual offences,Investigation complete; no suspect identified,
,2021-05,Durham Constabulary,Durham Constabulary,-1.290599,54.749081,On or near Sixth Street,E01020739,County Durham 039D,Anti-social behaviour,,
,2021-05,Durham Constabulary,Durham Constabulary,-1.291831,54.749726,On or near Eighth Street,E01020739,County Durham 039D,Anti-social behaviour,,
,2021-05,Durham Constabulary,Durham Constabulary,-1.289048,54.748075,On or near Third Street,E01020739,County Durham 039D,Anti-social behaviour,,
,2021-05,Durham Constabulary,Durham Constabulary,-1.289048,54.748075,On or near Third Street,E01020739,County Durham 039D,Anti-social behaviour,,
,2021-05,Durham Constabulary,Durham Constabulary,-1.291521,54.748763,On or near Middle Street,E01020739,County Durham 039D,Anti-social behaviour,,
,2021-05,Durham Constabulary,Durham Constabulary,-1.288321,54.747908,On or near Second Street,E01020739,County Durham 039D,Anti-social behaviour,,
,2021-05,Durham Constabulary,Durham Constabulary,-1.289048,54.748075,On or near Third Street,E01020739,County Durham 039D,Anti-social behaviour,,
ed1747ecccee737477b597d51c2261ce1474acbd9d625f2b6d80a80ec065c520,2021-05,Durham Constabulary,Durham Constabulary,-1.289430,54.748445,On or near Fourth Street,E01020739,County Durham 039D,Burglary,Investigation complete; no suspect identified,
ca3f2aaad72fb7a4512da705e88799799192efaa0300cba0f036cffdf6e591f9,2021-05,Durham Constabulary,Durham Constabulary,-1.288321,54.747908,On or near Second Street,E01020739,County Durham 039D,Criminal damage and arson,Investigation complete; no suspect identified,
fefdc37c48346cdfa28bdc8eba45a0d9d2b09d9d55a6c563b4c70ee9cc5ffeb7,2021-05,Durham Constabulary,Durham Constabulary,-1.289016,54.747257,On or near Supermarket,E01020739,County Durham 039D,Criminal damage and arson,Investigation complete; no suspect identified,
ac1e932c83ac1f3d53c41dd7c1f2f8786e7472260cafb3e4a9d48229b80bdf10,2021-05,Durham Constabulary,Durham Constabulary,-1.291521,54.748763,On or near Middle Street,E01020739,County Durham 039D,Criminal damage and arson,Unable to prosecute suspect,
2cf1ec448f94ef523d94a45e53bc17420b908f074dafbf8a8edfe46cdabfe428,2021-05,Durham Constabulary,Durham Constabulary,-1.291521,54.748763,On or near Middle Street,E01020739,County Durham 039D,Criminal damage and arson,Unable to prosecute suspect,
a10ac61a5dcdcda341a8cea9b2db0990715036cf539d01bfc173d4b99782d1de,2021-05,Durham Constabulary,Durham Constabulary,-1.293838,54.747788,On or near West Street,E01020739,County Durham 039D,Drugs,Further action is not in the public interest,
34cdbceb2498d0ca2474a05ec99c95cdee08fd397d48897a4e7a5d3b3a80fbb4,2021-05,Durham Constabulary,Durham Constabulary,-1.289430,54.748445,On or near Fourth Street,E01020739,County Durham 039D,Other theft,Unable to prosecute suspect,
c83a2d6b163aea347a51f883a369e2c52ab4f81dabe17931ddcd4d3091214bae,2021-05,Durham Constabulary,Durham Constabulary,-1.290359,54.745943,On or near Bluebell Close,E01020739,County Durham 039D,Public order,Investigation complete; no suspect identified,
097ca4dfd03e8b7ffd2d06eaf51c386a32745c6f56ef3108f7746b0b262fe4ed,2021-05,Durham Constabulary,Durham Constabulary,-1.291521,54.748763,On or near Middle Street,E01020739,County Durham 039D,Shoplifting,Investigation complete; no suspect identified,
8e9760926e76168a4df3b66003b5048ce8b71aaa56cb47ce33d0060dfc614bdc,2021-05,Durham Constabulary,Durham Constabulary,-1.293297,54.749411,On or near Ninth Street,E01020739,County Durham 039D,Shoplifting,Investigation complete; no suspect identified,
15a2fbae0368f21346386a87282ba9b3ba044afabc29f0ad6c78519e6f2d590d,2021-05,Durham Constabulary,Durham Constabulary,-1.291521,54.748763,On or near Middle Street,E01020739,County Durham 039D,Shoplifting,Investigation complete; no suspect identified,
2d057b53c4f637d8d9115b2a3cccca7ffa97c78ac27d6d57b254fb2156b50351,2021-05,Durham Constabulary,Durham Constabulary,-1.291521,54.748763,On or near Middle Street,E01020739,County Durham 039D,Shoplifting,Unable to prosecute suspect,
2a529356dc868ad401bff23c491b54e651b8d9db347885a3203fdd6693e4e0b0,2021-05,Durham Constabulary,Durham Constabulary,-1.291521,54.748763,On or near Middle Street,E01020739,County Durham 039D,Shoplifting,Investigation complete; no suspect identified,
1187d64e131221e36a9cc16886088f32eb93f8b25e4da4e7bf60ec89437f1244,2021-05,Durham Constabulary,Durham Constabulary,-1.291521,54.748763,On or near Middle Street,E01020739,County Durham 039D,Shoplifting,Investigation complete; no suspect identified,
a81445c6b59739c5d284119b13c58c00d8aae38aaf4cfec6794b211cb2b77e1d,2021-05,Durham Constabulary,Durham Constabulary,-1.288602,54.745160,On or near Orchid Court,E01020739,County Durham 039D,Violence and sexual offences,Unable to prosecute suspect,
51b27c80dc3d3a855557561a0e5bdd9cf555e123e14ae998eb69a16046968209,2021-05,Durham Constabulary,Durham Constabulary,-1.291521,54.748763,On or near Middle Street,E01020739,County Durham 039D,Violence and sexual offences,Unable to prosecute suspect,
8eda139dffa2980d11835a7b7056fad8bbac17a43979bdb02e4700b16c0910a2,2021-05,Durham Constabulary,Durham Constabulary,-1.289430,54.748445,On or near Fourth Street,E01020739,County Durham 039D,Violence and sexual offences,Investigation complete; no suspect identified,
8c54dc29cf3b779ed0edc04f92a0dbe68977478380568a5a868f0b985f9efc20,2021-05,Durham Constabulary,Durham Constabulary,-1.289430,54.748445,On or near Fourth Street,E01020739,County Durham 039D,Violence and sexual offences,Unable to prosecute suspect,
cf05d5725db8542bd57132ceead73a4d791dc1d9c718db7c73df181e68c53d29,2021-05,Durham Constabulary,Durham Constabulary,-1.291261,54.749471,On or near Seventh Street,E01020739,County Durham 039D,Violence and sexual offences,Unable to prosecute suspect,
,2021-05,Durham Constabulary,Durham Constabulary,-1.318398,54.756178,On or near Eastfield,E01020744,County Durham 039E,Anti-social behaviour,,
5e21d63a74e53c824d53d5740ae62976890dd47648a3b3fe0f1e4cfd3cd551f8,2021-05,Durham Constabulary,Durham Constabulary,-1.325141,54.756216,On or near Heath Close,E01020744,County Durham 039E,Criminal damage and arson,Investigation complete; no suspect identified,
884d66db899f04bbbfa316332d4abdb73e9503a52226e2bc587fe372e24d6ef1,2021-05,Durham Constabulary,Durham Constabulary,-1.305067,54.757001,On or near Coast Road,E01020744,County Durham 039E,Public order,Unable to prosecute suspect,
98ecfc19e9031fc2d8387cb7105397c28502e17214f0845ef0f1615de91bce9f,2021-05,Durham Constabulary,Durham Constabulary,-1.323239,54.754705,On or near Chilton Garth,E01020744,County Durham 039E,Public order,Investigation complete; no suspect identified,
8c6f6c47b1cfda4a10066590126c1ce45aa6968c264d50dc6244a49ac8a19344,2021-05,Durham Constabulary,Durham Constabulary,-1.323239,54.754705,On or near Chilton Garth,E01020744,County Durham 039E,Violence and sexual offences,Unable to prosecute suspect,
b81b6b513e7f48ad37a5267e911f817bb3e425206c62873674992e7920870d88,2021-05,Durham Constabulary,Durham Constabulary,-1.318398,54.756178,On or near Eastfield,E01020744,County Durham 039E,Violence and sexual offences,Unable to prosecute suspect,
3737631adc692f8ea608869c7497e3f4fa2bf1768573046752c7e2b3f64f40e0,2021-05,Durham Constabulary,Durham Constabulary,-1.318398,54.756178,On or near Eastfield,E01020744,County Durham 039E,Other crime,Investigation complete; no suspect identified,
,2021-05,Durham Constabulary,Durham Constabulary,-1.414154,54.745912,On or near Stephen'S Terrace,E01020788,County Durham 040A,Anti-social behaviour,,
,2021-05,Durham Constabulary,Durham Constabulary,-1.415253,54.746232,On or near Dennis Street,E01020788,County Durham 040A,Anti-social behaviour,,
,2021-05,Durham Constabulary,Durham Constabulary,-1.415253,54.746232,On or near Dennis Street,E01020788,County Durham 040A,Anti-social behaviour,,
,2021-05,Durham Constabulary,Durham Constabulary,-1.418927,54.745684,On or near First Street,E01020788,County Durham 040A,Anti-social behaviour,,
,2021-05,Durham Constabulary,Durham Constabulary,-1.415253,54.746232,On or near Dennis Street,E01020788,County Durham 040A,Anti-social behaviour,,
,2021-05,Durham Constabulary,Durham Constabulary,-1.417734,54.745444,On or near Thornley Road,E01020788,County Durham 040A,Anti-social behaviour,,
18038f94972721b9e8ee1a8acd4fc0f846e163070ac0ad1bec3ef4e69a23ab0d,2021-05,Durham Constabulary,Durham Constabulary,-1.408372,54.748257,On or near Greenwood Close,E01020788,County Durham 040A,Burglary,Investigation complete; no suspect identified,
0bc94c95d770ee7e3749a3cb50ed747de4787b9a5297de004c5b6d062688ff98,2021-05,Durham Constabulary,Durham Constabulary,-1.389289,54.750714,On or near Salter'S Lane,E01020788,County Durham 040A,Burglary,Unable to prosecute suspect,
c929016e6d5eb812d33fdee9338efb42d877bb37008d208fb0fe53ce853f8b10,2021-05,Durham Constabulary,Durham Constabulary,-1.414694,54.746175,On or near Front Street,E01020788,County Durham 040A,Criminal damage and arson,Investigation complete; no suspect identified,
d1c82ef2efba2d06243b51aa2e227c1a2b585a20f1becab1a02adb3841d5941b,2021-05,Durham Constabulary,Durham Constabulary,-1.415799,54.746064,On or near Percy Street,E01020788,County Durham 040A,Criminal damage and arson,Investigation complete; no suspect identified,
ef8ea9276c87f9489fbde74cec5796cc89f43b5ddffbfdd0624ec0e4c0295e99,2021-05,Durham Constabulary,Durham Constabulary,-1.415253,54.746232,On or near Dennis Street,E01020788,County Durham 040A,Criminal damage and arson,Investigation complete; no suspect identified,
60ce2deeabb3a51af180836be6a871b5b78aa64a8dfdf7137980a2b8b7df623b,2021-05,Durham Constabulary,Durham Constabulary,-1.389289,54.750714,On or near Salter'S Lane,E01020788,County Durham 040A,Criminal damage and arson,Investigation complete; no suspect identified,
5fd585a5b2e1f54d5e77ea37ef76ffb5147b3a8765b1c4dc35c1659af5ef1b10,2021-05,Durham Constabulary,Durham Constabulary,-1.416491,54.744378,On or near Woodlands Avenue,E01020788,County Durham 040A,Criminal damage and arson,Investigation complete; no suspect identified,
3a729b87cefb806f962e40ea05d000d43339fb5453c28fc139ba5c8a688c8dde,2021-05,Durham Constabulary,Durham Constabulary,-1.418927,54.745684,On or near First Street,E01020788,County Durham 040A,Criminal damage and arson,Investigation complete; no suspect identified,
b54b65fdacc8c54e89023033bf9d2e7da1dcb865fcad4bf40bd654e7e4b0a9ef,2021-05,Durham Constabulary,Durham Constabulary,-1.415253,54.746232,On or near Dennis Street,E01020788,County Durham 040A,Criminal damage and arson,Unable to prosecute suspect,
25d38f8d1ccc884b202f6700b8041152d0fa36c759aa0484cdde046b01a8e8e6,2021-05,Durham Constabulary,Durham Constabulary,-1.417734,54.745444,On or near Thornley Road,E01020788,County Durham 040A,Criminal damage and arson,Investigation complete; no suspect identified,
725e63826d51997544e5a5a9c84e98909e0dcad4c0deae96dc7e5a7c4e83f3a4,2021-05,Durham Constabulary,Durham Constabulary,-1.415799,54.746064,On or near Percy Street,E01020788,County Durham 040A,Criminal damage and arson,Investigation complete; no suspect identified,
6aa590a8c77220e6d15ca851ffcdc3eebdba9f9fb588898e4baad642d57b3293,2021-05,Durham Constabulary,Durham Constabulary,-1.389289,54.750714,On or near Salter'S Lane,E01020788,County Durham 040A,Other theft,Investigation complete; no suspect identified,
6e485a3d5abc617ac0ae9630a7866a639298f2e9aa1adf084c30a420b299672c,2021-05,Durham Constabulary,Durham Constabulary,-1.415799,54.746064,On or near Percy Street,E01020788,County Durham 040A,Other theft,Unable to prosecute suspect,
0779bb8106508ac74642f9abbaee1ecaa1312e4a59c16fbdcc03726c70e0bdcb,2021-05,Durham Constabulary,Durham Constabulary,-1.415253,54.746232,On or near Dennis Street,E01020788,County Durham 040A,Public order,Investigation complete; no suspect identified,
97ffad865de54c535bfbeedfd1698e26ea2036e29713d82e873910aae54ca094,2021-05,Durham Constabulary,Durham Constabulary,-1.418927,54.745684,On or near First Street,E01020788,County Durham 040A,Shoplifting,Court result unavailable,
34a41db886539503f9ef0842167618fb4415b53579c38c8f7782e90ed5b2507b,2021-05,Durham Constabulary,Durham Constabulary,-1.415799,54.746064,On or near Percy Street,E01020788,County Durham 040A,Vehicle crime,Investigation complete; no suspect identified,
ae8cdd87d32bf97ef272b548180a8e7e3d38d37f3abf7c802379485b06a87445,2021-05,Durham Constabulary,Durham Constabulary,-1.417841,54.742326,On or near Shakespeare Street,E01020788,County Durham 040A,Vehicle crime,Investigation complete; no suspect identified,
8801a6774136e22e6a3b276decec0d0cf90b93211f99db2dfa7e9499c57c1a9f,2021-05,Durham Constabulary,Durham Constabulary,-1.389289,54.750714,On or near Salter'S Lane,E01020788,County Durham 040A,Violence and sexual offences,Unable to prosecute suspect,
2aaa0b5b19ac7e84815f732fe77bac6e2f8cfa5f9fa2d9f3a55847108ca1c076,2021-05,Durham Constabulary,Durham Constabulary,-1.415253,54.746232,On or near Dennis Street,E01020788,County Durham 040A,Violence and sexual offences,Unable to prosecute suspect,
0f1223f60030c25d91626f88c3fc39438ab98496f7f08a836b981f14fc5e196e,2021-05,Durham Constabulary,Durham Constabulary,-1.417734,54.745444,On or near Thornley Road,E01020788,County Durham 040A,Violence and sexual offences,Awaiting court outcome,
52759648be84ba494fdc3f45f4df5d78063576d50f6ab45e82792b2ccb977482,2021-05,Durham Constabulary,Durham Constabulary,-1.389289,54.750714,On or near Salter'S Lane,E01020788,County Durham 040A,Violence and sexual offences,Unable to prosecute suspect,
af3985171f0a37cebec8eea231959d4e7d76e58afe936ac8d08c638e589782ff,2021-05,Durham Constabulary,Durham Constabulary,-1.408331,54.746855,On or near Weardale Park,E01020788,County Durham 040A,Violence and sexual offences,Unable to prosecute suspect,
cb4fa04f57a83b062ba9a856c9434147cd8d3cfc2ae7db919817f349bb38fc0f,2021-05,Durham Constabulary,Durham Constabulary,-1.389289,54.750714,On or near Salter'S Lane,E01020788,County Durham 040A,Other crime,Unable to prosecute suspect,
,2021-05,Durham Constabulary,Durham Constabulary,-1.441063,54.749050,On or near Saint Chad Square,E01020789,County Durham 040B,Anti-social behaviour,,
,2021-05,Durham Constabulary,Durham Constabulary,-1.446804,54.748483,On or near Dunelm Road,E01020789,County Durham 040B,Anti-social behaviour,,
,2021-05,Durham Constabulary,Durham Constabulary,-1.446804,54.748483,On or near Dunelm Road,E01020789,County Durham 040B,Anti-social behaviour,,
,2021-05,Durham Constabulary,Durham Constabulary,-1.437753,54.749142,On or near Ashwood Grange,E01020789,County Durham 040B,Anti-social behaviour,,
,2021-05,Durham Constabulary,Durham Constabulary,-1.428991,54.750207,On or near Percy Street,E01020789,County Durham 040B,Anti-social behaviour,,
,2021-05,Durham Constabulary,Durham Constabulary,-1.444593,54.749983,On or near Ellerby Mews,E01020789,County Durham 040B,Anti-social behaviour,,
9165e9f9314ee5088c6740e1d247381adefea1feb6ff73b3d88da55485f3fde5,2021-05,Durham Constabulary,Durham Constabulary,-1.437753,54.749142,On or near Ashwood Grange,E01020789,County Durham 040B,Burglary,Investigation complete; no suspect identified,
fc5d858e6b73e311da2b1d2b44b365507833bccce93d961d4399a02a1552e463,2021-05,Durham Constabulary,Durham Constabulary,-1.435020,54.749067,On or near Sports/Recreation Area,E01020789,County Durham 040B,Criminal damage and arson,Investigation complete; no suspect identified,
d5659d9aa768143ff1f3974be1411ca7d942cb4306923ddeb941a1d47e91a12b,2021-05,Durham Constabulary,Durham Constabulary,-1.441671,54.747821,On or near St Bede Crescent,E01020789,County Durham 040B,Other theft,Unable to prosecute suspect,
b942906ee2e9867bbd9c7c0ed0bceb967a75076eab7b745ba78fb48c2031eb90,2021-05,Durham Constabulary,Durham Constabulary,-1.441063,54.749050,On or near Saint Chad Square,E01020789,County Durham 040B,Shoplifting,Investigation complete; no suspect identified,
19ec62ff5f60eb2c96e156f505eb732b5bfe4fee9c3cc635267fddffa2075af0,2021-05,Durham Constabulary,Durham Constabulary,-1.446804,54.748483,On or near Dunelm Road,E01020789,County Durham 040B,Violence and sexual offences,Unable to prosecute suspect,
477fe390852a640eacd2cd0a5a67cdb1ac5d5cd7e771c59361299987edefd56d,2021-05,Durham Constabulary,Durham Constabulary,-1.434628,54.737059,On or near B1278,E01020789,County Durham 040B,Violence and sexual offences,Court result unavailable,
d0014feb45555572b7406b528557e4f9026ac215fd85d0c44370ca0cf313748a,2021-05,Durham Constabulary,Durham Constabulary,-1.441063,54.749050,On or near Saint Chad Square,E01020789,County Durham 040B,Violence and sexual offences,Unable to prosecute suspect,
,2021-05,Durham Constabulary,Durham Constabulary,-1.420964,54.744426,On or near Quilstyle Road,E01020790,County Durham 040C,Anti-social behaviour,,
,2021-05,Durham Constabulary,Durham Constabulary,-1.414791,54.738358,On or near Petrol Station,E01020790,County Durham 040C,Anti-social behaviour,,
,2021-05,Durham Constabulary,Durham Constabulary,-1.420057,54.744817,On or near Supermarket,E01020790,County Durham 040C,Anti-social behaviour,,
,2021-05,Durham Constabulary,Durham Constabulary,-1.418099,54.743783,On or near Wordsworth Avenue,E01020790,County Durham 040C,Anti-social behaviour,,
339580adfb01242bc9e2108379328c399bae9dd05f9d995043f334d3746802f3,2021-05,Durham Constabulary,Durham Constabulary,-1.419276,54.738640,On or near Wingate Lane,E01020790,County Durham 040C,Burglary,Investigation complete; no suspect identified,
2be091edc9e682e1edb1a93bbcf7f6c814d390db9b87a763911b564eb6905919,2021-05,Durham Constabulary,Durham Constabulary,-1.420964,54.744426,On or near Quilstyle Road,E01020790,County Durham 040C,Burglary,Investigation complete; no suspect identified,
ec0bcb2d18a607ea692d7482a9e7310a9f182f18e45a581f08b948914bde5f2a,2021-05,Durham Constabulary,Durham Constabulary,-1.418099,54.743783,On or near Wordsworth Avenue,E01020790,County Durham 040C,Criminal damage and arson,Unable to prosecute suspect,
615cae0fc65f8ee55144a64f2ae3bcd038090ea26ed1dfae6a90812b7899b967,2021-05,Durham Constabulary,Durham Constabulary,-1.424190,54.741476,On or near Quetlaw Road,E01020790,County Durham 040C,Criminal damage and arson,Investigation complete; no suspect identified,
a0186b292e97330613f783996e6eca6124ee239ff429214f6633b90af92e12e4,2021-05,Durham Constabulary,Durham Constabulary,-1.414791,54.738358,On or near Petrol Station,E01020790,County Durham 040C,Drugs,Local resolution,
d500b9fca23ee11dae112dc2f92a61e72717f1c54b62f7b0db25505b0ab76d62,2021-05,Durham Constabulary,Durham Constabulary,-1.420057,54.744817,On or near Supermarket,E01020790,County Durham 040C,Public order,Investigation complete; no suspect identified,
baa0b7e0e5a3d5e1bdb81eb87e7bd23c98af800a52e1c01573700b0c7d4be0fa,2021-05,Durham Constabulary,Durham Constabulary,-1.418099,54.743783,On or near Wordsworth Avenue,E01020790,County Durham 040C,Public order,Investigation complete; no suspect identified,
d9f3ef5ff90ca5f213e869e7e1c20e661ff7389857c0b246b069bc5b75f68b49,2021-05,Durham Constabulary,Durham Constabulary,-1.422762,54.738162,On or near Bevan Crescent,E01020790,County Durham 040C,Public order,Unable to prosecute suspect,
2cd185e5e1209444c206f29dd971a91fc34e989a663ebbfb41eca2fa7261caf1,2021-05,Durham Constabulary,Durham Constabulary,-1.420057,54.744817,On or near Supermarket,E01020790,County Durham 040C,Shoplifting,Court result unavailable,
cb2a136c1cd18e410461845b173c45b70761b0362d57a050e6d3a91f9ecdb764,2021-05,Durham Constabulary,Durham Constabulary,-1.420057,54.744817,On or near Supermarket,E01020790,County Durham 040C,Shoplifting,Investigation complete; no suspect identified,
360a2b49234f51e33a7f8cdd368c11bcfadf80a143a245508dc6aa5089b4b426,2021-05,Durham Constabulary,Durham Constabulary,-1.420057,54.744817,On or near Supermarket,E01020790,County Durham 040C,Shoplifting,Unable to prosecute suspect,
9ac0893eb18d3d1a4eade92947bb1cd246ae6ec044e081ab9ae701aa2442642c,2021-05,Durham Constabulary,Durham Constabulary,-1.420057,54.744817,On or near Supermarket,E01020790,County Durham 040C,Shoplifting,Court result unavailable,
5b424487a31ebc7fb722551308950c8ef35f0ecb6674e304e20c0d756272cd33,2021-05,Durham Constabulary,Durham Constabulary,-1.420057,54.744817,On or near Supermarket,E01020790,County Durham 040C,Shoplifting,Further investigation is not in the public interest,
ac8e80ae7a907f488b77a4934eae7688a165e6e92d5b9bae5ebfd1b2cbb5aa39,2021-05,Durham Constabulary,Durham Constabulary,-1.420057,54.744817,On or near Supermarket,E01020790,County Durham 040C,Shoplifting,Investigation complete; no suspect identified,
60a4acb9ea21f824941ecefefb79d03dfd4a7a4534c69139ce3b2936f009e797,2021-05,Durham Constabulary,Durham Constabulary,-1.420057,54.744817,On or near Supermarket,E01020790,County Durham 040C,Shoplifting,Court result unavailable,
276d484a26e9443d297a9c75d97d9252d9373477afcb805dc88ffcdf4765a9fa,2021-05,Durham Constabulary,Durham Constabulary,-1.420057,54.744817,On or near Supermarket,E01020790,County Durham 040C,Violence and sexual offences,Unable to prosecute suspect,
f213a08f58c4d8bdd4675a8b2b30c3d5111887ba7a68c3b3dfd5d7d38e230636,2021-05,Durham Constabulary,Durham Constabulary,-1.418099,54.743783,On or near Wordsworth Avenue,E01020790,County Durham 040C,Violence and sexual offences,Unable to prosecute suspect,
00bff4a69a38829bf983e5ca50731e530f4bd7d1811d251b3677f166f3f93367,2021-05,Durham Constabulary,Durham Constabulary,-1.418099,54.743783,On or near Wordsworth Avenue,E01020790,County Durham 040C,Violence and sexual offences,Investigation complete; no suspect identified,
3272c7d9c5ce2a7ba8b29bbd8d6c7be8a8a80c840481bef2ee4d241af1e346af,2021-05,Durham Constabulary,Durham Constabulary,-1.418099,54.743783,On or near Wordsworth Avenue,E01020790,County Durham 040C,Violence and sexual offences,Unable to prosecute suspect,
5cdf185fa110fa8751f2ab87ed2256ff568193cff85effb38f5ac3b3672a201c,2021-05,Durham Constabulary,Durham Constabulary,-1.420057,54.744817,On or near Supermarket,E01020790,County Durham 040C,Violence and sexual offences,Investigation complete; no suspect identified,
300c6b90151013455d1782b45e5370dc874656a1cdb2a03f36bc01f261be8c81,2021-05,Durham Constabulary,Durham Constabulary,-1.418099,54.743783,On or near Wordsworth Avenue,E01020790,County Durham 040C,Violence and sexual offences,Unable to prosecute suspect,
ed022603d99fd7081a9c45d6c922c2a4d02aa7baca20715a2dfbdaa5b678c971,2021-05,Durham Constabulary,Durham Constabulary,-1.420057,54.744817,On or near Supermarket,E01020790,County Durham 040C,Violence and sexual offences,Unable to prosecute suspect,
f8d2dd96f42e1d6cfebdafe30b5adc519dcaca10332426a6465511678bb1d5fc,2021-05,Durham Constabulary,Durham Constabulary,-1.418099,54.743783,On or near Wordsworth Avenue,E01020790,County Durham 040C,Violence and sexual offences,Investigation complete; no suspect identified,
4bd1c7096494f3b254ffd59ba6ee01683210d8cfb23f055e0d7c7d98462cceb6,2021-05,Durham Constabulary,Durham Constabulary,-1.424190,54.741476,On or near Quetlaw Road,E01020790,County Durham 040C,Violence and sexual offences,Status update unavailable,
5b78b3bebfae55dac978361f1245a5a1cccacfe0ae755d01de1e8da120d55d64,2021-05,Durham Constabulary,Durham Constabulary,-1.414791,54.738358,On or near Petrol Station,E01020790,County Durham 040C,Other crime,Investigation complete; no suspect identified,
,2021-05,Durham Constabulary,Durham Constabulary,-1.436597,54.749613,On or near High Street,E01020791,County Durham 040D,Anti-social behaviour,,
,2021-05,Durham Constabulary,Durham Constabulary,-1.436597,54.749613,On or near High Street,E01020791,County Durham 040D,Anti-social behaviour,,
,2021-05,Durham Constabulary,Durham Constabulary,-1.434341,54.752065,On or near Passfield Square,E01020791,County Durham 040D,Anti-social behaviour,,
,2021-05,Durham Constabulary,Durham Constabulary,-1.433900,54.752530,On or near Cooper'S Terrace,E01020791,County Durham 040D,Anti-social behaviour,,
1dc7875def7d92a58e394cf86973693a0fe3b1a4a9f2b1f075e666eb20832a0a,2021-05,Durham Constabulary,Durham Constabulary,-1.436597,54.749613,On or near High Street,E01020791,County Durham 040D,Criminal damage and arson,Unable to prosecute suspect,
40f842054d0d06869860b9833dfdcdf853791f273729a52b0be2e64319d85f67,2021-05,Durham Constabulary,Durham Constabulary,-1.434708,54.753586,On or near Parking Area,E01020791,County Durham 040D,Criminal damage and arson,Unable to prosecute suspect,
ee7254a0b360854404ae28c7443252c3c537d478bf80410839a82d91984f9100,2021-05,Durham Constabulary,Durham Constabulary,-1.441109,54.750254,On or near Cedar Court,E01020791,County Durham 040D,Drugs,Further investigation is not in the public interest,
2d55fa21286da3b7113b5af2dfbea60a5f0ac6f8057649df4d96df7377df4aad,2021-05,Durham Constabulary,Durham Constabulary,-1.441109,54.750254,On or near Cedar Court,E01020791,County Durham 040D,Other theft,Investigation complete; no suspect identified,
25c302f9cce8e2c0584e36af3568fbb76819ba0c8daad43a4080e0c2cffb0485,2021-05,Durham Constabulary,Durham Constabulary,-1.434708,54.753586,On or near Parking Area,E01020791,County Durham 040D,Violence and sexual offences,Unable to prosecute suspect,
a0d438442e9d0de896c6b29146fff4df0e1fbea302d5abec92d7a891b377e912,2021-05,Durham Constabulary,Durham Constabulary,-1.442470,54.750701,On or near Cottingham Drive,E01020791,County Durham 040D,Violence and sexual offences,Unable to prosecute suspect,
581154d1648c25c900b3acda234da40178c74c530ab506e5c9d7a7fcd92a8e9f,2021-05,Durham Constabulary,Durham Constabulary,-1.436597,54.749613,On or near High Street,E01020791,County Durham 040D,Violence and sexual offences,Investigation complete; no suspect identified,
284b05437a172a68227789bff15894d227b80b1f4f70e26502b2c336e1e30f1d,2021-05,Durham Constabulary,Durham Constabulary,-1.441109,54.750254,On or near Cedar Court,E01020791,County Durham 040D,Other crime,Court result unavailable,
,2021-05,Durham Constabulary,Durham Constabulary,-1.400451,54.719721,On or near Laburnum Square,E01020792,County Durham 040E,Anti-social behaviour,,
,2021-05,Durham Constabulary,Durham Constabulary,-1.412222,54.721657,On or near Station Road,E01020792,County Durham 040E,Anti-social behaviour,,
,2021-05,Durham Constabulary,Durham Constabulary,-1.404838,54.720183,On or near Wingate Road,E01020792,County Durham 040E,Anti-social behaviour,,
,2021-05,Durham Constabulary,Durham Constabulary,-1.414709,54.722487,On or near Sports/Recreation Area,E01020792,County Durham 040E,Anti-social behaviour,,
,2021-05,Durham Constabulary,Durham Constabulary,-1.412524,54.718971,On or near Windsor Street,E01020792,County Durham 040E,Anti-social behaviour,,
,2021-05,Durham Constabulary,Durham Constabulary,-1.414709,54.722487,On or near Sports/Recreation Area,E01020792,County Durham 040E,Anti-social behaviour,,
aa89aec044e9f081e1de363830e82fea726d91ffb1151bb55c0f11cecc81d14d,2021-05,Durham Constabulary,Durham Constabulary,-1.412285,54.718332,On or near Rodwell Street,E01020792,County Durham 040E,Criminal damage and arson,Investigation complete; no suspect identified,
56ec26913cf5b8725d023faeb21854ddd4b9d7415abe3a33f7ecc4b3456eba3b,2021-05,Durham Constabulary,Durham Constabulary,-1.400451,54.719721,On or near Laburnum Square,E01020792,County Durham 040E,Criminal damage and arson,Unable to prosecute suspect,
13ac242f9b626daa7e545cd1b28412f24ceb8c0f59356c56fa130474700e6787,2021-05,Durham Constabulary,Durham Constabulary,-1.408430,54.719742,On or near Cinnamon Drive,E01020792,County Durham 040E,Criminal damage and arson,Offender given a caution,
6d247bb719694414056db36be2f2e6055150522a0f5614506c549318ced8873c,2021-05,Durham Constabulary,Durham Constabulary,-1.404838,54.720183,On or near Wingate Road,E01020792,County Durham 040E,Criminal damage and arson,Investigation complete; no suspect identified,
3f308046760e25d9b3a88e8d7f89f6a0e3179dcba5aba1724d620369df2b5241,2021-05,Durham Constabulary,Durham Constabulary,-1.400451,54.719721,On or near Laburnum Square,E01020792,County Durham 040E,Public order,Unable to prosecute suspect,
e8483cff11e89c625c1a05b5aec7841c40cecf0e21ec5bf643be03ce7e6bfb05,2021-05,Durham Constabulary,Durham Constabulary,-1.400451,54.719721,On or near Laburnum Square,E01020792,County Durham 040E,Vehicle crime,Investigation complete; no suspect identified,
dc238e9a69db33831bea509e4c64c34f960f9c5d08f1dbbf0edc0efe35ed68f2,2021-05,Durham Constabulary,Durham Constabulary,-1.400451,54.719721,On or near Laburnum Square,E01020792,County Durham 040E,Violence and sexual offences,Court result unavailable,
6aa63e837d024b7184c70f85d80af3549a82ae4362c3d6beafffee11387b6b35,2021-05,Durham Constabulary,Durham Constabulary,-1.404838,54.720183,On or near Wingate Road,E01020792,County Durham 040E,Violence and sexual offences,Unable to prosecute suspect,
703278835335d5aac9d21cd4cf4fa0413f47163e918e8db2c84cea0e880f969f,2021-05,Durham Constabulary,Durham Constabulary,-1.404838,54.720183,On or near Wingate Road,E01020792,County Durham 040E,Violence and sexual offences,Unable to prosecute suspect,
786fe6e86c89ef9ee5c429b04ed347c1b28d6e821c5b94e4fc2198d16e966d78,2021-05,Durham Constabulary,Durham Constabulary,-1.408430,54.719742,On or near Cinnamon Drive,E01020792,County Durham 040E,Violence and sexual offences,Further action is not in the public interest,
cb83a90d493488285a31c3dfa7b42451007040dd94ac970a81e731acac0dcfc8,2021-05,Durham Constabulary,Durham Constabulary,-1.404838,54.720183,On or near Wingate Road,E01020792,County Durham 040E,Violence and sexual offences,Action to be taken by another organisation,
0aabe7b0edc157ff1df47071e79545ffe774ff0527de5378eec0a0914d56d2ef,2021-05,Durham Constabulary,Durham Constabulary,-1.408430,54.719742,On or near Cinnamon Drive,E01020792,County Durham 040E,Violence and sexual offences,Offender given a caution,
ed416bb2c1eccab93165d4e98a90c5deb4c28b894963690a55333e7cf06f3ac7,2021-05,Durham Constabulary,Durham Constabulary,-1.412222,54.721657,On or near Station Road,E01020792,County Durham 040E,Violence and sexual offences,Unable to prosecute suspect,
5f25010301fc646eea28d8e45b7380b767ed47cad8768b705305c6156b137d74,2021-05,Durham Constabulary,Durham Constabulary,-1.408430,54.719742,On or near Cinnamon Drive,E01020792,County Durham 040E,Violence and sexual offences,Unable to prosecute suspect,
49ce8a5a311b28b5ac397ee97e76a87d0a977bdaf97a42c9d7e7bcc08888e698,2021-05,Durham Constabulary,Durham Constabulary,-1.412524,54.718971,On or near Windsor Street,E01020792,County Durham 040E,Violence and sexual offences,Unable to prosecute suspect,
,2021-05,Durham Constabulary,Durham Constabulary,-1.523778,54.739544,On or near Supermarket,E01020694,County Durham 041A,Anti-social behaviour,,
,2021-05,Durham Constabulary,Durham Constabulary,-1.530042,54.743163,On or near Dallymore Drive,E01020694,County Durham 041A,Anti-social behaviour,,
,2021-05,Durham Constabulary,Durham Constabulary,-1.523778,54.739544,On or near Supermarket,E01020694,County Durham 041A,Anti-social behaviour,,
,2021-05,Durham Constabulary,Durham Constabulary,-1.530042,54.743163,On or near Dallymore Drive,E01020694,County Durham 041A,Anti-social behaviour,,
db8df43bb9e9cc0b40de1d341bf611153ebaa81f3516c1ec4e378c663caa921c,2021-05,Durham Constabulary,Durham Constabulary,-1.525824,54.739867,On or near Margaret Court,E01020694,County Durham 041A,Public order,Unable to prosecute suspect,
04b66a5d58648f5c0def909076d45c5127ba4cb9ad0d5fbc31642043fc826e7e,2021-05,Durham Constabulary,Durham Constabulary,-1.525281,54.741195,On or near Prince Charles Avenue,E01020694,County Durham 041A,Vehicle crime,Unable to prosecute suspect,
ff3d93e4c34a614df08fa4a06f593af8bee6ad8bc3d64c78a75a53bbc6a98856,2021-05,Durham Constabulary,Durham Constabulary,-1.527599,54.743486,On or near Marlene Avenue,E01020694,County Durham 041A,Vehicle crime,Unable to prosecute suspect,
64bab417b8d86d911ec77cb295c1353109ba7d4e6932e870e14318c7679aa341,2021-05,Durham Constabulary,Durham Constabulary,-1.524497,54.737777,On or near Surtees Avenue,E01020694,County Durham 041A,Violence and sexual offences,Unable to prosecute suspect,
0b462b1374879531ad8e3ec7282e49217a3343409d78819c1bea2fd0ad6c8e87,2021-05,Durham Constabulary,Durham Constabulary,-1.529139,54.741965,On or near A177,E01020694,County Durham 041A,Violence and sexual offences,Unable to prosecute suspect,
6ff5e7844aae67322fe1dca232e0b094ec451718f4cd359eda2224e6f4a57810,2021-05,Durham Constabulary,Durham Constabulary,-1.525824,54.739867,On or near Margaret Court,E01020694,County Durham 041A,Violence and sexual offences,Unable to prosecute suspect,
a914b5456ebb34b924bc1dd731ab74981f519dd64fc7efe034439499ce943332,2021-05,Durham Constabulary,Durham Constabulary,-1.523778,54.739544,On or near Supermarket,E01020694,County Durham 041A,Violence and sexual offences,Unable to prosecute suspect,
a444a0332f5d480aa8c47bff5cdbf5bc4e4ef06c32c619bc0593eb588dd16f76,2021-05,Durham Constabulary,Durham Constabulary,-1.527599,54.743486,On or near Marlene Avenue,E01020694,County Durham 041A,Violence and sexual offences,Unable to prosecute suspect,
277c5349b9241bd34b892e3e059ce40179fba22a4aecee74a0ec43a5abe81d98,2021-05,Durham Constabulary,Durham Constabulary,-1.524497,54.737777,On or near Surtees Avenue,E01020694,County Durham 041A,Violence and sexual offences,Unable to prosecute suspect,
3616834f395a0bab88fb91ce9934bd1de4d3882396a7e53348b03ea4765faa3c,2021-05,Durham Constabulary,Durham Constabulary,-1.524497,54.737777,On or near Surtees Avenue,E01020694,County Durham 041A,Violence and sexual offences,Unable to prosecute suspect,
,2021-05,Durham Constabulary,Durham Constabulary,-1.585785,54.730039,On or near Cross Street,E01020696,County Durham 041B,Anti-social behaviour,,
,2021-05,Durham Constabulary,Durham Constabulary,-1.517863,54.724864,On or near Sports/Recreation Area,E01020696,County Durham 041B,Anti-social behaviour,,
,2021-05,Durham Constabulary,Durham Constabulary,-1.523014,54.727868,On or near Petrol Station,E01020696,County Durham 041B,Anti-social behaviour,,
6c26c79e2eba8925125da524bed4a5a48cef00261ba5276bfa13ea43cb21dfe6,2021-05,Durham Constabulary,Durham Constabulary,-1.563347,54.724191,On or near East Street,E01020696,County Durham 041B,Burglary,Investigation complete; no suspect identified,
6e6278bc8b4e0ccda5adce8e1deaad2a11cc2d09eb4b5d4cdfaa940b663815e2,2021-05,Durham Constabulary,Durham Constabulary,-1.523014,54.727868,On or near Petrol Station,E01020696,County Durham 041B,Criminal damage and arson,Local resolution,
3e25913fbaff79781b154b81f585778e4597d0aa6c7628949475904ac88939be,2021-05,Durham Constabulary,Durham Constabulary,-1.589005,54.723346,On or near Chair Lane,E01020696,County Durham 041B,Criminal damage and arson,Investigation complete; no suspect identified,
3703cc489835be1972a14b9cc59fee8a31ffc431b0bbe808c34a9e098d4b7207,2021-05,Durham Constabulary,Durham Constabulary,-1.585324,54.729588,On or near Rogerson Close,E01020696,County Durham 041B,Criminal damage and arson,Investigation complete; no suspect identified,
3bc45a6a5745346ff1881464a858a989439fb9cb77090d6381b6ee8bcb29f438,2021-05,Durham Constabulary,Durham Constabulary,-1.523014,54.727868,On or near Petrol Station,E01020696,County Durham 041B,Drugs,Offender given a caution,
67abcf8a18e01c3e35eda5ff5bd2cc338ae4ecda2ec6641a7269fcdf4c842799,2021-05,Durham Constabulary,Durham Constabulary,-1.587823,54.725059,On or near Front Street,E01020696,County Durham 041B,Drugs,Court result unavailable,
00fe32eca6f1b7eff3977f0d8b76ddf1fa521f62033874c7fc248b2e6998c925,2021-05,Durham Constabulary,Durham Constabulary,-1.587823,54.725059,On or near Front Street,E01020696,County Durham 041B,Public order,Court result unavailable,
873a510ef015f91091a2f668a970ddb9b5e9d4e5a516319a3cfd5e93e15466d1,2021-05,Durham Constabulary,Durham Constabulary,-1.587823,54.725059,On or near Front Street,E01020696,County Durham 041B,Public order,Court result unavailable,
a74ac356d782a27e1d9b224adf7f72b71d6af22cb7aab9d460bdc2d0cebcf37f,2021-05,Durham Constabulary,Durham Constabulary,-1.523014,54.727868,On or near Petrol Station,E01020696,County Durham 041B,Vehicle crime,Investigation complete; no suspect identified,
6bab4507789823428949817751aacbe7c4bec69188f271d3a5869fd21c5ab9f1,2021-05,Durham Constabulary,Durham Constabulary,-1.523014,54.727868,On or near Petrol Station,E01020696,County Durham 041B,Vehicle crime,Investigation complete; no suspect identified,
4d653b30a3e5f73c2c604c6ad245a985f87042a9a47a826907fe199d7b426e2f,2021-05,Durham Constabulary,Durham Constabulary,-1.523014,54.727868,On or near Petrol Station,E01020696,County Durham 041B,Vehicle crime,Investigation complete; no suspect identified,
e76d69f88688d54d869b82df01f203d3ec7965e9086f43d1d07a751073b91c1f,2021-05,Durham Constabulary,Durham Constabulary,-1.523014,54.727868,On or near Petrol Station,E01020696,County Durham 041B,Vehicle crime,Investigation complete; no suspect identified,
5b8b632a1b2d57433a4797dc4364bcd9f91cc501f282f5d4a3b759d0d290c50a,2021-05,Durham Constabulary,Durham Constabulary,-1.587823,54.725059,On or near Front Street,E01020696,County Durham 041B,Violence and sexual offences,Unable to prosecute suspect,
c7dc26e72925be831c5e9233522b092a121be1fbe7baa66584be96ce430f960c,2021-05,Durham Constabulary,Durham Constabulary,-1.523014,54.727868,On or near Petrol Station,E01020696,County Durham 041B,Violence and sexual offences,Investigation complete; no suspect identified,
9b4d0058c4efc2d66ddc34babfc4ca6dc19440d5adcbc649226259528b2c474d,2021-05,Durham Constabulary,Durham Constabulary,-1.585052,54.727341,On or near Queens Garth,E01020696,County Durham 041B,Violence and sexual offences,Unable to prosecute suspect,
95c7654763bccbb63000ddda3d6203f3be7913ca371cbf02bd7129b20f87cbbd,2021-05,Durham Constabulary,Durham Constabulary,-1.563347,54.724191,On or near East Street,E01020696,County Durham 041B,Other crime,Status update unavailable,
,2021-05,Durham Constabulary,Durham Constabulary,-1.523843,54.733964,On or near Steavenson Street,E01020697,County Durham 041C,Anti-social behaviour,,
aa6ee57d571e61f4f65ca10a234a30194a540cc9c45ca7365d1fcf5604c6e58e,2021-05,Durham Constabulary,Durham Constabulary,-1.521978,54.736724,On or near Barrington Way,E01020697,County Durham 041C,Criminal damage and arson,Investigation complete; no suspect identified,
c09a87d611d4789cb0e85e9b5ad0bbde7c1c3762c9e4aa68087405dbea23acfd,2021-05,Durham Constabulary,Durham Constabulary,-1.527047,54.736196,On or near Bow Street,E01020697,County Durham 041C,Criminal damage and arson,Unable to prosecute suspect,
7d58013f082e6e9f1b844f87b36fd77ff5b774fe07c0c5968ba08061c1b4ed94,2021-05,Durham Constabulary,Durham Constabulary,-1.523648,54.734700,On or near Charlesworth Close,E01020697,County Durham 041C,Drugs,Formal action is not in the public interest,
d96aa836fdd0ae81d83d297c7f8a2a8d2d1030cf11ea49b5cc590edeb0d2b69e,2021-05,Durham Constabulary,Durham Constabulary,-1.522620,54.733680,On or near Clarence Street,E01020697,County Durham 041C,Shoplifting,Investigation complete; no suspect identified,
021a6ff4a3f5da445a30d7fbf663a2c3850bfc6c9e50c31c36a3c3497a7abe02,2021-05,Durham Constabulary,Durham Constabulary,-1.528526,54.737244,On or near Tweddle Terrace,E01020697,County Durham 041C,Vehicle crime,Investigation complete; no suspect identified,
05635748d716e47dc48899f4d9e417245ad2950d9fe54f6f6679461904bc1ee4,2021-05,Durham Constabulary,Durham Constabulary,-1.527931,54.737682,On or near St John'S Crescent,E01020697,County Durham 041C,Violence and sexual offences,Unable to prosecute suspect,
c092263b48fed6c050d6280b0266518531f9810cb4fa0dcd4fb51e94412762df,2021-05,Durham Constabulary,Durham Constabulary,-1.522620,54.733680,On or near Clarence Street,E01020697,County Durham 041C,Other crime,Unable to prosecute suspect,
57bbd91985a7b671408770f6d4653ddf144aba9dab33edda7160ca899f40b8f1,2021-05,Durham Constabulary,Durham Constabulary,-1.540192,54.753537,On or near Avenue Street,E01020732,County Durham 041D,Violence and sexual offences,Unable to prosecute suspect,
,2021-05,Durham Constabulary,Durham Constabulary,-2.184294,54.738316,On or near Longdale Grove,E01020889,County Durham 042A,Anti-social behaviour,,
95525cfa7715f345cedcf063409f8b5cca882daa0cec2b3837fe415b9c53faf6,2021-05,Durham Constabulary,Durham Constabulary,-2.181858,54.735507,On or near Harthope Road,E01020889,County Durham 042A,Shoplifting,Investigation complete; no suspect identified,
f68790fff6cb596ab14ddf696c755165754f7ff6136680e5ba6813733a24c969,2021-05,Durham Constabulary,Durham Constabulary,-2.175031,54.736919,On or near Sports/Recreation Area,E01020889,County Durham 042A,Vehicle crime,Investigation complete; no suspect identified,
316d62a9e4fcba0425ae7513d3f4e1eb8b466a7b1ac3cafe9b20b587fe9473d1,2021-05,Durham Constabulary,Durham Constabulary,-2.181819,54.737178,On or near School Close,E01020889,County Durham 042A,Violence and sexual offences,Unable to prosecute suspect,
b79a822b432087d7e146b0c6eefdcd57531912f9012368b6cbfd20b5f341a8ed,2021-05,Durham Constabulary,Durham Constabulary,-2.007036,54.746355,On or near The Butts,E01020890,County Durham 042B,Criminal damage and arson,Local resolution,
374845d2074e91f759c2bedd4e3e818374cc6ab9c2420c60b31711e178f74cf3,2021-05,Durham Constabulary,Durham Constabulary,-2.011356,54.750030,On or near Grosvenor Close,E01020890,County Durham 042B,Other theft,Investigation complete; no suspect identified,
7a00949b302abc2b71e9c57ba8df25710be9088a44023763e883fd09294e3e7d,2021-05,Durham Constabulary,Durham Constabulary,-1.961212,54.728116,On or near Kirk Rise,E01020890,County Durham 042B,Shoplifting,Court result unavailable,
485b46418ed89acafea8acdf84af98bd467bb25978e57ed352625aefecaaf338,2021-05,Durham Constabulary,Durham Constabulary,-2.017632,54.748187,On or near Hospital,E01020890,County Durham 042B,Vehicle crime,Investigation complete; no suspect identified,
e1b4826913f75e1eb90247051c2fe097a27dea378b29a17e6255b3dd44367f62,2021-05,Durham Constabulary,Durham Constabulary,-2.002500,54.744154,On or near Bondisle Way,E01020890,County Durham 042B,Violence and sexual offences,Unable to prosecute suspect,
f16a0b8f05b3367b6a2626a9f85653b94015d4c7d7622df48dfa0ab4d0713f95,2021-05,Durham Constabulary,Durham Constabulary,-1.995544,54.715477,On or near Park/Open Space,E01020890,County Durham 042B,Violence and sexual offences,Unable to prosecute suspect,
08e866b21cc304dbeace44177238b05ba6fa2ba387b85e676013e7830560b599,2021-05,Durham Constabulary,Durham Constabulary,-2.007036,54.746355,On or near The Butts,E01020890,County Durham 042B,Violence and sexual offences,Investigation complete; no suspect identified,
ba1480216a782be8c432366a52023abe0a12b008e855b96ecffff9a821448ea7,2021-05,Durham Constabulary,Durham Constabulary,-2.006850,54.747380,On or near The Market Place,E01020890,County Durham 042B,Violence and sexual offences,Investigation complete; no suspect identified,
8c57414ec2eb1d4f9ddc73afc7c1e1bfc618ebb9a9585756d8d2eef6b8fd3e33,2021-05,Durham Constabulary,Durham Constabulary,-1.961212,54.728116,On or near Kirk Rise,E01020890,County Durham 042B,Other crime,Investigation complete; no suspect identified,
,2021-05,Durham Constabulary,Durham Constabulary,-2.007006,54.748081,On or near Further/Higher Educational Building,E01020891,County Durham 042C,Anti-social behaviour,,
,2021-05,Durham Constabulary,Durham Constabulary,-2.076514,54.742044,On or near Sports/Recreation Area,E01020891,County Durham 042C,Anti-social behaviour,,
f51c0ba3f27011cb8cacd18a4a28270a919d4b2697d42c86c1c741b5679bb6ab,2021-05,Durham Constabulary,Durham Constabulary,-2.089185,54.726480,On or near Park/Open Space,E01020891,County Durham 042C,Other theft,Unable to prosecute suspect,
dc04551eda11284d4b5e23a2a5cfde4e419748cdfb3b50b8813084464ec08b2e,2021-05,Durham Constabulary,Durham Constabulary,-2.071661,54.825918,On or near The Mill,E01020891,County Durham 042C,Violence and sexual offences,Unable to prosecute suspect,
f7186b8152b44c65b94448ec185a0e80d2aed776d45718c222c321e9b370f7d9,2021-05,Durham Constabulary,Durham Constabulary,-1.870495,54.729913,On or near Petrol Station,E01020905,County Durham 042D,Criminal damage and arson,Investigation complete; no suspect identified,
2889408561de7afee63c668df5166ac309acdbd0d3acd20843ccbfcd59d3245b,2021-05,Durham Constabulary,Durham Constabulary,-1.872922,54.728532,On or near Sports/Recreation Area,E01020905,County Durham 042D,Public order,Unable to prosecute suspect,
,2021-05,Durham Constabulary,Durham Constabulary,-1.889277,54.720981,On or near Wear Bank,E01020906,County Durham 042E,Anti-social behaviour,,
0877a08d880d7f17e5e3cf851d4c8f7364a8ba30391d4d68bd67c926e07cc510,2021-05,Durham Constabulary,Durham Constabulary,-1.896611,54.743058,On or near Leazes Lane,E01020906,County Durham 042E,Other theft,Investigation complete; no suspect identified,
0f61a38a2832b9934de3364ae9c6a50d52d438323a110c5718e7970c7a3eaf71,2021-05,Durham Constabulary,Durham Constabulary,-1.844542,54.723268,On or near Parking Area,E01020906,County Durham 042E,Vehicle crime,Investigation complete; no suspect identified,
244f985d25fd39ff365276edf5355799438a60db2f96eb6111cab1c71344b480,2021-05,Durham Constabulary,Durham Constabulary,-1.773002,54.678357,On or near St James Gardens,E01020906,County Durham 042E,Violence and sexual offences,Unable to prosecute suspect,
,2021-05,Durham Constabulary,Durham Constabulary,-1.318009,54.736783,On or near Front Street,E01020772,County Durham 043A,Anti-social behaviour,,
,2021-05,Durham Constabulary,Durham Constabulary,-1.317840,54.737617,On or near Hazel Drive,E01020772,County Durham 043A,Anti-social behaviour,,
,2021-05,Durham Constabulary,Durham Constabulary,-1.314011,54.735304,On or near East Terrace,E01020772,County Durham 043A,Anti-social behaviour,,
,2021-05,Durham Constabulary,Durham Constabulary,-1.369014,54.737715,On or near Wellfield Road,E01020772,County Durham 043A,Anti-social behaviour,,
f5b3b4f76c41dc79647f4b5d986b2edf7b7b462f08fc2ecf634839aaf0304258,2021-05,Durham Constabulary,Durham Constabulary,-1.369014,54.737715,On or near Wellfield Road,E01020772,County Durham 043A,Criminal damage and arson,Investigation complete; no suspect identified,
1b0a1ef4c2aef6d2a68468a4f157cc2780f71bf0f036e92bf94ae20a5cac9704,2021-05,Durham Constabulary,Durham Constabulary,-1.335612,54.725027,On or near A19,E01020772,County Durham 043A,Criminal damage and arson,Investigation complete; no suspect identified,
464d25af2237bef75205d6331e1bba1e2151c6f9969f504abfa30bf73363aac6,2021-05,Durham Constabulary,Durham Constabulary,-1.320815,54.738973,On or near Temples Lodge,E01020772,County Durham 043A,Criminal damage and arson,Investigation complete; no suspect identified,
efa8046ffee5eff2105e5fcf9de34f6b35937db505cf66840dfc5a6e3e00c819,2021-05,Durham Constabulary,Durham Constabulary,-1.335612,54.725027,On or near A19,E01020772,County Durham 043A,Criminal damage and arson,Status update unavailable,
c8cab8bf23c9412b9927b8f21020f32ac0abea6cb355bafe7d54214ad3679d38,2021-05,Durham Constabulary,Durham Constabulary,-1.335612,54.725027,On or near A19,E01020772,County Durham 043A,Other theft,Investigation complete; no suspect identified,
7046c41a8c73b495d7ba5cc44a35e3957c71286ffa5ed6625d088998f39ecce7,2021-05,Durham Constabulary,Durham Constabulary,-1.320815,54.738973,On or near Temples Lodge,E01020772,County Durham 043A,Other theft,Investigation complete; no suspect identified,
5f0dfc830f2049d70ef79ec24ffaef968c486c184985747164af18793cb7ea77,2021-05,Durham Constabulary,Durham Constabulary,-1.337007,54.736546,On or near B1281,E01020772,County Durham 043A,Other theft,Investigation complete; no suspect identified,
e9913ab01e1225a6e9ee99f68c6ff01cade0083a88b48fdde630888983139461,2021-05,Durham Constabulary,Durham Constabulary,-1.293959,54.737256,On or near The Elms,E01020772,County Durham 043A,Other theft,Investigation complete; no suspect identified,
d13e70cd24907515d442f971e38a056954f7aa57f58146b4beac8613bfccb2df,2021-05,Durham Constabulary,Durham Constabulary,-1.369014,54.737715,On or near Wellfield Road,E01020772,County Durham 043A,Public order,Unable to prosecute suspect,
f2e79b3bca5c718cd129c531ba4dcf869cbd9e558ecca80b54b01faa922a37f3,2021-05,Durham Constabulary,Durham Constabulary,-1.314011,54.735304,On or near East Terrace,E01020772,County Durham 043A,Vehicle crime,Investigation complete; no suspect identified,
d68f971031d2649103c9b795f477d127ef805659e304783f6fe4e5966ad66778,2021-05,Durham Constabulary,Durham Constabulary,-1.318009,54.736783,On or near Front Street,E01020772,County Durham 043A,Violence and sexual offences,Unable to prosecute suspect,
c2eba7c80234bab11d138fdecaf70f50181fb3dc3126318663d807465d7c8419,2021-05,Durham Constabulary,Durham Constabulary,-1.369014,54.737715,On or near Wellfield Road,E01020772,County Durham 043A,Violence and sexual offences,Action to be taken by another organisation,
23f0f30ce448efa660f3cde789f26477435b52b49c5192714655d2bee5a058da,2021-05,Durham Constabulary,Durham Constabulary,-1.318009,54.736783,On or near Front Street,E01020772,County Durham 043A,Violence and sexual offences,Unable to prosecute suspect,
cfeda19e51f17edde1dd328f8d786706a1e7a2929b52640b2b169597f4e772ef,2021-05,Durham Constabulary,Durham Constabulary,-1.317840,54.737617,On or near Hazel Drive,E01020772,County Durham 043A,Violence and sexual offences,Unable to prosecute suspect,
23f454a04801c6a98e1c824ae6905e4e21fb0da903e627748fd568188f71d85d,2021-05,Durham Constabulary,Durham Constabulary,-1.319585,54.737295,On or near Sycamore Drive,E01020772,County Durham 043A,Violence and sexual offences,Unable to prosecute suspect,
,2021-05,Durham Constabulary,Durham Constabulary,-1.382544,54.731449,On or near Woodland View,E01020793,County Durham 043B,Anti-social behaviour,,
,2021-05,Durham Constabulary,Durham Constabulary,-1.382544,54.731449,On or near Woodland View,E01020793,County Durham 043B,Anti-social behaviour,,
,2021-05,Durham Constabulary,Durham Constabulary,-1.378861,54.732634,On or near North Road,E01020793,County Durham 043B,Anti-social behaviour,,
,2021-05,Durham Constabulary,Durham Constabulary,-1.382544,54.731449,On or near Woodland View,E01020793,County Durham 043B,Anti-social behaviour,,
,2021-05,Durham Constabulary,Durham Constabulary,-1.383117,54.732548,On or near Queen'S Road,E01020793,County Durham 043B,Anti-social behaviour,,
,2021-05,Durham Constabulary,Durham Constabulary,-1.382544,54.731449,On or near Woodland View,E01020793,County Durham 043B,Anti-social behaviour,,
,2021-05,Durham Constabulary,Durham Constabulary,-1.382544,54.731449,On or near Woodland View,E01020793,County Durham 043B,Anti-social behaviour,,
e81ee0de1ba8180dd4097ca0b8d9ddb705005383babde099137cc3fb0ed472a9,2021-05,Durham Constabulary,Durham Constabulary,-1.380096,54.733117,On or near Partridge Terrace,E01020793,County Durham 043B,Criminal damage and arson,Investigation complete; no suspect identified,
e82932c7f2afeec63162f8efb604e88eeb82995efd31e7b0b6af581e5c56dd25,2021-05,Durham Constabulary,Durham Constabulary,-1.381928,54.734195,On or near Nattress Terrace,E01020793,County Durham 043B,Criminal damage and arson,Unable to prosecute suspect,
79db1a49207e300c6f0c20a5a16305c8f1296271379688e73f2b5bbbf99ff0c2,2021-05,Durham Constabulary,Durham Constabulary,-1.378861,54.732634,On or near North Road,E01020793,County Durham 043B,Criminal damage and arson,Unable to prosecute suspect,
c00cc5372c3339d1ffa0747139bb83b15c89ff8d0464e759fad71528ff5213b1,2021-05,Durham Constabulary,Durham Constabulary,-1.382544,54.731449,On or near Woodland View,E01020793,County Durham 043B,Other theft,Unable to prosecute suspect,
3d1ddcf54b52c932b4feae13550b4c61ae2f9ef718c781cf4e6fbcb276949464,2021-05,Durham Constabulary,Durham Constabulary,-1.379319,54.734173,On or near Supermarket,E01020793,County Durham 043B,Violence and sexual offences,Status update unavailable,
f59001a0527bcaa4c5f0d45f93c7aa18ff94989e1edf7bae2928b64ac95db6bf,2021-05,Durham Constabulary,Durham Constabulary,-1.378861,54.732634,On or near North Road,E01020793,County Durham 043B,Violence and sexual offences,Unable to prosecute suspect,
b2d297d119a8e305de46f35e3a76d1d47b1c98c339317abbeb6df97ab19d0bdc,2021-05,Durham Constabulary,Durham Constabulary,-1.381928,54.734195,On or near Nattress Terrace,E01020793,County Durham 043B,Violence and sexual offences,Unable to prosecute suspect,
64dc92b9f1ca91a91968e8ab88e2b222acbf78155dc0daf0952e18aca2d10947,2021-05,Durham Constabulary,Durham Constabulary,-1.382544,54.731449,On or near Woodland View,E01020793,County Durham 043B,Violence and sexual offences,Unable to prosecute suspect,
943d9995b0ed1b517f90203f18b452f0ae397583539f00d2b61ba64eeb5d326b,2021-05,Durham Constabulary,Durham Constabulary,-1.379319,54.734173,On or near Supermarket,E01020793,County Durham 043B,Violence and sexual offences,Unable to prosecute suspect,
fdc1cc3f07038045e3312157b780666a4693b7926295ba8d98f504b0722e861b,2021-05,Durham Constabulary,Durham Constabulary,-1.382880,54.734892,On or near Coronation Road,E01020793,County Durham 043B,Violence and sexual offences,Unable to prosecute suspect,
3142ca565168bfe107efd7e8ee66f487c59cc3f70d9635f521c828dc284d0723,2021-05,Durham Constabulary,Durham Constabulary,-1.382544,54.731449,On or near Woodland View,E01020793,County Durham 043B,Violence and sexual offences,Investigation complete; no suspect identified,
32406c8422e54c3403a56ba76b310d4762510153a9f57a3b993638f8c2ac0b06,2021-05,Durham Constabulary,Durham Constabulary,-1.378861,54.732634,On or near North Road,E01020793,County Durham 043B,Violence and sexual offences,Local resolution,
2a03af9146d17e82dd4cc08078538ba2c3a7bdaf22f69c6aee17c577815f2a6a,2021-05,Durham Constabulary,Durham Constabulary,-1.382338,54.736795,On or near Walton Terrace,E01020793,County Durham 043B,Other crime,Awaiting court outcome,
3a5784b1c3c3d27b421c15b3bed4a2aac47e0e2e6e5e8749d7e03b41f1919b49,2021-05,Durham Constabulary,Durham Constabulary,-1.382988,54.740051,On or near Salter'S Lane,E01020794,County Durham 043C,Criminal damage and arson,Investigation complete; no suspect identified,
ab0a136361fd7c1c2e2bafd4b6525dce292617c70576830ea6f30cf437200d0c,2021-05,Durham Constabulary,Durham Constabulary,-1.379873,54.736548,On or near Burdon Crescent,E01020794,County Durham 043C,Violence and sexual offences,Investigation complete; no suspect identified,
55e1863354c4c7d939b64be490b9adce75e142e9d9d8a8a5feae76af7208890d,2021-05,Durham Constabulary,Durham Constabulary,-1.377727,54.728584,On or near Winford Grove,E01020794,County Durham 043C,Violence and sexual offences,Unable to prosecute suspect,
ea977b3b518e5e04826432eee719f82f1b0ffdc7e53799f6e1b3ce126e7c0108,2021-05,Durham Constabulary,Durham Constabulary,-1.383951,54.737998,On or near Taylor Grove,E01020794,County Durham 043C,Violence and sexual offences,Unable to prosecute suspect,
0004a3d820fecaf721f2b8358e4eb3d316ea83756483c2e752d2dc99828c0f4f,2021-05,Durham Constabulary,Durham Constabulary,-1.377727,54.728584,On or near Winford Grove,E01020794,County Durham 043C,Violence and sexual offences,Unable to prosecute suspect,
ee7ce2d09c12b6459a9503de79b3f5fa9a6d6b63ba518d63960425c18b12681f,2021-05,Durham Constabulary,Durham Constabulary,-1.379873,54.736548,On or near Burdon Crescent,E01020794,County Durham 043C,Violence and sexual offences,Investigation complete; no suspect identified,
,2021-05,Durham Constabulary,Durham Constabulary,-1.371227,54.721191,On or near Front Street,E01020795,County Durham 043D,Anti-social behaviour,,
,2021-05,Durham Constabulary,Durham Constabulary,-1.374967,54.724283,On or near Station Road,E01020795,County Durham 043D,Anti-social behaviour,,
,2021-05,Durham Constabulary,Durham Constabulary,-1.367227,54.719858,On or near Brackendale Court,E01020795,County Durham 043D,Anti-social behaviour,,
,2021-05,Durham Constabulary,Durham Constabulary,-1.377830,54.724918,On or near Johnson'S Street,E01020795,County Durham 043D,Anti-social behaviour,,
,2021-05,Durham Constabulary,Durham Constabulary,-1.373219,54.722899,On or near Station Road,E01020795,County Durham 043D,Anti-social behaviour,,
,2021-05,Durham Constabulary,Durham Constabulary,-1.377830,54.724918,On or near Johnson'S Street,E01020795,County Durham 043D,Anti-social behaviour,,
,2021-05,Durham Constabulary,Durham Constabulary,-1.371227,54.721191,On or near Front Street,E01020795,County Durham 043D,Anti-social behaviour,,
,2021-05,Durham Constabulary,Durham Constabulary,-1.377830,54.724918,On or near Johnson'S Street,E01020795,County Durham 043D,Anti-social behaviour,,
,2021-05,Durham Constabulary,Durham Constabulary,-1.378416,54.725173,On or near Chapel Street,E01020795,County Durham 043D,Anti-social behaviour,,
,2021-05,Durham Constabulary,Durham Constabulary,-1.371227,54.721191,On or near Front Street,E01020795,County Durham 043D,Anti-social behaviour,,
,2021-05,Durham Constabulary,Durham Constabulary,-1.380677,54.725598,On or near Pickering Street,E01020795,County Durham 043D,Anti-social behaviour,,
,2021-05,Durham Constabulary,Durham Constabulary,-1.371227,54.721191,On or near Front Street,E01020795,County Durham 043D,Anti-social behaviour,,
,2021-05,Durham Constabulary,Durham Constabulary,-1.371227,54.721191,On or near Front Street,E01020795,County Durham 043D,Anti-social behaviour,,
,2021-05,Durham Constabulary,Durham Constabulary,-1.378435,54.726952,On or near Chillerton Way,E01020795,County Durham 043D,Anti-social behaviour,,
,2021-05,Durham Constabulary,Durham Constabulary,-1.371227,54.721191,On or near Front Street,E01020795,County Durham 043D,Anti-social behaviour,,
,2021-05,Durham Constabulary,Durham Constabulary,-1.373219,54.722899,On or near Station Road,E01020795,County Durham 043D,Anti-social behaviour,,
,2021-05,Durham Constabulary,Durham Constabulary,-1.377832,54.725781,On or near Sandford Close,E01020795,County Durham 043D,Anti-social behaviour,,
,2021-05,Durham Constabulary,Durham Constabulary,-1.371227,54.721191,On or near Front Street,E01020795,County Durham 043D,Anti-social behaviour,,
,2021-05,Durham Constabulary,Durham Constabulary,-1.378435,54.726952,On or near Chillerton Way,E01020795,County Durham 043D,Anti-social behaviour,,
50ecd18ce06b367e644fb688f55cc92b1aa6b4db30fdaea7b8e59cedbdb77c65,2021-05,Durham Constabulary,Durham Constabulary,-1.378643,54.725578,On or near Front Street,E01020795,County Durham 043D,Burglary,Investigation complete; no suspect identified,
de594a3fcb5a54c585ed4e83a4aadc610488e3a46ee30360cb991b1703834af1,2021-05,Durham Constabulary,Durham Constabulary,-1.377830,54.724918,On or near Johnson'S Street,E01020795,County Durham 043D,Burglary,Unable to prosecute suspect,
33b5727d302f3d3d59084e24391713015ca04ac6752bedd0ea248f7a179afc09,2021-05,Durham Constabulary,Durham Constabulary,-1.377830,54.724918,On or near Johnson'S Street,E01020795,County Durham 043D,Burglary,Unable to prosecute suspect,
1cc0ec693edfcdcea3fa287a8a817991c7ff30c576ac7707279316ab58d71cb7,2021-05,Durham Constabulary,Durham Constabulary,-1.377830,54.724918,On or near Johnson'S Street,E01020795,County Durham 043D,Burglary,Investigation complete; no suspect identified,
f2124ba82cc2426eb8fc1014ed0d686dc72ae8c6369f0016fb3ae0fbfe891348,2021-05,Durham Constabulary,Durham Constabulary,-1.373219,54.722899,On or near Station Road,E01020795,County Durham 043D,Criminal damage and arson,Unable to prosecute suspect,
be269076d07a19e36a6152ccb570f893e8fe3c130d046ee07fd92807d0543988,2021-05,Durham Constabulary,Durham Constabulary,-1.377830,54.724918,On or near Johnson'S Street,E01020795,County Durham 043D,Criminal damage and arson,Local resolution,
77583d280395156f3e1bce6286a5d867c039bd591cec3ed62a96de64430f409b,2021-05,Durham Constabulary,Durham Constabulary,-1.384475,54.694163,On or near Hurworth Burn Road,E01020795,County Durham 043D,Criminal damage and arson,Investigation complete; no suspect identified,
9fd29b504328e5afcd50feeb8760e93d6f9edc90f865ee45e6d3734639967844,2021-05,Durham Constabulary,Durham Constabulary,-1.377830,54.724918,On or near Johnson'S Street,E01020795,County Durham 043D,Public order,Investigation complete; no suspect identified,
964548b66ed4011d954fc7f940f1ce5f36acce1f6d14f3ae6d385f915a6e49e9,2021-05,Durham Constabulary,Durham Constabulary,-1.367227,54.719858,On or near Brackendale Court,E01020795,County Durham 043D,Vehicle crime,Investigation complete; no suspect identified,
ead017fbaef13821e467eedf15f85a05565de92fffc208dfab9a0c7b534f17cf,2021-05,Durham Constabulary,Durham Constabulary,-1.377830,54.724918,On or near Johnson'S Street,E01020795,County Durham 043D,Violence and sexual offences,Unable to prosecute suspect,
1adf56c3787c3a2af8b34645a462957b3fe55dc0e7b682cfa2b725e95db1c66c,2021-05,Durham Constabulary,Durham Constabulary,-1.369657,54.719313,On or near Milbank Terrace,E01020795,County Durham 043D,Violence and sexual offences,Unable to prosecute suspect,
a5564f26e66c9c022b9c38c71da8b5b8bd316a9f61b7a576afaa65380b04d2c8,2021-05,Durham Constabulary,Durham Constabulary,-1.377830,54.724918,On or near Johnson'S Street,E01020795,County Durham 043D,Violence and sexual offences,Court result unavailable,
12d8da462e5d70ada33f5eedccfaffd8501f54be41be1882806de115d9c753af,2021-05,Durham Constabulary,Durham Constabulary,-1.377830,54.724918,On or near Johnson'S Street,E01020795,County Durham 043D,Violence and sexual offences,Investigation complete; no suspect identified,
0fdd4cd1f9c63b953e27c2af8ed5449692c3d67869cf0bee9f6dadcb0029d668,2021-05,Durham Constabulary,Durham Constabulary,-1.368833,54.719372,On or near Beachdale Close,E01020795,County Durham 043D,Violence and sexual offences,Action to be taken by another organisation,
4d1246a53977ad04586dc1e2e971d542187977a6b9a7d12df608ff6a14f238d9,2021-05,Durham Constabulary,Durham Constabulary,-1.377830,54.724918,On or near Johnson'S Street,E01020795,County Durham 043D,Other crime,Court result unavailable,
,2021-05,Durham Constabulary,Durham Constabulary,-1.518797,54.731230,On or near A1(M),E01020695,County Durham 044A,Anti-social behaviour,,
,2021-05,Durham Constabulary,Durham Constabulary,-1.521338,54.740954,On or near David Terrace,E01020695,County Durham 044A,Anti-social behaviour,,
,2021-05,Durham Constabulary,Durham Constabulary,-1.461749,54.741460,On or near B6291,E01020695,County Durham 044A,Anti-social behaviour,,
1cba988fe280b29286cb990a066c6e05770a45e0dbb64db594a2946d23892b1e,2021-05,Durham Constabulary,Durham Constabulary,-1.521338,54.740954,On or near David Terrace,E01020695,County Durham 044A,Drugs,Further investigation is not in the public interest,
b091f536c18905f24bad3f31796a342f9162807819192618e508d9fc4bba3331,2021-05,Durham Constabulary,Durham Constabulary,-1.514455,54.724212,On or near Holmfield Villas,E01020695,County Durham 044A,Public order,Unable to prosecute suspect,
8c5ba27db84ea068f926c18fc74e7a8006f48d8d0167cc9ffd90f6d9e27d6cd1,2021-05,Durham Constabulary,Durham Constabulary,-1.521338,54.740954,On or near David Terrace,E01020695,County Durham 044A,Violence and sexual offences,Unable to prosecute suspect,
f35c92fe5ea13ec87b6764b170cfe458b7fe9dfd7260fcd3ec397e8d3b1351c1,2021-05,Durham Constabulary,Durham Constabulary,-1.514455,54.724212,On or near Holmfield Villas,E01020695,County Durham 044A,Violence and sexual offences,Unable to prosecute suspect,
2373c0040257f2a58cbe7e90dea4bc54a0abd4d3a1ef710ddb3a9a39d576786a,2021-05,Durham Constabulary,Durham Constabulary,-1.467316,54.737395,On or near Luke Avenue,E01020695,County Durham 044A,Other crime,Further investigation is not in the public interest,
,2021-05,Durham Constabulary,Durham Constabulary,-1.498285,54.711008,On or near Belgrave Court,E01020698,County Durham 044B,Anti-social behaviour,,
a8143a62eefdbf7ace445e69d86d8d5cf587f1a64b2647f6407d660cc5a10bb6,2021-05,Durham Constabulary,Durham Constabulary,-1.507552,54.712205,On or near School Avenue,E01020698,County Durham 044B,Burglary,Investigation complete; no suspect identified,
7366d8dbb4057ef285bc755103afdf62d8c85dc6fb56052277ea9884128611ee,2021-05,Durham Constabulary,Durham Constabulary,-1.498285,54.711008,On or near Belgrave Court,E01020698,County Durham 044B,Public order,Unable to prosecute suspect,
8eb9308e36f3e9f7a827ef6ada1f79803351efcbe5a5424d3962c9a5c6353a24,2021-05,Durham Constabulary,Durham Constabulary,-1.509174,54.711573,On or near Cornforth Lane,E01020698,County Durham 044B,Vehicle crime,Investigation complete; no suspect identified,
d23da5f30d9f80b28b055eaef2d43b27d8582152bb43b526c2eac8dd3116d659,2021-05,Durham Constabulary,Durham Constabulary,-1.508095,54.713510,On or near Meadow Close,E01020698,County Durham 044B,Vehicle crime,Action to be taken by another organisation,
ece43b565b6c0a48bc453095c39d95e702256e0390d7b5c125647bb4effab272,2021-05,Durham Constabulary,Durham Constabulary,-1.509174,54.711573,On or near Cornforth Lane,E01020698,County Durham 044B,Vehicle crime,Investigation complete; no suspect identified,
3231205d7661896decdb8c34b195c18a7af0e014645e12b83f2d713cbdbb780c,2021-05,Durham Constabulary,Durham Constabulary,-1.498285,54.711008,On or near Belgrave Court,E01020698,County Durham 044B,Vehicle crime,Unable to prosecute suspect,
2c8e49a671c63894bf26cdddb6db250884a33e8723b915d18e802541dd1ced9d,2021-05,Durham Constabulary,Durham Constabulary,-1.498285,54.711008,On or near Belgrave Court,E01020698,County Durham 044B,Violence and sexual offences,Unable to prosecute suspect,
81627195d4e8f145a92c1cc59b550776fd0ced763943370bc127b281a40b6368,2021-05,Durham Constabulary,Durham Constabulary,-1.498285,54.711008,On or near Belgrave Court,E01020698,County Durham 044B,Other crime,Unable to prosecute suspect,
,2021-05,Durham Constabulary,Durham Constabulary,-1.480152,54.729588,On or near Front Street,E01020699,County Durham 044C,Anti-social behaviour,,
,2021-05,Durham Constabulary,Durham Constabulary,-1.480149,54.718831,On or near Tate Avenue,E01020699,County Durham 044C,Anti-social behaviour,,
,2021-05,Durham Constabulary,Durham Constabulary,-1.498100,54.714655,On or near Grange Crescent,E01020699,County Durham 044C,Anti-social behaviour,,
cba983c4e58cb035da99682574421828d313aa0d694fa406a99ff529ffcb7bec,2021-05,Durham Constabulary,Durham Constabulary,-1.481497,54.720319,On or near Ramona Avenue,E01020699,County Durham 044C,Criminal damage and arson,Unable to prosecute suspect,
1a7ad6ce3eddb414cc8780b4a7be8b02cffa24effbce6a74d444fc9c10c16c94,2021-05,Durham Constabulary,Durham Constabulary,-1.480509,54.728385,On or near Malcolm Avenue,E01020699,County Durham 044C,Criminal damage and arson,Unable to prosecute suspect,
c9d2ddef43c3b31b866cabfd2d1bbaf7de0b0ea6e71d927fdfa12dac0140e50f,2021-05,Durham Constabulary,Durham Constabulary,-1.480152,54.729588,On or near Front Street,E01020699,County Durham 044C,Criminal damage and arson,Court result unavailable,
993f4b8365b596cad39327bd938121acea1cac138e92e99d4dced7c0af7b094f,2021-05,Durham Constabulary,Durham Constabulary,-1.499408,54.714328,On or near Green Crescent,E01020699,County Durham 044C,Public order,Unable to prosecute suspect,
7061dff5af2a5711ac54e5e3ff6113ed33af4cd7a56ec22f57dcf3a01c189899,2021-05,Durham Constabulary,Durham Constabulary,-1.480149,54.718831,On or near Tate Avenue,E01020699,County Durham 044C,Public order,Unable to prosecute suspect,
3921aeab28e652ce4c3bbdfd908223c1ccdc6de51c6a6716de0465bd63362b49,2021-05,Durham Constabulary,Durham Constabulary,-1.480149,54.718831,On or near Tate Avenue,E01020699,County Durham 044C,Public order,Court result unavailable,
c59134a9cf6c54de5f089adcab3127c52a5fef7154d96c4a91f561272000299d,2021-05,Durham Constabulary,Durham Constabulary,-1.480152,54.729588,On or near Front Street,E01020699,County Durham 044C,Violence and sexual offences,Unable to prosecute suspect,
e9ae3c502528cbe2f6427f2e516074cbdd15cf755a38a90d258faf933e83fd0f,2021-05,Durham Constabulary,Durham Constabulary,-1.480509,54.728385,On or near Malcolm Avenue,E01020699,County Durham 044C,Violence and sexual offences,Unable to prosecute suspect,
0d3741c36a84f803c5f913bb080967bb4edfc2039a0d1bc5d695f8af25704b2c,2021-05,Durham Constabulary,Durham Constabulary,-1.480149,54.718831,On or near Tate Avenue,E01020699,County Durham 044C,Violence and sexual offences,Unable to prosecute suspect,
20d30953917ae8db827010d41ea8cc51dfc91091b1a84c740dbdfb0926d41e3d,2021-05,Durham Constabulary,Durham Constabulary,-1.480149,54.718831,On or near Tate Avenue,E01020699,County Durham 044C,Violence and sexual offences,Unable to prosecute suspect,
1936a8e6b2df022560afb0cf351fc67717d61636b4f1e2ca29f0992f1ec5d046,2021-05,Durham Constabulary,Durham Constabulary,-1.480149,54.718831,On or near Tate Avenue,E01020699,County Durham 044C,Violence and sexual offences,Unable to prosecute suspect,
118369deff51450a4674b5d2e240c571eee600d5158b9c47f558715d20d15ede,2021-05,Durham Constabulary,Durham Constabulary,-1.480509,54.728385,On or near Malcolm Avenue,E01020699,County Durham 044C,Violence and sexual offences,Unable to prosecute suspect,
176ec8be1316e5c60f54d7a315a8812066dd88b03ea70efd53d60f048b6b652e,2021-05,Durham Constabulary,Durham Constabulary,-1.498994,54.712628,On or near The Grove,E01020699,County Durham 044C,Violence and sexual offences,Unable to prosecute suspect,
54f7208c97b81404e7d291491506a5db4d2b12da0bc2f25a9c1d9f455f9d066d,2021-05,Durham Constabulary,Durham Constabulary,-1.480149,54.718831,On or near Tate Avenue,E01020699,County Durham 044C,Violence and sexual offences,Court result unavailable,
e1ed433b77b1a66b2719236623f1f70e349db068fe084e2ad59b6bc9245ab8b7,2021-05,Durham Constabulary,Durham Constabulary,-1.479485,54.728300,On or near Hazel Avenue,E01020699,County Durham 044C,Violence and sexual offences,Investigation complete; no suspect identified,
fd5c76a28be75db098e20effde1b482e8f3ca2a5cd7e829dfcafa1fa4051845f,2021-05,Durham Constabulary,Durham Constabulary,-1.480509,54.728385,On or near Malcolm Avenue,E01020699,County Durham 044C,Violence and sexual offences,Unable to prosecute suspect,
843cf095a1fdb9317908e6e22399a32954d4b529011f98bbc40c16bb496fd8a6,2021-05,Durham Constabulary,Durham Constabulary,-1.479485,54.728300,On or near Hazel Avenue,E01020699,County Durham 044C,Violence and sexual offences,Investigation complete; no suspect identified,
eb1cf8aa49498365cae3d02b0e952774866f3cb7ee098fbf5fd8a4dfbb095e3d,2021-05,Durham Constabulary,Durham Constabulary,-1.480509,54.728385,On or near Malcolm Avenue,E01020699,County Durham 044C,Violence and sexual offences,Unable to prosecute suspect,
ef4a35c80e00eec68e398f76b2a27c71773ae18b29e8dc80e6f47facd3045e24,2021-05,Durham Constabulary,Durham Constabulary,-1.498994,54.712628,On or near The Grove,E01020699,County Durham 044C,Violence and sexual offences,Status update unavailable,
,2021-05,Durham Constabulary,Durham Constabulary,-1.478218,54.731449,On or near Church Street,E01020700,County Durham 044D,Anti-social behaviour,,
,2021-05,Durham Constabulary,Durham Constabulary,-1.476412,54.729374,On or near David Terrace,E01020700,County Durham 044D,Anti-social behaviour,,
886365061340c9248e14615999eb555dee27230fd9e468f23619ae6cc9456db6,2021-05,Durham Constabulary,Durham Constabulary,-1.478430,54.719749,On or near Woodland Crescent,E01020700,County Durham 044D,Criminal damage and arson,Court result unavailable,
e54460c89ea17150bc16d25e691a24dea382a60561bca9da7b4ea4c5c2a3d15e,2021-05,Durham Constabulary,Durham Constabulary,-1.478430,54.719749,On or near Woodland Crescent,E01020700,County Durham 044D,Criminal damage and arson,Formal action is not in the public interest,
987730646039be255630851dcc10964185a64869082ecb0476be805a8d1422a7,2021-05,Durham Constabulary,Durham Constabulary,-1.470953,54.722871,On or near Morley Crescent,E01020700,County Durham 044D,Other theft,Investigation complete; no suspect identified,
bd49107ebcdc404725cb06d116dacc942f65037ee65b0325770994f9c7a22162,2021-05,Durham Constabulary,Durham Constabulary,-1.476412,54.729374,On or near David Terrace,E01020700,County Durham 044D,Violence and sexual offences,Investigation complete; no suspect identified,
,2021-05,Durham Constabulary,Durham Constabulary,-1.501331,54.714516,On or near Roslyn Mews,E01020701,County Durham 044E,Anti-social behaviour,,
,2021-05,Durham Constabulary,Durham Constabulary,-1.503481,54.716403,On or near Parking Area,E01020701,County Durham 044E,Anti-social behaviour,,
b45c6c33f64e10528c161a35b54ac3d232f6f08a9bb9b8284d3e4b1bed627b3e,2021-05,Durham Constabulary,Durham Constabulary,-1.504906,54.720471,On or near Sports/Recreation Area,E01020701,County Durham 044E,Burglary,Court result unavailable,
b3410ee9ba8d8fdb28115ae232188afe5156698c3bc53a546284e4f8601e246f,2021-05,Durham Constabulary,Durham Constabulary,-1.504906,54.720471,On or near Sports/Recreation Area,E01020701,County Durham 044E,Criminal damage and arson,Investigation complete; no suspect identified,
578128548a8830423e5182889a85650b521edc5a74d5487a6beb0a3d9017be89,2021-05,Durham Constabulary,Durham Constabulary,-1.499252,54.715658,On or near The Avenue,E01020701,County Durham 044E,Public order,Court result unavailable,
a581ea969234604ebf68c7418db95b2568e801bf10a3a2d82ca99d2b79c6a334,2021-05,Durham Constabulary,Durham Constabulary,-1.504594,54.718025,On or near Browns Close,E01020701,County Durham 044E,Public order,Unable to prosecute suspect,
d4d490ed3a36584c4c30e1d001305a14c4ebc9f32823490092f6b804ce87b084,2021-05,Durham Constabulary,Durham Constabulary,-1.505864,54.715712,On or near Landsdowne Road,E01020701,County Durham 044E,Violence and sexual offences,Investigation complete; no suspect identified,
c5d34fe9e7f2f4a424cd964450d6e34591319f4458ba72c13bd62e2948e4dbea,2021-05,Durham Constabulary,Durham Constabulary,-1.504906,54.720471,On or near Sports/Recreation Area,E01020701,County Durham 044E,Violence and sexual offences,Unable to prosecute suspect,
b71efd9f1454230208240cde4bd2a531b0182514d8dedad24f8d21cbecf53ed6,2021-05,Durham Constabulary,Durham Constabulary,-1.508314,54.715955,On or near Sports/Recreation Area,E01020701,County Durham 044E,Violence and sexual offences,Investigation complete; no suspect identified,
ab81cd0240b87afa03defdfa477aa5a974f4895c11f3383a340ff821a5aa5da6,2021-05,Durham Constabulary,Durham Constabulary,-1.504906,54.720471,On or near Sports/Recreation Area,E01020701,County Durham 044E,Violence and sexual offences,Unable to prosecute suspect,
ef7b0c5dd49d571643e361e7547b811fcc832c9611fae170e47adf8158dd3405,2021-05,Durham Constabulary,Durham Constabulary,-1.508546,54.721187,On or near Bower Court,E01020701,County Durham 044E,Violence and sexual offences,Unable to prosecute suspect,
b2c7b2659615810adb10894124e36edc3b3dbe3390d0a430ca2f02ea68e1d06b,2021-05,Durham Constabulary,Durham Constabulary,-1.504021,54.720467,On or near Sports/Recreation Area,E01020701,County Durham 044E,Violence and sexual offences,Unable to prosecute suspect,
65a23adeba5aed97dd87b8db8edc2d81cee47c0eed6a61a34bf8f0d81cb2dd03,2021-05,Durham Constabulary,Durham Constabulary,-1.499252,54.715658,On or near The Avenue,E01020701,County Durham 044E,Other crime,Court result unavailable,
5cdf5dc8f96ea282dd50a5fafec1b761f524bbfe21e5a5c0f4be9299a53cde2f,2021-05,Durham Constabulary,Durham Constabulary,-1.499252,54.715658,On or near The Avenue,E01020701,County Durham 044E,Other crime,Status update unavailable,
,2021-05,Durham Constabulary,Durham Constabulary,-1.749116,54.719056,On or near Percy Street,E01020876,County Durham 045A,Anti-social behaviour,,
,2021-05,Durham Constabulary,Durham Constabulary,-1.750891,54.715734,On or near Foundry Fields,E01020876,County Durham 045A,Anti-social behaviour,,
,2021-05,Durham Constabulary,Durham Constabulary,-1.760053,54.728208,On or near Elm Gardens,E01020876,County Durham 045A,Anti-social behaviour,,
,2021-05,Durham Constabulary,Durham Constabulary,-1.749116,54.719056,On or near Percy Street,E01020876,County Durham 045A,Anti-social behaviour,,
6f120cdb23e76534fe4ad66bbc1b0ac2071ffb7e96140daeb83d2765d3d85067,2021-05,Durham Constabulary,Durham Constabulary,-1.761427,54.726935,On or near Sports/Recreation Area,E01020876,County Durham 045A,Criminal damage and arson,Investigation complete; no suspect identified,
d930c5ca09f6bb2485ac2d1d8323a8fa47d3d5cc7db90dfc9becc88e78ae2966,2021-05,Durham Constabulary,Durham Constabulary,-1.750891,54.715734,On or near Foundry Fields,E01020876,County Durham 045A,Criminal damage and arson,Investigation complete; no suspect identified,
85be71e72bf150be95c2b22a795abd310fc36cf538b999f0ae9bb273bbb396b8,2021-05,Durham Constabulary,Durham Constabulary,-1.749116,54.719056,On or near Percy Street,E01020876,County Durham 045A,Criminal damage and arson,Investigation complete; no suspect identified,
c9bbbbe9bcc4067fdbd4e258e832383fdf62bc6f73c1ba48eb83d6c15124cdc7,2021-05,Durham Constabulary,Durham Constabulary,-1.749116,54.719056,On or near Percy Street,E01020876,County Durham 045A,Criminal damage and arson,Investigation complete; no suspect identified,
2272d69628fbde22a9ecfb2089e145d4aa5d6aa241363abecbc169af9a0f6f15,2021-05,Durham Constabulary,Durham Constabulary,-1.759261,54.717791,On or near Larchfield Gardens,E01020876,County Durham 045A,Criminal damage and arson,Offender given a caution,
4bdbb4d2719e1bd97f3192e7c0b607fa633e0dc5418088fdd8a3e82eb73d2919,2021-05,Durham Constabulary,Durham Constabulary,-1.759261,54.717791,On or near Larchfield Gardens,E01020876,County Durham 045A,Other theft,Unable to prosecute suspect,
5226d7bb23dd370067952c225fc497af61cafed8b4be8aafadaf91ef20df3d0f,2021-05,Durham Constabulary,Durham Constabulary,-1.755576,54.718844,On or near Uplands Close,E01020876,County Durham 045A,Violence and sexual offences,Unable to prosecute suspect,
3d68a6fa95f4e03e606c60be79324c6f1f5724fc2a76edceaa094950f4d24e8d,2021-05,Durham Constabulary,Durham Constabulary,-1.749116,54.719056,On or near Percy Street,E01020876,County Durham 045A,Violence and sexual offences,Offender given a caution,
754af72286cab47d1d078dd94a7d7601b0c50f650c5e8297a03ba23a3e31b845,2021-05,Durham Constabulary,Durham Constabulary,-1.755576,54.718844,On or near Uplands Close,E01020876,County Durham 045A,Violence and sexual offences,Unable to prosecute suspect,
3095cfb57e380622dbf68705a78f108c48ee62d2b5b81f8acd334a89b1b7c080,2021-05,Durham Constabulary,Durham Constabulary,-1.756950,54.727861,On or near Roddymoor Court,E01020876,County Durham 045A,Violence and sexual offences,Unable to prosecute suspect,
3d2032f517682c80fc5603f1129297262899cc9cd2fd64ab9f809bc88c368ec4,2021-05,Durham Constabulary,Durham Constabulary,-1.756950,54.727861,On or near Roddymoor Court,E01020876,County Durham 045A,Violence and sexual offences,Unable to prosecute suspect,
d5ec43a68c59408f61b9b6ad9dbea9bcf130325737af5afc2263cd40e4076cc4,2021-05,Durham Constabulary,Durham Constabulary,-1.755576,54.718844,On or near Uplands Close,E01020876,County Durham 045A,Violence and sexual offences,Unable to prosecute suspect,
a5a0d4934fc52711e0e668ee69773121ecc9199fd24a8d0e2501a8add6338e7f,2021-05,Durham Constabulary,Durham Constabulary,-1.758296,54.728699,On or near Poplar Terrace,E01020876,County Durham 045A,Violence and sexual offences,Unable to prosecute suspect,
5cc99541ad0eb0d14b191e7fe754aa1eb87d5c5781c8cfc99d43ab4341b6896a,2021-05,Durham Constabulary,Durham Constabulary,-1.755576,54.718844,On or near Uplands Close,E01020876,County Durham 045A,Violence and sexual offences,Unable to prosecute suspect,
6efdf47a7d26838deae8896cf043d8e48c74061feb5e4f4dcc1d9278fb433123,2021-05,Durham Constabulary,Durham Constabulary,-1.750891,54.715734,On or near Foundry Fields,E01020876,County Durham 045A,Violence and sexual offences,Local resolution,
0e8e4a03db186538ee98bc2a270a322838b4dc0f9de29479af34c5d8b903f65a,2021-05,Durham Constabulary,Durham Constabulary,-1.749116,54.719056,On or near Percy Street,E01020876,County Durham 045A,Violence and sexual offences,Unable to prosecute suspect,
5059f212531fcfefe85d273c515893a8778f59c6f8e3abe9784efad8f92e3f27,2021-05,Durham Constabulary,Durham Constabulary,-1.759254,54.726877,On or near Oak Gardens,E01020876,County Durham 045A,Violence and sexual offences,Unable to prosecute suspect,
7186a3f2d1c0c6a067b1953c9affff9df702073cff3a3e161f804b07e655bb89,2021-05,Durham Constabulary,Durham Constabulary,-1.756950,54.727861,On or near Roddymoor Court,E01020876,County Durham 045A,Violence and sexual offences,Unable to prosecute suspect,
,2021-05,Durham Constabulary,Durham Constabulary,-1.756132,54.714127,On or near Sycamore Gardens,E01020878,County Durham 045B,Anti-social behaviour,,
,2021-05,Durham Constabulary,Durham Constabulary,-1.756132,54.714127,On or near Sycamore Gardens,E01020878,County Durham 045B,Anti-social behaviour,,
ca3b945104d81ae3f48dfee4506b4f8560c5ad6de312b382863fb930d8502a40,2021-05,Durham Constabulary,Durham Constabulary,-1.755764,54.713282,On or near Pinetree Gardens,E01020878,County Durham 045B,Criminal damage and arson,Investigation complete; no suspect identified,
36a229aba4dff337cd88852307d8ba915ab7999bdfb880c0d5d8d4617d19a509,2021-05,Durham Constabulary,Durham Constabulary,-1.751838,54.713130,On or near West Road,E01020878,County Durham 045B,Criminal damage and arson,Investigation complete; no suspect identified,
881c6f3ccaa9f998880ca3eae4ddf717b27f5e9649e5a07d8b0b64c09e68d194,2021-05,Durham Constabulary,Durham Constabulary,-1.752273,54.715620,On or near Lishman Avenue,E01020878,County Durham 045B,Criminal damage and arson,Investigation complete; no suspect identified,
30cd879a9b8187fd5acb5ecbda53ad17c5d57eda2b672a960a226c64f46b8e72,2021-05,Durham Constabulary,Durham Constabulary,-1.752273,54.715620,On or near Lishman Avenue,E01020878,County Durham 045B,Criminal damage and arson,Investigation complete; no suspect identified,
6690e94c281b3f1db28ca0a086e8189bcc603a5a263bbb28c68f89a5f2c3fd7a,2021-05,Durham Constabulary,Durham Constabulary,-1.756132,54.714127,On or near Sycamore Gardens,E01020878,County Durham 045B,Public order,Unable to prosecute suspect,
002832f7f2fb85876ec9b4060ef7a2fb8f573ba0a3c12cb5a930242f27bff50e,2021-05,Durham Constabulary,Durham Constabulary,-1.756132,54.714127,On or near Sycamore Gardens,E01020878,County Durham 045B,Public order,Unable to prosecute suspect,
728c259c380031a159a73b3fc1d5276e28caced67fd531a6cde9d270355468e7,2021-05,Durham Constabulary,Durham Constabulary,-1.756132,54.714127,On or near Sycamore Gardens,E01020878,County Durham 045B,Public order,Unable to prosecute suspect,
8a9eb91c3c4e8be886d334b31fe927518fd77e2154a56891837362e1d9841636,2021-05,Durham Constabulary,Durham Constabulary,-1.750814,54.713128,On or near Parking Area,E01020878,County Durham 045B,Vehicle crime,Investigation complete; no suspect identified,
5e1ffa7594a6a0f30665f953d595d2a74eae533c46ef79e097615f7820d725b2,2021-05,Durham Constabulary,Durham Constabulary,-1.756684,54.717894,On or near Acacia Gardens,E01020878,County Durham 045B,Violence and sexual offences,Court result unavailable,
c1124a45a77b811e1ea3a46791e9f336f148fd248383c5645925469eedf548de,2021-05,Durham Constabulary,Durham Constabulary,-1.756132,54.714127,On or near Sycamore Gardens,E01020878,County Durham 045B,Violence and sexual offences,Unable to prosecute suspect,
ead8f5081b993e2286722311ec6ec7cc8da3031b0754ea16b38c694d0c149d99,2021-05,Durham Constabulary,Durham Constabulary,-1.756684,54.717894,On or near Acacia Gardens,E01020878,County Durham 045B,Violence and sexual offences,Court result unavailable,
de0295ebae75585f965d7cecd855ae6b4dd2555da61e403d0f4eb5388bee3a94,2021-05,Durham Constabulary,Durham Constabulary,-1.752728,54.714947,On or near Millfield Grove,E01020878,County Durham 045B,Violence and sexual offences,Unable to prosecute suspect,
2defc4eb22d76a233a9e453580b65ec4162915fee80349d9633b3a2d063a2560,2021-05,Durham Constabulary,Durham Constabulary,-1.756684,54.717894,On or near Acacia Gardens,E01020878,County Durham 045B,Violence and sexual offences,Unable to prosecute suspect,
5ba6705b458a71677d333a82937911e858d820298f53912c9cf00585bce92269,2021-05,Durham Constabulary,Durham Constabulary,-1.752273,54.715620,On or near Lishman Avenue,E01020878,County Durham 045B,Other crime,Unable to prosecute suspect,
,2021-05,Durham Constabulary,Durham Constabulary,-1.759955,54.708060,On or near Chaucer Drive,E01020887,County Durham 045C,Anti-social behaviour,,
,2021-05,Durham Constabulary,Durham Constabulary,-1.752330,54.696182,On or near Bridge Street,E01020887,County Durham 045C,Anti-social behaviour,,
373ad7ca046ca06b163b2d7fa484d5238dfee39a12629c82d356214ac42dbbe4,2021-05,Durham Constabulary,Durham Constabulary,-1.748578,54.695707,On or near High Street,E01020887,County Durham 045C,Shoplifting,Investigation complete; no suspect identified,
1a0f0db14c02579041dc47b68c2812982190b3a72b0412fc0c80c6c8e9f2c402,2021-05,Durham Constabulary,Durham Constabulary,-1.747327,54.697242,On or near Parkside,E01020887,County Durham 045C,Violence and sexual offences,Unable to prosecute suspect,
f8136ee537062a1655481b23748759b66b92b6f6fb65f1d36003b85090ebe52d,2021-05,Durham Constabulary,Durham Constabulary,-1.747941,54.695868,On or near Theatre/Concert Hall,E01020887,County Durham 045C,Violence and sexual offences,Unable to prosecute suspect,
b1f2bda00fdf94c8817d97b02d9fa6839f2bfe6b69f7c3e44c5c302196107a50,2021-05,Durham Constabulary,Durham Constabulary,-1.747856,54.694484,On or near Bridge Street,E01020887,County Durham 045C,Violence and sexual offences,Court result unavailable,
5d59cc13f18b9a80e113dee85379e972cfcb1ee50e0cdf741628b9e54144bb12,2021-05,Durham Constabulary,Durham Constabulary,-1.755176,54.695065,On or near Firtree Drive,E01020887,County Durham 045C,Violence and sexual offences,Unable to prosecute suspect,
c97abb15087e8a306735b91c13240a200d804b7c1bb9f66591ecafc4fbffe216,2021-05,Durham Constabulary,Durham Constabulary,-1.752330,54.696182,On or near Bridge Street,E01020887,County Durham 045C,Violence and sexual offences,Unable to prosecute suspect,
dc6bc18fa185d7ca5ec3c3e397c1b2d3984a6b453479b79b198cdba1f5d45ce5,2021-05,Durham Constabulary,Durham Constabulary,-1.747327,54.697242,On or near Parkside,E01020887,County Durham 045C,Violence and sexual offences,Unable to prosecute suspect,
bd77a13f0fea5f99fc5179817b4bc9664ed411d9ac4210dd21aad1bd54605b97,2021-05,Durham Constabulary,Durham Constabulary,-1.747327,54.697242,On or near Parkside,E01020887,County Durham 045C,Violence and sexual offences,Unable to prosecute suspect,
ad90448448559ac38fb1ec7c55fdbd27813faecec11e1885127dff5b5f38b4a1,2021-05,Durham Constabulary,Durham Constabulary,-1.747856,54.694484,On or near Bridge Street,E01020887,County Durham 045C,Violence and sexual offences,Unable to prosecute suspect,
804e33c8b86e19e61530da18af72ee81751d4e0b08f3e6a582bf7dfdcc6c8d2a,2021-05,Durham Constabulary,Durham Constabulary,-1.755176,54.695065,On or near Firtree Drive,E01020887,County Durham 045C,Violence and sexual offences,Investigation complete; no suspect identified,
,2021-05,Durham Constabulary,Durham Constabulary,-1.813417,54.742743,On or near St Alban'S Street,E01020892,County Durham 045D,Anti-social behaviour,,
,2021-05,Durham Constabulary,Durham Constabulary,-1.813417,54.742743,On or near St Alban'S Street,E01020892,County Durham 045D,Anti-social behaviour,,
,2021-05,Durham Constabulary,Durham Constabulary,-1.814895,54.748946,On or near Smith Street,E01020892,County Durham 045D,Anti-social behaviour,,
56b9e8096f76a4cce27588d94fb8df15d8ae7459820ee1dea93f3da57aef9aa3,2021-05,Durham Constabulary,Durham Constabulary,-1.825547,54.753824,On or near Inkerman Road,E01020892,County Durham 045D,Burglary,Investigation complete; no suspect identified,
f1725d6f133915618d04ea6a25e3861ab9b2f970b07c741d1d60281a2f779272,2021-05,Durham Constabulary,Durham Constabulary,-1.813417,54.742743,On or near St Alban'S Street,E01020892,County Durham 045D,Burglary,Court result unavailable,
61ecb71345efde216d5ac81ff3f271906c53bb1d83e5624f929d9bb600e9aaf3,2021-05,Durham Constabulary,Durham Constabulary,-1.814895,54.748946,On or near Smith Street,E01020892,County Durham 045D,Criminal damage and arson,Investigation complete; no suspect identified,
636dfca863d35c5bd2c04b48c3faccd66e3992dbb9a4f4acba155f7834bad67a,2021-05,Durham Constabulary,Durham Constabulary,-1.814895,54.748946,On or near Smith Street,E01020892,County Durham 045D,Other theft,Investigation complete; no suspect identified,
aabccc3ced96e117fff2b4346e10e83dd0922c8cdbf54d07c908f1a1fba74e0e,2021-05,Durham Constabulary,Durham Constabulary,-1.825547,54.753824,On or near Inkerman Road,E01020892,County Durham 045D,Other theft,Unable to prosecute suspect,
e6cef1b2679a677614d7133b10adaad17f33575816f0f09362c461926f0119bf,2021-05,Durham Constabulary,Durham Constabulary,-1.814895,54.748946,On or near Smith Street,E01020892,County Durham 045D,Public order,Unable to prosecute suspect,
33c866fd31d1aec7377c905cb634e35ec34c3500af408f5ead84cf7619a88adf,2021-05,Durham Constabulary,Durham Constabulary,-1.825547,54.753824,On or near Inkerman Road,E01020892,County Durham 045D,Vehicle crime,Unable to prosecute suspect,
90171650aa34772022b1af1ba409e8993b0f1549973267a8fb8c13b85fc80bb5,2021-05,Durham Constabulary,Durham Constabulary,-1.814895,54.748946,On or near Smith Street,E01020892,County Durham 045D,Violence and sexual offences,Unable to prosecute suspect,
6912925e541f484d0fc8a2024c3dd8338ca40b18660cfa998d4cc4f5d2fb4e12,2021-05,Durham Constabulary,Durham Constabulary,-1.814895,54.748946,On or near Smith Street,E01020892,County Durham 045D,Violence and sexual offences,Unable to prosecute suspect,
7367dffe7d21352c81c40d975fceb6e63f946385c331a56c33c167f97864bf2d,2021-05,Durham Constabulary,Durham Constabulary,-1.815593,54.742432,On or near Wolsingham Road,E01020892,County Durham 045D,Violence and sexual offences,Unable to prosecute suspect,
64e15ac552e02651c736b909f22f0d8b55f25a4d2473e1d45647cc3b857e97e4,2021-05,Durham Constabulary,Durham Constabulary,-1.815593,54.742432,On or near Wolsingham Road,E01020892,County Durham 045D,Violence and sexual offences,Unable to prosecute suspect,
005f545b418429cfa8143d55d07bbc12f64ee5c6d13b224039f2f9a5b5759097,2021-05,Durham Constabulary,Durham Constabulary,-1.813257,54.743768,On or near Campbell Street,E01020892,County Durham 045D,Violence and sexual offences,Investigation complete; no suspect identified,
87b2226c40577f4bb10d81e85c7f7794f6f587a4019c30ce89f0d05679c2b893,2021-05,Durham Constabulary,Durham Constabulary,-1.814895,54.748946,On or near Smith Street,E01020892,County Durham 045D,Violence and sexual offences,Unable to prosecute suspect,
7b0507de379f4f5c20737af24065965afcd45faf2fce593ce1c5a9bdbed9cfd5,2021-05,Durham Constabulary,Durham Constabulary,-1.814895,54.748946,On or near Smith Street,E01020892,County Durham 045D,Violence and sexual offences,Unable to prosecute suspect,
d31e7f8cb606aae32702a1ab0a0a149d42889d93890c9daa9908237bc57eb6fe,2021-05,Durham Constabulary,Durham Constabulary,-1.815593,54.742432,On or near Wolsingham Road,E01020892,County Durham 045D,Violence and sexual offences,Investigation complete; no suspect identified,
6a814c74f1572381b91b4dd9b6c6a86bf4e867cd1f4fd7f7bd14d65456b876ca,2021-05,Durham Constabulary,Durham Constabulary,-1.814895,54.748946,On or near Smith Street,E01020892,County Durham 045D,Violence and sexual offences,Unable to prosecute suspect,
e9238c134460cb73f6f1a517f29afa2d26c9072299308da25e6aede93f7e4e97,2021-05,Durham Constabulary,Durham Constabulary,-1.813417,54.742743,On or near St Alban'S Street,E01020892,County Durham 045D,Violence and sexual offences,Unable to prosecute suspect,
f10e2a258ce84e2a6a344ff0a3e68ce9e3b18e7058f4aca5fa75a34eee15f285,2021-05,Durham Constabulary,Durham Constabulary,-1.814895,54.748946,On or near Smith Street,E01020892,County Durham 045D,Other crime,Unable to prosecute suspect,
02b45b724db7fa925b86307dd6aec75ea0f2df95ed85a17b8277c5f5013c5337,2021-05,Durham Constabulary,Durham Constabulary,-1.801601,54.732300,On or near A68,E01020894,County Durham 045E,Criminal damage and arson,Investigation complete; no suspect identified,
2d8e784808891511c78abc393b3f7ba3fda3c5eaf85e9b73f14e3d4015cb1928,2021-05,Durham Constabulary,Durham Constabulary,-1.801601,54.732300,On or near A68,E01020894,County Durham 045E,Criminal damage and arson,Action to be taken by another organisation,
92d826ab656baad7f05b0f30dbecdd884fc7b263ba8b9a4f399eb7338777db67,2021-05,Durham Constabulary,Durham Constabulary,-1.814543,54.744336,On or near Supermarket,E01020894,County Durham 045E,Criminal damage and arson,Local resolution,
e9fa7cb70754b4e201a022b50ca19c471aa953be47761b71423f74b89d7ca2dd,2021-05,Durham Constabulary,Durham Constabulary,-1.814816,54.745792,On or near Supermarket,E01020894,County Durham 045E,Shoplifting,Local resolution,
76fc0da36cd49117f123c952e54aacfd16fd808fe44d1305bd16d84f91b06943,2021-05,Durham Constabulary,Durham Constabulary,-1.814816,54.745792,On or near Supermarket,E01020894,County Durham 045E,Violence and sexual offences,Court result unavailable,
d3377a36fcc41ed819397856c28e9e3edfb385af24b798724c8b3b347ce970ae,2021-05,Durham Constabulary,Durham Constabulary,-1.813617,54.746617,On or near Meadow Court,E01020894,County Durham 045E,Violence and sexual offences,Court result unavailable,
286e983f21c54fdbff5937fbdbb86fec4449440cca929970f1b33e8b77b14582,2021-05,Durham Constabulary,Durham Constabulary,-1.814816,54.745792,On or near Supermarket,E01020894,County Durham 045E,Violence and sexual offences,Unable to prosecute suspect,
598b08c9393d7d8ea09312fcfd2504a146fcf50027857c8a94015d49ce2d0260,2021-05,Durham Constabulary,Durham Constabulary,-1.814816,54.745792,On or near Supermarket,E01020894,County Durham 045E,Violence and sexual offences,Unable to prosecute suspect,
3a6844093ff0e68b83a4961bae2158b90dc36c5f40910d1d4675d48c7480fe3b,2021-05,Durham Constabulary,Durham Constabulary,-1.814816,54.745792,On or near Supermarket,E01020894,County Durham 045E,Violence and sexual offences,Unable to prosecute suspect,
,2021-05,Durham Constabulary,Durham Constabulary,-1.738380,54.708528,On or near Esk Gardens,E01020898,County Durham 045F,Anti-social behaviour,,
,2021-05,Durham Constabulary,Durham Constabulary,-1.739275,54.711684,On or near Grasmere Grove,E01020898,County Durham 045F,Anti-social behaviour,,
,2021-05,Durham Constabulary,Durham Constabulary,-1.738819,54.710128,On or near Derwent Avenue,E01020898,County Durham 045F,Anti-social behaviour,,
,2021-05,Durham Constabulary,Durham Constabulary,-1.738819,54.710128,On or near Derwent Avenue,E01020898,County Durham 045F,Anti-social behaviour,,
f827dd55725b722ce7c4b16972a12aef5c977f14300d42b6cd370a81c6f9e91b,2021-05,Durham Constabulary,Durham Constabulary,-1.740434,54.707607,On or near Blencathra Crescent,E01020898,County Durham 045F,Burglary,Investigation complete; no suspect identified,
74b79e69ffc8f51f6cfa2f784db6a7fff5bbe5ebca5370609237f370d6eb1492,2021-05,Durham Constabulary,Durham Constabulary,-1.735187,54.710156,On or near Woodlands Court,E01020898,County Durham 045F,Criminal damage and arson,Investigation complete; no suspect identified,
1ed3d1a6ec587248414b10008a9c57f00c020439afa458db56f0af98e8625c19,2021-05,Durham Constabulary,Durham Constabulary,-1.740846,54.711094,On or near Coniston Crescent,E01020898,County Durham 045F,Drugs,Local resolution,
380eedd04df12dc64f7bd408a967f95d12d97ed797ae7954820a68b3127011a8,2021-05,Durham Constabulary,Durham Constabulary,-1.740846,54.711094,On or near Coniston Crescent,E01020898,County Durham 045F,Violence and sexual offences,Unable to prosecute suspect,
a4e7d38ff5b9447b1f60bdbfe9c8672cc565c4f94ef878f85333554e530b4227,2021-05,Durham Constabulary,Durham Constabulary,-1.740846,54.711094,On or near Coniston Crescent,E01020898,County Durham 045F,Violence and sexual offences,Unable to prosecute suspect,
206f1a1c67b6ce543a346d7c4f1ac9ed24e9af35516f2ff3539e3980a4226fb0,2021-05,Durham Constabulary,Durham Constabulary,-1.741061,54.709055,On or near Patterdale Close,E01020898,County Durham 045F,Violence and sexual offences,Unable to prosecute suspect,
068b9c4a4e39a09a1a6943bc537a66666bc27a3f8ca43d9ed70e212ca027736c,2021-05,Durham Constabulary,Durham Constabulary,-1.741742,54.709416,On or near Ullswater Crescent,E01020898,County Durham 045F,Violence and sexual offences,Status update unavailable,
855262722c64c037cf60bde4ec884ce5f01eebc99b8cde688b73312f4b74f2fd,2021-05,Durham Constabulary,Durham Constabulary,-1.740846,54.711094,On or near Coniston Crescent,E01020898,County Durham 045F,Violence and sexual offences,Unable to prosecute suspect,
f94f25fdf42d6a2b9ceaa087754a6311de03a0f7bb5bf7b9247640c3d324e882,2021-05,Durham Constabulary,Durham Constabulary,-1.741742,54.709416,On or near Ullswater Crescent,E01020898,County Durham 045F,Violence and sexual offences,Unable to prosecute suspect,
14f212c6f14f0a11e5e2cd2e07c9fbac6f5059bc6ee230bbe6ac418f804ec153,2021-05,Durham Constabulary,Durham Constabulary,-1.735187,54.710156,On or near Woodlands Court,E01020898,County Durham 045F,Violence and sexual offences,Investigation complete; no suspect identified,
1e9d5296b9d3916c95e8014e723261dc21f9c44d591b524a5941a2e44ca83a97,2021-05,Durham Constabulary,Durham Constabulary,-1.740434,54.707607,On or near Blencathra Crescent,E01020898,County Durham 045F,Violence and sexual offences,Unable to prosecute suspect,
d014664b420b38785ab769021ec041f4556becd1154b1cfcc3939b5338db1843,2021-05,Durham Constabulary,Durham Constabulary,-1.741061,54.709055,On or near Patterdale Close,E01020898,County Durham 045F,Violence and sexual offences,Unable to prosecute suspect,
a09b62f746256b36c9b51e4fc1a5f75d42350741674d3ab25dabaa8af68b3994,2021-05,Durham Constabulary,Durham Constabulary,-1.741742,54.709416,On or near Ullswater Crescent,E01020898,County Durham 045F,Violence and sexual offences,Unable to prosecute suspect,
ea574797b6ba95027cc51ad93d22feec97031c26c8f790d5e1dd111325002b1a,2021-05,Durham Constabulary,Durham Constabulary,-1.741742,54.709416,On or near Ullswater Crescent,E01020898,County Durham 045F,Violence and sexual offences,Unable to prosecute suspect,
,2021-05,Durham Constabulary,Durham Constabulary,-1.745901,54.711941,On or near Parking Area,E01020877,County Durham 046A,Anti-social behaviour,,
,2021-05,Durham Constabulary,Durham Constabulary,-1.746271,54.714862,On or near Further/Higher Educational Building,E01020877,County Durham 046A,Anti-social behaviour,,
,2021-05,Durham Constabulary,Durham Constabulary,-1.747294,54.715008,On or near Victoria Street,E01020877,County Durham 046A,Anti-social behaviour,,
,2021-05,Durham Constabulary,Durham Constabulary,-1.748028,54.716843,On or near Parking Area,E01020877,County Durham 046A,Anti-social behaviour,,
,2021-05,Durham Constabulary,Durham Constabulary,-1.745901,54.711941,On or near Parking Area,E01020877,County Durham 046A,Anti-social behaviour,,
,2021-05,Durham Constabulary,Durham Constabulary,-1.746169,54.716300,On or near Albert Street,E01020877,County Durham 046A,Anti-social behaviour,,
,2021-05,Durham Constabulary,Durham Constabulary,-1.745901,54.711941,On or near Parking Area,E01020877,County Durham 046A,Anti-social behaviour,,
,2021-05,Durham Constabulary,Durham Constabulary,-1.744395,54.714517,On or near Emmerson Street,E01020877,County Durham 046A,Anti-social behaviour,,
,2021-05,Durham Constabulary,Durham Constabulary,-1.746271,54.714862,On or near Further/Higher Educational Building,E01020877,County Durham 046A,Anti-social behaviour,,
,2021-05,Durham Constabulary,Durham Constabulary,-1.748317,54.715298,On or near Nelson Street,E01020877,County Durham 046A,Anti-social behaviour,,
,2021-05,Durham Constabulary,Durham Constabulary,-1.745901,54.711941,On or near Parking Area,E01020877,County Durham 046A,Anti-social behaviour,,
,2021-05,Durham Constabulary,Durham Constabulary,-1.746814,54.714809,On or near Shopping Area,E01020877,County Durham 046A,Anti-social behaviour,,
,2021-05,Durham Constabulary,Durham Constabulary,-1.746806,54.713650,On or near Croft Street,E01020877,County Durham 046A,Anti-social behaviour,,
12967c8b71109672c9c095e02fc6f337f85291341e4f090598a4c0163c10fb20,2021-05,Durham Constabulary,Durham Constabulary,-1.745421,54.714276,On or near South Street,E01020877,County Durham 046A,Public order,Investigation complete; no suspect identified,
fb82bbd7d155bee02957f93798a655d7d40c827551d36e85a106a2cbd89cf278,2021-05,Durham Constabulary,Durham Constabulary,-1.744884,54.713215,On or near Police Station,E01020877,County Durham 046A,Public order,Unable to prosecute suspect,
7bc4fa57d24564991f77f968e6d88269fb877cc08abdb22c32ff85bd05dc9824,2021-05,Durham Constabulary,Durham Constabulary,-1.745421,54.714276,On or near South Street,E01020877,County Durham 046A,Public order,Unable to prosecute suspect,
d898cbea406560f92942d9d65596cd49961ec60810e7050975ae810e60acb4fa,2021-05,Durham Constabulary,Durham Constabulary,-1.742715,54.715034,On or near West Bridge Street,E01020877,County Durham 046A,Public order,Unable to prosecute suspect,
b63781c93e7d133875e5682d32295ca6f3c0df9048821b5b0c9134c276acb946,2021-05,Durham Constabulary,Durham Constabulary,-1.747294,54.715008,On or near Victoria Street,E01020877,County Durham 046A,Public order,Unable to prosecute suspect,
1cab9068e55589dfcb811c6eee87ad27bbe825c3872b19618f7ad2d47f58b9b0,2021-05,Durham Constabulary,Durham Constabulary,-1.746271,54.714862,On or near Further/Higher Educational Building,E01020877,County Durham 046A,Shoplifting,Investigation complete; no suspect identified,
388bbaf3b870f987c17caffdc20af135181b34423b4d674c421600e8420d3683,2021-05,Durham Constabulary,Durham Constabulary,-1.746271,54.714862,On or near Further/Higher Educational Building,E01020877,County Durham 046A,Shoplifting,Investigation complete; no suspect identified,
26d14214c13c9c4d689f45013ecf4262a8fcee42f72e8992556caed0ecf203df,2021-05,Durham Constabulary,Durham Constabulary,-1.744884,54.713215,On or near Police Station,E01020877,County Durham 046A,Shoplifting,Unable to prosecute suspect,
2cc3a9b3785f30d487928d68b0409c29054123f6fad310a6fbb7176f46151f43,2021-05,Durham Constabulary,Durham Constabulary,-1.745901,54.711941,On or near Parking Area,E01020877,County Durham 046A,Vehicle crime,Investigation complete; no suspect identified,
39da4f6325ae0b71f2fab94a06b64be2d37c85fcb67ee61edae527dcd97519af,2021-05,Durham Constabulary,Durham Constabulary,-1.744240,54.716826,On or near Arthur Street,E01020877,County Durham 046A,Violence and sexual offences,Unable to prosecute suspect,
ddb9aa5dc30ad8cb0bf4453583777d537611d2adce3010462e91cf5b87caa38f,2021-05,Durham Constabulary,Durham Constabulary,-1.745421,54.714276,On or near South Street,E01020877,County Durham 046A,Violence and sexual offences,Court result unavailable,
2c26c564a60824d97a815d8f78fc1e9fbda3f9ca36d2b06ed028f499986b79ad,2021-05,Durham Constabulary,Durham Constabulary,-1.744857,54.712604,On or near Petrol Station,E01020877,County Durham 046A,Violence and sexual offences,Investigation complete; no suspect identified,
024c19f398ccd7350f877c2dea9684528c6b0373e94e537cc2c105997f2fba73,2021-05,Durham Constabulary,Durham Constabulary,-1.744240,54.716826,On or near Arthur Street,E01020877,County Durham 046A,Violence and sexual offences,Unable to prosecute suspect,
886a28e5fa0ea2826ed679cc80d77048b128c9c858b2f71575ef60ef4a85197e,2021-05,Durham Constabulary,Durham Constabulary,-1.745758,54.717395,On or near Wilson Street,E01020877,County Durham 046A,Violence and sexual offences,Investigation complete; no suspect identified,
f88614e03a637fc48932590d93cd352e9b14a60efa67597025d835a842d4d149,2021-05,Durham Constabulary,Durham Constabulary,-1.745901,54.711941,On or near Parking Area,E01020877,County Durham 046A,Violence and sexual offences,Unable to prosecute suspect,
8e06d5d2babd50b05f0c9f505c90c50d11041b2a70c0631678e26e4993ddf2c1,2021-05,Durham Constabulary,Durham Constabulary,-1.747294,54.715008,On or near Victoria Street,E01020877,County Durham 046A,Violence and sexual offences,Unable to prosecute suspect,
14dda9d23bae304a147549992f081ee932d9ca03640cea8fad9b504c77ce3830,2021-05,Durham Constabulary,Durham Constabulary,-1.744240,54.716826,On or near Arthur Street,E01020877,County Durham 046A,Violence and sexual offences,Unable to prosecute suspect,
bc3e9699c842beb30b8d4179af833fcb97284e9b0cf6ea9a2fa0b9c38bfb334e,2021-05,Durham Constabulary,Durham Constabulary,-1.744240,54.716826,On or near Arthur Street,E01020877,County Durham 046A,Violence and sexual offences,Unable to prosecute suspect,
6261072d1249a34ad335724e2b5f0fefc21e2c796a94634ee75d397f76d3dbd0,2021-05,Durham Constabulary,Durham Constabulary,-1.744884,54.713215,On or near Police Station,E01020877,County Durham 046A,Violence and sexual offences,Unable to prosecute suspect,
37ad60b83a9dc5c19c031fd9a60be7f1a25d32d12b0e0843fa99e27454cb8d3d,2021-05,Durham Constabulary,Durham Constabulary,-1.747131,54.716293,On or near Hope Street,E01020877,County Durham 046A,Violence and sexual offences,Unable to prosecute suspect,
60ee08542ff10de41a59c7a0f0aab9c9d3e94e0fbec79274bb4c924577597611,2021-05,Durham Constabulary,Durham Constabulary,-1.744884,54.713215,On or near Police Station,E01020877,County Durham 046A,Violence and sexual offences,Investigation complete; no suspect identified,
8cf358b5f882bb881e0f9806b259de3ba80e04189e559667e1c7d67965e0aeb1,2021-05,Durham Constabulary,Durham Constabulary,-1.744884,54.713215,On or near Police Station,E01020877,County Durham 046A,Violence and sexual offences,Unable to prosecute suspect,
f7beae2f4f8405186f3c33c39cf235baa7171ed917183476315f8e2e4d611846,2021-05,Durham Constabulary,Durham Constabulary,-1.744884,54.713215,On or near Police Station,E01020877,County Durham 046A,Violence and sexual offences,Court result unavailable,
d5c8d96c226ac5c71d429cd56d1a7e8067e1655381a9fe97511a80a61f6fbd21,2021-05,Durham Constabulary,Durham Constabulary,-1.745901,54.711941,On or near Parking Area,E01020877,County Durham 046A,Violence and sexual offences,Unable to prosecute suspect,
a49be1271615719d7dbcef180bdab3f845b44c7638eb04322237ac5eade0d547,2021-05,Durham Constabulary,Durham Constabulary,-1.746169,54.716300,On or near Albert Street,E01020877,County Durham 046A,Violence and sexual offences,Unable to prosecute suspect,
0830f0fc144ea9ff79147e34efd8d2e0f8cbd5102f94238acd41cc197290de1a,2021-05,Durham Constabulary,Durham Constabulary,-1.746271,54.714862,On or near Further/Higher Educational Building,E01020877,County Durham 046A,Other crime,Unable to prosecute suspect,
e4207eb07f68bdbedba2e85ecacb52c55b3fdddd20c719215318e120eaf562b1,2021-05,Durham Constabulary,Durham Constabulary,-1.747914,54.710157,On or near South End Villas,E01020879,County Durham 046B,Violence and sexual offences,Unable to prosecute suspect,
f97c0b364b6ac60f238b6050789ff2c83a98713153feb5031ef40b09d837191c,2021-05,Durham Constabulary,Durham Constabulary,-1.754266,54.709567,On or near Mowbray Close,E01020879,County Durham 046B,Violence and sexual offences,Unable to prosecute suspect,
00524f5b40f1820a7debc6c1bceb307cf9973ac62f79d637ba3896a024c93613,2021-05,Durham Constabulary,Durham Constabulary,-1.755287,54.710145,On or near Sewell Court,E01020879,County Durham 046B,Violence and sexual offences,Unable to prosecute suspect,
8af0966ffe5cc6ad97f283ca861f0cbc900b57c49aca79ccafe9fa35e06fc534,2021-05,Durham Constabulary,Durham Constabulary,-1.747914,54.710157,On or near South End Villas,E01020879,County Durham 046B,Violence and sexual offences,Unable to prosecute suspect,
,2021-05,Durham Constabulary,Durham Constabulary,-1.745365,54.738001,On or near Arthur Terrace,E01020893,County Durham 046C,Anti-social behaviour,,
,2021-05,Durham Constabulary,Durham Constabulary,-1.745365,54.738001,On or near Arthur Terrace,E01020893,County Durham 046C,Anti-social behaviour,,
db9ade2fb15525c3f0025c6880530e32c0260faa38217c63bff151c02087df5a,2021-05,Durham Constabulary,Durham Constabulary,-1.752287,54.731203,On or near Stanley Way,E01020893,County Durham 046C,Criminal damage and arson,Local resolution,
01d0f0dc54bf1bdd5a2f326acf8c9c43c9bafa7e7437089849fb69b8bf9d3160,2021-05,Durham Constabulary,Durham Constabulary,-1.744386,54.735662,On or near High Road,E01020893,County Durham 046C,Criminal damage and arson,Investigation complete; no suspect identified,
c5db7f1f0fd23c447260d83980639ac8511390c63fe26b1bd4cfa34b1fb2374e,2021-05,Durham Constabulary,Durham Constabulary,-1.738012,54.731793,On or near Wilson Street,E01020893,County Durham 046C,Other theft,Investigation complete; no suspect identified,
367b19ff5dd51cc3b504a6eca30a006d1362b9ad586aabb85cb9ddcfd61fbd41,2021-05,Durham Constabulary,Durham Constabulary,-1.751654,54.730582,On or near B6298,E01020893,County Durham 046C,Public order,Further investigation is not in the public interest,
8fc70bb16af3e1f09779efdd9c85117ed2216176beeff1018397772d8d718cea,2021-05,Durham Constabulary,Durham Constabulary,-1.745365,54.738001,On or near Arthur Terrace,E01020893,County Durham 046C,Vehicle crime,Investigation complete; no suspect identified,
7a8ef2872cdad59280f83b7a55d7b2a4cfa4d98d2c3812ae4d8b97858064d905,2021-05,Durham Constabulary,Durham Constabulary,-1.743440,54.732946,On or near Black Road,E01020893,County Durham 046C,Violence and sexual offences,Unable to prosecute suspect,
ddb7c0ffbd06e2a3bbac70e8d7be59aa64235bb88884eee893aeddeb833bc3d5,2021-05,Durham Constabulary,Durham Constabulary,-1.743440,54.732946,On or near Black Road,E01020893,County Durham 046C,Violence and sexual offences,Unable to prosecute suspect,
6f25223e6d4886fa564c350277ebeadb0d172e38106e2718a63ca6a34a6dcdd8,2021-05,Durham Constabulary,Durham Constabulary,-1.749384,54.733624,On or near Well Bank,E01020893,County Durham 046C,Violence and sexual offences,Unable to prosecute suspect,
2702c64218223212b8cad885bd834a554e71fabed4bf6c7d2b3d39f43b625f94,2021-05,Durham Constabulary,Durham Constabulary,-1.752287,54.731203,On or near Stanley Way,E01020893,County Durham 046C,Violence and sexual offences,Unable to prosecute suspect,
43b7a4191d4b0ee3a00145c67e63bdb8e48ccba13fc4492849b0bf35f499ed11,2021-05,Durham Constabulary,Durham Constabulary,-1.749384,54.733624,On or near Well Bank,E01020893,County Durham 046C,Violence and sexual offences,Unable to prosecute suspect,
386d5b3147e0246d84c101f1e1bf0bd34f941c029b5769029988f272b50cd04c,2021-05,Durham Constabulary,Durham Constabulary,-1.749384,54.733624,On or near Well Bank,E01020893,County Durham 046C,Violence and sexual offences,Unable to prosecute suspect,
94722e6f394436ff69c5b923794a57f3b065873a2207ccdeb349b95174536bf1,2021-05,Durham Constabulary,Durham Constabulary,-1.743440,54.732946,On or near Black Road,E01020893,County Durham 046C,Violence and sexual offences,Unable to prosecute suspect,
7f89509163714730251aced2688b5b02d5dc8ac6efcdb631fcce79296ca613a9,2021-05,Durham Constabulary,Durham Constabulary,-1.749384,54.733624,On or near Well Bank,E01020893,County Durham 046C,Violence and sexual offences,Unable to prosecute suspect,
,2021-05,Durham Constabulary,Durham Constabulary,-1.738716,54.714172,On or near Victoria Avenue,E01020899,County Durham 046D,Anti-social behaviour,,
,2021-05,Durham Constabulary,Durham Constabulary,-1.716703,54.712352,On or near Russ Street,E01020899,County Durham 046D,Anti-social behaviour,,
7cdd283e1a81467b3d01781649dd1efddae9ee4674925e4bf801536ea4a584ca,2021-05,Durham Constabulary,Durham Constabulary,-1.741168,54.714231,On or near Linton Terrace,E01020899,County Durham 046D,Other theft,Investigation complete; no suspect identified,
b54ea7558f25571e0744f0aa7faf68fd8a28c7b12883e8b8ce241c7f8d9ec145,2021-05,Durham Constabulary,Durham Constabulary,-1.732560,54.710834,On or near Job'S Hill Bank,E01020899,County Durham 046D,Violence and sexual offences,Unable to prosecute suspect,
74c10857bd12fe50db2215757970867e8a1c88c93452c925fbd7d70308ba5ca3,2021-05,Durham Constabulary,Durham Constabulary,-1.740047,54.714750,On or near Sandringham Road,E01020899,County Durham 046D,Violence and sexual offences,Unable to prosecute suspect,
ddb732efae8d62eba188ab31d53c2329e1a5890ceee8bf3eef597625385a0646,2021-05,Durham Constabulary,Durham Constabulary,-1.733230,54.710368,On or near Dale View,E01020899,County Durham 046D,Violence and sexual offences,Unable to prosecute suspect,
6e86ed49d64c6f4c98e940cef867ceaa905ae5ba96446b5f4e7a01049503877d,2021-05,Durham Constabulary,Durham Constabulary,-1.740047,54.714750,On or near Sandringham Road,E01020899,County Durham 046D,Violence and sexual offences,Investigation complete; no suspect identified,
41e021af8a5d3f9bbb3bb979d47f152f3a70d7f0bafa6e85b535668cccd9cfe7,2021-05,Durham Constabulary,Durham Constabulary,-1.733230,54.710368,On or near Dale View,E01020899,County Durham 046D,Violence and sexual offences,Unable to prosecute suspect,
153444c6134409113ad4ec1891a3048b82a159b72f3e33c38d67855b72d4578b,2021-05,Durham Constabulary,Durham Constabulary,-1.742677,54.716176,On or near Mill Street,E01020899,County Durham 046D,Other crime,Investigation complete; no suspect identified,
,2021-05,Durham Constabulary,Durham Constabulary,-1.639143,54.713989,On or near Parking Area,E01020903,County Durham 046E,Anti-social behaviour,,
5a075b7eb31a2c7a3b8eefb334178e6ce294fd971b5b117a03aae99b81d6d7c1,2021-05,Durham Constabulary,Durham Constabulary,-1.688591,54.726860,On or near Mullin Close,E01020903,County Durham 046E,Drugs,Court result unavailable,
8de90970a56a53d5f0354ff80b1374a40415ddd384610cefc99b36ea5896af06,2021-05,Durham Constabulary,Durham Constabulary,-1.690347,54.712405,On or near Rosedale Terrace,E01020903,County Durham 046E,Other theft,Unable to prosecute suspect,
82ce83c81d2f3e4b1009a950d2c33554a174891caed649ae47ea3553b299a99d,2021-05,Durham Constabulary,Durham Constabulary,-1.690963,54.713062,On or near Albion Place,E01020903,County Durham 046E,Violence and sexual offences,Unable to prosecute suspect,
,2021-05,Durham Constabulary,Durham Constabulary,-1.698232,54.708192,On or near Robinson Close,E01020904,County Durham 046F,Anti-social behaviour,,
,2021-05,Durham Constabulary,Durham Constabulary,-1.698667,54.712354,On or near Mill Street,E01020904,County Durham 046F,Anti-social behaviour,,
,2021-05,Durham Constabulary,Durham Constabulary,-1.698532,54.709532,On or near Myers Grove,E01020904,County Durham 046F,Anti-social behaviour,,
,2021-05,Durham Constabulary,Durham Constabulary,-1.697504,54.710077,On or near Denewood Close,E01020904,County Durham 046F,Anti-social behaviour,,
,2021-05,Durham Constabulary,Durham Constabulary,-1.698667,54.712354,On or near Mill Street,E01020904,County Durham 046F,Anti-social behaviour,,
,2021-05,Durham Constabulary,Durham Constabulary,-1.698667,54.712354,On or near Mill Street,E01020904,County Durham 046F,Anti-social behaviour,,
,2021-05,Durham Constabulary,Durham Constabulary,-1.696712,54.712223,On or near High Street,E01020904,County Durham 046F,Anti-social behaviour,,
,2021-05,Durham Constabulary,Durham Constabulary,-1.703896,54.710390,On or near Burnington Drive,E01020904,County Durham 046F,Anti-social behaviour,,
,2021-05,Durham Constabulary,Durham Constabulary,-1.697206,54.710544,On or near Larmouth Close,E01020904,County Durham 046F,Anti-social behaviour,,
,2021-05,Durham Constabulary,Durham Constabulary,-1.697206,54.710544,On or near Larmouth Close,E01020904,County Durham 046F,Anti-social behaviour,,
,2021-05,Durham Constabulary,Durham Constabulary,-1.697206,54.710544,On or near Larmouth Close,E01020904,County Durham 046F,Anti-social behaviour,,
,2021-05,Durham Constabulary,Durham Constabulary,-1.698532,54.709532,On or near Myers Grove,E01020904,County Durham 046F,Anti-social behaviour,,
bbb58f0a08201c3f104d477bea99b1decccc7be856af4d46e53dae584aa03284,2021-05,Durham Constabulary,Durham Constabulary,-1.702746,54.714844,On or near Carville Terrace,E01020904,County Durham 046F,Drugs,Offender given a caution,
0afb03bc5ebcb4f51ce799dc129e951aad462065883938cb7e0a20dc3b52684a,2021-05,Durham Constabulary,Durham Constabulary,-1.696712,54.712223,On or near High Street,E01020904,County Durham 046F,Other theft,Investigation complete; no suspect identified,
2eddfc51d8ac7c1a2b8069cca6c084e5b3ffc0fe965eb6107536ad177ccaed97,2021-05,Durham Constabulary,Durham Constabulary,-1.704941,54.713915,On or near West Road,E01020904,County Durham 046F,Public order,Court result unavailable,
1291f7349ad6dfa18ac2f8f9c03152c0ebef94153743a96e3a6d06a4d06b8d8c,2021-05,Durham Constabulary,Durham Constabulary,-1.696885,54.707685,On or near Lewthwaite Gardens,E01020904,County Durham 046F,Public order,Further action is not in the public interest,
24d2261e476c9c70a3ed581b8c9c2be550f26b1a738e31291680fa3d2e9cddd1,2021-05,Durham Constabulary,Durham Constabulary,-1.698667,54.712354,On or near Mill Street,E01020904,County Durham 046F,Violence and sexual offences,Unable to prosecute suspect,
07ed9231dc3715a2e8c016bde2f53e404504c26c3a6d716eb1333c7f350c6eb7,2021-05,Durham Constabulary,Durham Constabulary,-1.696712,54.712223,On or near High Street,E01020904,County Durham 046F,Violence and sexual offences,Unable to prosecute suspect,
dbad8651cbf72401fc1ddc647a3d5acfd137abdb627198801fb559416c03a46d,2021-05,Durham Constabulary,Durham Constabulary,-1.704941,54.713915,On or near West Road,E01020904,County Durham 046F,Violence and sexual offences,Court result unavailable,
62f06b17c02f74646ccec6b6ce2916e2a163fdcadbc4f423cca4d312b600a986,2021-05,Durham Constabulary,Durham Constabulary,-1.698232,54.708192,On or near Robinson Close,E01020904,County Durham 046F,Violence and sexual offences,Unable to prosecute suspect,
60dc71afa51087038006575edb5b3f1910f4bac82be2f6b6d89e1d9262261a62,2021-05,Durham Constabulary,Durham Constabulary,-1.696712,54.712223,On or near High Street,E01020904,County Durham 046F,Violence and sexual offences,Investigation complete; no suspect identified,
0a29e16900b454d5525a1e9155a2e0bd53efbd49943d0fe42fbca8f01b2ca423,2021-05,Durham Constabulary,Durham Constabulary,-1.698232,54.708192,On or near Robinson Close,E01020904,County Durham 046F,Violence and sexual offences,Unable to prosecute suspect,
4c253fc8146cf486256124527140caa45b4685f225e1d17d205eb10e577cb790,2021-05,Durham Constabulary,Durham Constabulary,-1.703896,54.710390,On or near Burnington Drive,E01020904,County Durham 046F,Violence and sexual offences,Unable to prosecute suspect,
ff946c4874b7f4878c15af52127ae1fb59b0cc6376a19f4efe45048fae0e1093,2021-05,Durham Constabulary,Durham Constabulary,-1.697504,54.710077,On or near Denewood Close,E01020904,County Durham 046F,Violence and sexual offences,Unable to prosecute suspect,
8b0ce744864ef492a7f1e86a9645a80cfe81f8a90422fadff606184bb984e2e6,2021-05,Durham Constabulary,Durham Constabulary,-1.698667,54.712354,On or near Mill Street,E01020904,County Durham 046F,Violence and sexual offences,Unable to prosecute suspect,
af85c78374cc4a7e2825d7b3de6609882d8dae57138ecffe67bb4d07839fa004,2021-05,Durham Constabulary,Durham Constabulary,-1.695339,54.708958,On or near Gardener Avenue,E01020904,County Durham 046F,Violence and sexual offences,Action to be taken by another organisation,
8663c18acccf1f1774a2b07cf6ad627f7d9dfa4287b73c35f4b3192f5320fc16,2021-05,Durham Constabulary,Durham Constabulary,-1.698667,54.712354,On or near Mill Street,E01020904,County Durham 046F,Violence and sexual offences,Unable to prosecute suspect,
4445ccb3e3e21cb84682a9810d3ae4b7f4968e7864f6e2356bc6c36625fc5d2a,2021-05,Durham Constabulary,Durham Constabulary,-1.696712,54.712223,On or near High Street,E01020904,County Durham 046F,Violence and sexual offences,Unable to prosecute suspect,
d05225ee2716cd808fcbc81ea21f214385a1ab687b8daffe51fad4b39362e3c1,2021-05,Durham Constabulary,Durham Constabulary,-1.698667,54.712354,On or near Mill Street,E01020904,County Durham 046F,Violence and sexual offences,Unable to prosecute suspect,
,2021-05,Durham Constabulary,Durham Constabulary,-1.605774,54.705635,On or near Mayfields,E01020817,County Durham 047A,Anti-social behaviour,,
,2021-05,Durham Constabulary,Durham Constabulary,-1.605774,54.705635,On or near Mayfields,E01020817,County Durham 047A,Anti-social behaviour,,
ffa754ee5efdff2e8001e86f3463409b60c674d7f02c190aa04d6e0cf7ae176c,2021-05,Durham Constabulary,Durham Constabulary,-1.609369,54.711012,On or near Cartmel Court,E01020817,County Durham 047A,Burglary,Investigation complete; no suspect identified,
905d7bb8d8a51b43b3b7e40d7a920b44d6580ca6e4187189486048f911723487,2021-05,Durham Constabulary,Durham Constabulary,-1.596165,54.708956,On or near Shopping Area,E01020817,County Durham 047A,Burglary,Investigation complete; no suspect identified,
3eececfa0099f29b7fef214ca3d12541d49ab45501c2a8570c14eea0ceb8e282,2021-05,Durham Constabulary,Durham Constabulary,-1.596165,54.708956,On or near Shopping Area,E01020817,County Durham 047A,Criminal damage and arson,Investigation complete; no suspect identified,
29a16d28e33d2ec5cad2065ae7688732c54ba6d09cbbad54d11014c710f1d639,2021-05,Durham Constabulary,Durham Constabulary,-1.611275,54.709688,On or near Dunelm Court,E01020817,County Durham 047A,Criminal damage and arson,Investigation complete; no suspect identified,
6cff5b61c6d2a712e885cd3740efe4a271280cd16bc805de1fc131a342327f25,2021-05,Durham Constabulary,Durham Constabulary,-1.605774,54.705635,On or near Mayfields,E01020817,County Durham 047A,Drugs,Offender given a caution,
366b5597c661b4bd45e7bf7f40474cbe045999330e761934fb7bc7e9f6365cea,2021-05,Durham Constabulary,Durham Constabulary,-1.596165,54.708956,On or near Shopping Area,E01020817,County Durham 047A,Other theft,Unable to prosecute suspect,
1632079872c5b91425c1395215beb612a9d3088321794d80e141863d8a098ffa,2021-05,Durham Constabulary,Durham Constabulary,-1.605774,54.705635,On or near Mayfields,E01020817,County Durham 047A,Public order,Court result unavailable,
97aeb359dfe7d7e25ff46cb25c9cd369b18690813d9f9e7c16206bf6d6177cca,2021-05,Durham Constabulary,Durham Constabulary,-1.605774,54.705635,On or near Mayfields,E01020817,County Durham 047A,Violence and sexual offences,Unable to prosecute suspect,
ec0656ae12f226ef8a1ab09b8a0b93beeb5d04a54d737fbe2e248167a764692e,2021-05,Durham Constabulary,Durham Constabulary,-1.605774,54.705635,On or near Mayfields,E01020817,County Durham 047A,Violence and sexual offences,Unable to prosecute suspect,
,2021-05,Durham Constabulary,Durham Constabulary,-1.589078,54.703818,On or near Neville Close,E01020818,County Durham 047B,Anti-social behaviour,,
1a83902c5694830aa246d656f3fb08e5a61556eb1b46b4c622390af4db09c029,2021-05,Durham Constabulary,Durham Constabulary,-1.588182,54.701883,On or near Ullswater Close,E01020818,County Durham 047B,Criminal damage and arson,Investigation complete; no suspect identified,
2fcb16de7863fe8db9ffea2d4192bc9f7b2ad519650fc93727d2c08ca57e9918,2021-05,Durham Constabulary,Durham Constabulary,-1.588182,54.701883,On or near Ullswater Close,E01020818,County Durham 047B,Criminal damage and arson,Unable to prosecute suspect,
5f4bddf8585c6876be5834f942c7106e1c59debaae259adc83643de613796c9e,2021-05,Durham Constabulary,Durham Constabulary,-1.588182,54.701883,On or near Ullswater Close,E01020818,County Durham 047B,Violence and sexual offences,Unable to prosecute suspect,
3c5e1cb70532701a25b1bab6d09b14d1c44b6dd0a711a2a53eaecb1859658480,2021-05,Durham Constabulary,Durham Constabulary,-1.596254,54.703115,On or near Gerard Street,E01020818,County Durham 047B,Violence and sexual offences,Investigation complete; no suspect identified,
5bf26c7230c4797a417e77158864cb343b83b8b0eebbba148159698891508ad1,2021-05,Durham Constabulary,Durham Constabulary,-1.595208,54.703821,On or near South Terrace,E01020818,County Durham 047B,Violence and sexual offences,Unable to prosecute suspect,
,2021-05,Durham Constabulary,Durham Constabulary,-1.600223,54.701977,On or near High Grange Road,E01020819,County Durham 047C,Anti-social behaviour,,
,2021-05,Durham Constabulary,Durham Constabulary,-1.601393,54.704515,On or near Tyne Crescent,E01020819,County Durham 047C,Anti-social behaviour,,
,2021-05,Durham Constabulary,Durham Constabulary,-1.602760,54.702741,On or near Deneside,E01020819,County Durham 047C,Anti-social behaviour,,
6ca46cb345d78b66e106c27276dc804a0d0498022772f8d62bfe869497bacc98,2021-05,Durham Constabulary,Durham Constabulary,-1.602760,54.702741,On or near Deneside,E01020819,County Durham 047C,Criminal damage and arson,Unable to prosecute suspect,
444c3361792e8302cec722c214f5855478f8721c328316baae55ce41df61239b,2021-05,Durham Constabulary,Durham Constabulary,-1.604483,54.702656,On or near Ox Close Crescent,E01020819,County Durham 047C,Public order,Court result unavailable,
e9dde5ddc95dfdcea2b11f8581d2f93122c428b2ad2b85c5755d2e10ac39583b,2021-05,Durham Constabulary,Durham Constabulary,-1.604483,54.702656,On or near Ox Close Crescent,E01020819,County Durham 047C,Public order,Unable to prosecute suspect,
dc68d77d8b2c793a8e333e389af94e6432c45d23fd244ae1b7fb3cae10bc734d,2021-05,Durham Constabulary,Durham Constabulary,-1.601393,54.704515,On or near Tyne Crescent,E01020819,County Durham 047C,Violence and sexual offences,Unable to prosecute suspect,
cefa4d0b3a83662d05ef90f4d2e58a7255c43ee16e28c3e74800c470ddc66085,2021-05,Durham Constabulary,Durham Constabulary,-1.601393,54.704515,On or near Tyne Crescent,E01020819,County Durham 047C,Violence and sexual offences,Unable to prosecute suspect,
edfb69ce6d9f44966d2e4947a85040856fb29a379f3be5d88188fe4b384b9d2f,2021-05,Durham Constabulary,Durham Constabulary,-1.610179,54.709028,On or near Caldermere,E01020837,County Durham 047D,Criminal damage and arson,Investigation complete; no suspect identified,
2d3a7a654b36fe2f6236c37c71b65fdb46b500840836f74d05a8a984f1226951,2021-05,Durham Constabulary,Durham Constabulary,-1.613326,54.706208,On or near Keldmere,E01020837,County Durham 047D,Criminal damage and arson,Investigation complete; no suspect identified,
c856dbc0ce50e5f704f14fd2bafc736da1c61f6127d4f68bc9e1dd88a58df08f,2021-05,Durham Constabulary,Durham Constabulary,-1.610179,54.709028,On or near Caldermere,E01020837,County Durham 047D,Criminal damage and arson,Investigation complete; no suspect identified,
48ceb36210b341852526aeb29c906acd744ef5ea5c919ed090ac4b4a24e1b3e6,2021-05,Durham Constabulary,Durham Constabulary,-1.611353,54.707990,On or near Thirlmere,E01020837,County Durham 047D,Public order,Local resolution,
604da35005a9d9a5c1f60e5cfe8147a0bc889d3e0c36c2e04cfefba31e2477b1,2021-05,Durham Constabulary,Durham Constabulary,-1.611353,54.707990,On or near Thirlmere,E01020837,County Durham 047D,Violence and sexual offences,Unable to prosecute suspect,
c9ced1d1724e5a49fdf53c51fd1ef0ccf313ad43c9235e17b5cbff5541b56e33,2021-05,Durham Constabulary,Durham Constabulary,-1.588418,54.715400,On or near B6288,E01020843,County Durham 047E,Criminal damage and arson,Unable to prosecute suspect,
c8befe7a84abbc784992bede69a351f42da7c96797b1dfc144bdddb95f8c490e,2021-05,Durham Constabulary,Durham Constabulary,-1.591534,54.712705,On or near Tudhoe Lane,E01020843,County Durham 047E,Public order,Unable to prosecute suspect,
460c466bc5da1597686800ac2087d8c277c18d8640288a0799dc5fc98ec15a49,2021-05,Durham Constabulary,Durham Constabulary,-1.588418,54.715400,On or near B6288,E01020843,County Durham 047E,Theft from the person,Investigation complete; no suspect identified,
ca1d5aa7d6a7a4d99c5b6b669e8cfdaaeb0daaffafe98c3b4e725e5caf6da4cb,2021-05,Durham Constabulary,Durham Constabulary,-1.584395,54.711055,On or near Briony Close,E01020843,County Durham 047E,Violence and sexual offences,Unable to prosecute suspect,
cc13d4d897abbba088076b9a06a200019f30c7bece6636aea4f812d0e02a7e4e,2021-05,Durham Constabulary,Durham Constabulary,-1.579275,54.709392,On or near York Hill Road,E01020843,County Durham 047E,Violence and sexual offences,Unable to prosecute suspect,
0e1fafab5abdcce376d671a4f350ae22d1f1b79c23ae623c79e6d220d469535f,2021-05,Durham Constabulary,Durham Constabulary,-1.591534,54.712705,On or near Tudhoe Lane,E01020843,County Durham 047E,Violence and sexual offences,Unable to prosecute suspect,
bb422cc52ebde3cdc4f935e9f8ccdc637bbaf309ee1ea98f72274a50c6bf9804,2021-05,Durham Constabulary,Durham Constabulary,-1.588418,54.715400,On or near B6288,E01020843,County Durham 047E,Violence and sexual offences,Action to be taken by another organisation,
8505ca0186b10a650277ff5ea563c4993ffa4d5bf31dc8c1fb95f9ad32a77c8d,2021-05,Durham Constabulary,Durham Constabulary,-1.584395,54.711055,On or near Briony Close,E01020843,County Durham 047E,Violence and sexual offences,Unable to prosecute suspect,
8224a02e601fbec8466d04d0f6eb5a014869f732416674d02432a23b6d7ec523,2021-05,Durham Constabulary,Durham Constabulary,-1.588418,54.715400,On or near B6288,E01020843,County Durham 047E,Violence and sexual offences,Action to be taken by another organisation,
,2021-05,Durham Constabulary,Durham Constabulary,-1.432818,54.699818,On or near West Grove,E01020809,County Durham 048A,Anti-social behaviour,,
,2021-05,Durham Constabulary,Durham Constabulary,-1.431079,54.695416,On or near Meadow Road,E01020809,County Durham 048A,Anti-social behaviour,,
,2021-05,Durham Constabulary,Durham Constabulary,-1.429257,54.695955,On or near Newlands Road,E01020809,County Durham 048A,Anti-social behaviour,,
,2021-05,Durham Constabulary,Durham Constabulary,-1.431079,54.695416,On or near Meadow Road,E01020809,County Durham 048A,Anti-social behaviour,,
23df284bc3e0dd9928f8443cb1ff30e8dfad3bb38f4e0f0fbbebce30db918b9d,2021-05,Durham Constabulary,Durham Constabulary,-1.429257,54.695955,On or near Newlands Road,E01020809,County Durham 048A,Criminal damage and arson,Status update unavailable,
cc7307d1eee6356f0918c6607edbf3c0e8018a7905f6d3621f5e9fcaf130140f,2021-05,Durham Constabulary,Durham Constabulary,-1.431409,54.697394,On or near Wynyard Road,E01020809,County Durham 048A,Criminal damage and arson,Investigation complete; no suspect identified,
e8c0a87af1696091ad9b7b8e583db840f0941f77e55f2092f4e2addb9a718f81,2021-05,Durham Constabulary,Durham Constabulary,-1.431079,54.695416,On or near Meadow Road,E01020809,County Durham 048A,Criminal damage and arson,Unable to prosecute suspect,
1e33098865a8c4315c7dc1a58c370217b90f7eaa8db5950ad0adf2fe6c35cf3d,2021-05,Durham Constabulary,Durham Constabulary,-1.431090,54.700233,On or near Lilac Grove,E01020809,County Durham 048A,Criminal damage and arson,Unable to prosecute suspect,
9ad797891a8e1a3ba394b0b6e2ac4c822a40988959b5e5f949e3cd7af429d929,2021-05,Durham Constabulary,Durham Constabulary,-1.429257,54.695955,On or near Newlands Road,E01020809,County Durham 048A,Violence and sexual offences,Unable to prosecute suspect,
8967434ad41b9d3230d16d9dc67500a58ac08cd2b5db602a399857ebde16bfed,2021-05,Durham Constabulary,Durham Constabulary,-1.429257,54.695955,On or near Newlands Road,E01020809,County Durham 048A,Violence and sexual offences,Unable to prosecute suspect,
4e951ace993d745a25aab555372c820d46c0f43b6f65c7531d094b4d5eb90a98,2021-05,Durham Constabulary,Durham Constabulary,-1.432818,54.699818,On or near West Grove,E01020809,County Durham 048A,Violence and sexual offences,Unable to prosecute suspect,
99a75ce7d090ced3bd64ea0a66db9f0339689f203a424e88fe7c7ba902f5dfd7,2021-05,Durham Constabulary,Durham Constabulary,-1.429257,54.695955,On or near Newlands Road,E01020809,County Durham 048A,Violence and sexual offences,Unable to prosecute suspect,
,2021-05,Durham Constabulary,Durham Constabulary,-1.439998,54.678670,On or near Parking Area,E01020810,County Durham 048B,Anti-social behaviour,,
,2021-05,Durham Constabulary,Durham Constabulary,-1.435795,54.684321,On or near Salter'S Lane,E01020810,County Durham 048B,Anti-social behaviour,,
,2021-05,Durham Constabulary,Durham Constabulary,-1.443497,54.683701,On or near Sedgefield Terrace,E01020810,County Durham 048B,Anti-social behaviour,,
,2021-05,Durham Constabulary,Durham Constabulary,-1.439998,54.678670,On or near Parking Area,E01020810,County Durham 048B,Anti-social behaviour,,
0698ca8c6bc951eecf26aabfb62e28a049da96f4995e620ada5089ef6ad3ae92,2021-05,Durham Constabulary,Durham Constabulary,-1.439998,54.678670,On or near Parking Area,E01020810,County Durham 048B,Burglary,Investigation complete; no suspect identified,
f11c8cf13825d981c8f60d25511ab79b16efd62e7fa9be43cb59ac95d8f29554,2021-05,Durham Constabulary,Durham Constabulary,-1.443497,54.683701,On or near Sedgefield Terrace,E01020810,County Durham 048B,Burglary,Investigation complete; no suspect identified,
fbb429b9884f6e3aaf2eacf7f2f21718a2ee9217f205f38e0a29d65832097c51,2021-05,Durham Constabulary,Durham Constabulary,-1.443497,54.683701,On or near Sedgefield Terrace,E01020810,County Durham 048B,Burglary,Investigation complete; no suspect identified,
0abe9001ad4593f1440afbc8c2a0e8f3ab8237e66849761a1c15d3667b532736,2021-05,Durham Constabulary,Durham Constabulary,-1.435024,54.683976,On or near East View,E01020810,County Durham 048B,Burglary,Investigation complete; no suspect identified,
6e8c0d2c38a2270f2c0be8724456096b0ccd254b60d898f6b6f1400c41347e71,2021-05,Durham Constabulary,Durham Constabulary,-1.439998,54.678670,On or near Parking Area,E01020810,County Durham 048B,Drugs,Court result unavailable,
7f68ec8a7678e5698bcc441f3a7f9c0c6eebabda0d09231d4d9290a842636088,2021-05,Durham Constabulary,Durham Constabulary,-1.443497,54.683701,On or near Sedgefield Terrace,E01020810,County Durham 048B,Drugs,Court result unavailable,
c2f7ff1b5ca90d6f6f003db69bcad57fa24dd588c0a62851cd9423f9b47158f6,2021-05,Durham Constabulary,Durham Constabulary,-1.439998,54.678670,On or near Parking Area,E01020810,County Durham 048B,Other theft,Investigation complete; no suspect identified,
c600bbdc611a516fb56d6b9138bfcfc2184bfee5b4397a465ffd332eb8143a63,2021-05,Durham Constabulary,Durham Constabulary,-1.439998,54.678670,On or near Parking Area,E01020810,County Durham 048B,Other theft,Unable to prosecute suspect,
809676d00e9ced0590d745d3570f8f85df96f1eef5b1657b3d06f6b1adbdfd04,2021-05,Durham Constabulary,Durham Constabulary,-1.443497,54.683701,On or near Sedgefield Terrace,E01020810,County Durham 048B,Other theft,Unable to prosecute suspect,
e981d528a4fe349aef7996c3833c8b62d054ab07f01f33f6472eef1b2234deb4,2021-05,Durham Constabulary,Durham Constabulary,-1.439998,54.678670,On or near Parking Area,E01020810,County Durham 048B,Vehicle crime,Investigation complete; no suspect identified,
68aabb9561b38dc3e2dce7b2199c37342d1c93c2b3148a53f86982aa00a40476,2021-05,Durham Constabulary,Durham Constabulary,-1.439998,54.678670,On or near Parking Area,E01020810,County Durham 048B,Vehicle crime,Investigation complete; no suspect identified,
385799097837b9f0b8fafc18f9ddaa89307e4ac8c8f6ae90248fa2cb58a07d7f,2021-05,Durham Constabulary,Durham Constabulary,-1.443497,54.683701,On or near Sedgefield Terrace,E01020810,County Durham 048B,Violence and sexual offences,Court result unavailable,
9569fd20f99226df512185ee8a9bea876826d6095244cf0193eded08ff92923b,2021-05,Durham Constabulary,Durham Constabulary,-1.435024,54.683976,On or near East View,E01020810,County Durham 048B,Violence and sexual offences,Unable to prosecute suspect,
7e2d2167dcff5788854feb4c9d6421ed4227b1d1f0d9dd4f61012990697eaec3,2021-05,Durham Constabulary,Durham Constabulary,-1.443497,54.683701,On or near Sedgefield Terrace,E01020810,County Durham 048B,Violence and sexual offences,Unable to prosecute suspect,
5a89460f482da8f3e2f1eb7ab049aae9151819b48984a4cbd2e500a3aa6b09e5,2021-05,Durham Constabulary,Durham Constabulary,-1.435024,54.683976,On or near East View,E01020810,County Durham 048B,Violence and sexual offences,Unable to prosecute suspect,
,2021-05,Durham Constabulary,Durham Constabulary,-1.439447,54.682657,On or near South View,E01020811,County Durham 048C,Anti-social behaviour,,
,2021-05,Durham Constabulary,Durham Constabulary,-1.435366,54.680563,On or near Heatherdene Road,E01020811,County Durham 048C,Anti-social behaviour,,
,2021-05,Durham Constabulary,Durham Constabulary,-1.439447,54.682657,On or near South View,E01020811,County Durham 048C,Anti-social behaviour,,
,2021-05,Durham Constabulary,Durham Constabulary,-1.431276,54.680283,On or near Millfield Road,E01020811,County Durham 048C,Anti-social behaviour,,
,2021-05,Durham Constabulary,Durham Constabulary,-1.439447,54.682657,On or near South View,E01020811,County Durham 048C,Anti-social behaviour,,
,2021-05,Durham Constabulary,Durham Constabulary,-1.439447,54.682657,On or near South View,E01020811,County Durham 048C,Anti-social behaviour,,
65e990777d4d396527d570d227f8084a519dc5eecf1944647cf962d08f7e4d19,2021-05,Durham Constabulary,Durham Constabulary,-1.436146,54.680252,On or near Beechwood Road,E01020811,County Durham 048C,Burglary,Unable to prosecute suspect,
a4766826c16b8e37562b7bbd21e243059857710e51b8c0c6dc12a03c3afedacc,2021-05,Durham Constabulary,Durham Constabulary,-1.436146,54.680252,On or near Beechwood Road,E01020811,County Durham 048C,Burglary,Unable to prosecute suspect,
a613e531e16497db69055d79ee4ed82095d3bc15bab6aea67984fddfc6b4d998,2021-05,Durham Constabulary,Durham Constabulary,-1.436146,54.680252,On or near Beechwood Road,E01020811,County Durham 048C,Violence and sexual offences,Unable to prosecute suspect,
ba6af79e2ff4c1c206171c912836007b3cdd4bb75ee208fb8ca3c3465370a8b0,2021-05,Durham Constabulary,Durham Constabulary,-1.435905,54.679747,On or near Springfield Road,E01020811,County Durham 048C,Violence and sexual offences,Unable to prosecute suspect,
125795aaa61741b0ebfeeaf14cbd6e2e43868faabbc3b53f4df7e30cb8833860,2021-05,Durham Constabulary,Durham Constabulary,-1.439447,54.682657,On or near South View,E01020811,County Durham 048C,Violence and sexual offences,Unable to prosecute suspect,
5f2e835c534ba4d60fa1d4045a5536c20c6f761ffe624fefd276cb33347ad441,2021-05,Durham Constabulary,Durham Constabulary,-1.431276,54.680283,On or near Millfield Road,E01020811,County Durham 048C,Violence and sexual offences,Court result unavailable,
,2021-05,Durham Constabulary,Durham Constabulary,-1.428046,54.700416,On or near Myrtle Grove,E01020812,County Durham 048D,Anti-social behaviour,,
,2021-05,Durham Constabulary,Durham Constabulary,-1.427126,54.697401,On or near Sports/Recreation Area,E01020812,County Durham 048D,Anti-social behaviour,,
,2021-05,Durham Constabulary,Durham Constabulary,-1.427126,54.697401,On or near Sports/Recreation Area,E01020812,County Durham 048D,Anti-social behaviour,,
7b53408a6a9b7d8d79ed410c43fdefe702b708b3920e8138be65266a5f6ee9c1,2021-05,Durham Constabulary,Durham Constabulary,-1.425789,54.702032,On or near Vicarage Drive,E01020812,County Durham 048D,Burglary,Investigation complete; no suspect identified,
e3ac1fccd0da6103e07385ea38b8da26e61fe5e06b1415cd90db7f3dcaf043c0,2021-05,Durham Constabulary,Durham Constabulary,-1.431970,54.702771,On or near St Cuthbert'S Crescent,E01020812,County Durham 048D,Criminal damage and arson,Investigation complete; no suspect identified,
b818ff6ddb5ae2edf9fb950b54133f2ffca8f9b3c49695a119402bdcc74d0cc6,2021-05,Durham Constabulary,Durham Constabulary,-1.428675,54.699826,On or near Church Road,E01020812,County Durham 048D,Public order,Court result unavailable,
20870e0a0df76f6cad40ded1423094c6048e15cb4ed141e545f0364fb5ad85be,2021-05,Durham Constabulary,Durham Constabulary,-1.427126,54.697401,On or near Sports/Recreation Area,E01020812,County Durham 048D,Public order,Unable to prosecute suspect,
7e79a98ee1198ef6f7118bdcbb7a3546cffab4d4a99063ad65b7323a15203e2f,2021-05,Durham Constabulary,Durham Constabulary,-1.428046,54.700416,On or near Myrtle Grove,E01020812,County Durham 048D,Vehicle crime,Investigation complete; no suspect identified,
739385c9c67211fc953cf5553bd0e485e2ab0fabb4e2c6b46508fa1f3193c77b,2021-05,Durham Constabulary,Durham Constabulary,-1.427126,54.697401,On or near Sports/Recreation Area,E01020812,County Durham 048D,Violence and sexual offences,Unable to prosecute suspect,
0656c675c8a20b4ae65efb15de487fd427d3fe7501fef47409000b660dd4c931,2021-05,Durham Constabulary,Durham Constabulary,-1.428181,54.701809,On or near Front Street South,E01020812,County Durham 048D,Violence and sexual offences,Unable to prosecute suspect,
04ce9f42b185d805945443bce36759757eef6ca4112d362aab0f3763eecca50e,2021-05,Durham Constabulary,Durham Constabulary,-1.428181,54.701809,On or near Front Street South,E01020812,County Durham 048D,Violence and sexual offences,Unable to prosecute suspect,
e4d43ad3b87f9d7feb909d0953fb726a2394b1174fdf8a234e3427eb571b892e,2021-05,Durham Constabulary,Durham Constabulary,-1.425259,54.698839,On or near Swainby Road,E01020812,County Durham 048D,Violence and sexual offences,Unable to prosecute suspect,
734eb12827dd7ca2c34822af75825ad78a47941f07c162b0985cba92d5598960,2021-05,Durham Constabulary,Durham Constabulary,-1.425259,54.698839,On or near Swainby Road,E01020812,County Durham 048D,Violence and sexual offences,Investigation complete; no suspect identified,
27e1bc77ecacccce943c8cc1e3d1e92f097160e0c29aeb7231312cf9285db149,2021-05,Durham Constabulary,Durham Constabulary,-1.428181,54.701809,On or near Front Street South,E01020812,County Durham 048D,Violence and sexual offences,Unable to prosecute suspect,
50643081dc46d2d1abdcc76a1ea9ae09cd169a28f917f4efe51aa11f66ac9188,2021-05,Durham Constabulary,Durham Constabulary,-1.427126,54.697401,On or near Sports/Recreation Area,E01020812,County Durham 048D,Violence and sexual offences,Unable to prosecute suspect,
49be1096b0ec285dfcf5b23f1a3eaa617f41b561eceb3b716b1208faf1316650,2021-05,Durham Constabulary,Durham Constabulary,-1.426350,54.701846,On or near Front Street North,E01020812,County Durham 048D,Other crime,Unable to prosecute suspect,
3b4f5ee6e295bbef0973ba37daef9b6858566fa9cf8ebef36380624985279b50,2021-05,Durham Constabulary,Durham Constabulary,-1.428181,54.701809,On or near Front Street South,E01020812,County Durham 048D,Other crime,Unable to prosecute suspect,
,2021-05,Durham Constabulary,Durham Constabulary,-1.426555,54.711534,On or near Holmside Avenue,E01020827,County Durham 048E,Anti-social behaviour,,
,2021-05,Durham Constabulary,Durham Constabulary,-1.423193,54.714376,On or near Harwood Court,E01020827,County Durham 048E,Anti-social behaviour,,
355e3ff38bde2297e89d3e0a39a710188074b7d9083f2ca83a2c67c75c5a6a4a,2021-05,Durham Constabulary,Durham Constabulary,-1.425849,54.714245,On or near Kielder Drive,E01020827,County Durham 048E,Criminal damage and arson,Investigation complete; no suspect identified,
b0d105d32b964e41a6522be2c4af355204f917265f836894ba4ee24c78bdbf0a,2021-05,Durham Constabulary,Durham Constabulary,-1.423844,54.712250,On or near Beech Grove,E01020827,County Durham 048E,Drugs,Further investigation is not in the public interest,
2150f8b8784f36072ae7e5fe2acea57e0c315c0fe19a03e1463ae7d3f9c724fd,2021-05,Durham Constabulary,Durham Constabulary,-1.426555,54.711534,On or near Holmside Avenue,E01020827,County Durham 048E,Other theft,Unable to prosecute suspect,
ab890a5acfe994c2c54b8df7889aa3ca09bf086fcddd259c24e47066ebfce994,2021-05,Durham Constabulary,Durham Constabulary,-1.426555,54.711534,On or near Holmside Avenue,E01020827,County Durham 048E,Public order,Unable to prosecute suspect,
eb258e228fc21e730aa7783b4ca872a66b5163d392734c82327f069790107737,2021-05,Durham Constabulary,Durham Constabulary,-1.411588,54.717169,On or near Commercial Street,E01020827,County Durham 048E,Vehicle crime,Investigation complete; no suspect identified,
89d9e2bb0228655b1d35ea1f21e3bceb5615a920010fb083f7c5441949131849,2021-05,Durham Constabulary,Durham Constabulary,-1.410088,54.714619,On or near Low Hogg Street,E01020827,County Durham 048E,Violence and sexual offences,Unable to prosecute suspect,
1269c9fed3ecedd240cdb3f713e84717c59eae82477c831fb9b98e3977372b5b,2021-05,Durham Constabulary,Durham Constabulary,-1.423747,54.713597,On or near Alnwick Avenue,E01020827,County Durham 048E,Violence and sexual offences,Unable to prosecute suspect,
564683d094c3018f8ac735cfac327f74bda0f70edd6eebc4c9439437e14d8078,2021-05,Durham Constabulary,Durham Constabulary,-1.423747,54.713597,On or near Alnwick Avenue,E01020827,County Durham 048E,Violence and sexual offences,Court result unavailable,
7888f5a37bb2a9ff6756a28164093e685fff2310ac55eb9899465add77a74c43,2021-05,Durham Constabulary,Durham Constabulary,-1.410088,54.714619,On or near Low Hogg Street,E01020827,County Durham 048E,Violence and sexual offences,Investigation complete; no suspect identified,
68cfdafd24c5514d3a3183f5c2a0dac65928e78a07e2d1bbf139e0a6bb07d399,2021-05,Durham Constabulary,Durham Constabulary,-1.423747,54.713597,On or near Alnwick Avenue,E01020827,County Durham 048E,Violence and sexual offences,Court result unavailable,
a2f0a46896e90e1cc7b0cba1978036355706c2d87d015c638767615908abc9a8,2021-05,Durham Constabulary,Durham Constabulary,-1.423844,54.712250,On or near Beech Grove,E01020827,County Durham 048E,Violence and sexual offences,Investigation complete; no suspect identified,
6d9b93b9903f1739357b1af03b6a020f7580de5082db6cdf70e59f2e5813778e,2021-05,Durham Constabulary,Durham Constabulary,-1.423844,54.712250,On or near Beech Grove,E01020827,County Durham 048E,Violence and sexual offences,Investigation complete; no suspect identified,
83df6008f2b52ce01619aa4c96d0e04a6743b66ae5daaaac41e9b9975ace254b,2021-05,Durham Constabulary,Durham Constabulary,-1.423747,54.713597,On or near Alnwick Avenue,E01020827,County Durham 048E,Violence and sexual offences,Court result unavailable,
,2021-05,Durham Constabulary,Durham Constabulary,-1.556287,54.685388,On or near Coniston Road,E01020806,County Durham 049A,Anti-social behaviour,,
,2021-05,Durham Constabulary,Durham Constabulary,-1.554509,54.686307,On or near Ullswater Road,E01020806,County Durham 049A,Anti-social behaviour,,
,2021-05,Durham Constabulary,Durham Constabulary,-1.556287,54.685388,On or near Coniston Road,E01020806,County Durham 049A,Anti-social behaviour,,
,2021-05,Durham Constabulary,Durham Constabulary,-1.568096,54.686419,On or near Paxton Street,E01020806,County Durham 049A,Anti-social behaviour,,
,2021-05,Durham Constabulary,Durham Constabulary,-1.563749,54.686754,On or near Hackworth Street,E01020806,County Durham 049A,Anti-social behaviour,,
,2021-05,Durham Constabulary,Durham Constabulary,-1.557347,54.686371,On or near Darlington Road,E01020806,County Durham 049A,Anti-social behaviour,,
,2021-05,Durham Constabulary,Durham Constabulary,-1.556393,54.682818,On or near Petrol Station,E01020806,County Durham 049A,Anti-social behaviour,,
,2021-05,Durham Constabulary,Durham Constabulary,-1.568096,54.686419,On or near Paxton Street,E01020806,County Durham 049A,Anti-social behaviour,,
d3402b46546cc2b7b5be0280f6947547271181a4e529e6134b1c22c4664ce1ad,2021-05,Durham Constabulary,Durham Constabulary,-1.554807,54.683136,On or near South Side (Dean Road),E01020806,County Durham 049A,Bicycle theft,Investigation complete; no suspect identified,
9762849bc69cbd6c89c50335e50f3e421a07704c79b98d344f253eb3deb906b9,2021-05,Durham Constabulary,Durham Constabulary,-1.554509,54.686307,On or near Ullswater Road,E01020806,County Durham 049A,Criminal damage and arson,Court result unavailable,
967f8549c7ed052ff0d0ccf1ef06f61f578adfb22eede384944eee78857bbfa7,2021-05,Durham Constabulary,Durham Constabulary,-1.556393,54.682818,On or near Petrol Station,E01020806,County Durham 049A,Drugs,Local resolution,
35b2fc55b7d9b235af4c8215a0b2a95a3e69da7d0eb7f7a59ecc84b4dae3be7c,2021-05,Durham Constabulary,Durham Constabulary,-1.556287,54.685388,On or near Coniston Road,E01020806,County Durham 049A,Other theft,Unable to prosecute suspect,
57cfc90d5fe18cde4d1629b30bd5481aba1bb491ff4d888c4620416b534b8ca5,2021-05,Durham Constabulary,Durham Constabulary,-1.561755,54.686145,On or near Hackworth Close,E01020806,County Durham 049A,Other theft,Investigation complete; no suspect identified,
21ff93b43129c71a445c9d81c21679bc8dd4a7a38bf22e28050a0898f2b14913,2021-05,Durham Constabulary,Durham Constabulary,-1.563749,54.686754,On or near Hackworth Street,E01020806,County Durham 049A,Other theft,Unable to prosecute suspect,
2e3410a34e13663413ee19557ccc349d4bf253af909d690129fadeb4ee57dbca,2021-05,Durham Constabulary,Durham Constabulary,-1.554509,54.686307,On or near Ullswater Road,E01020806,County Durham 049A,Public order,Unable to prosecute suspect,
ba626315a02ef6c9bb58182954769c2296e85a1466822d1e5ed10dd2eaf1a954,2021-05,Durham Constabulary,Durham Constabulary,-1.557347,54.686371,On or near Darlington Road,E01020806,County Durham 049A,Violence and sexual offences,Unable to prosecute suspect,
14549c3c0932ab30eb99420bf3ae6ba39e99054b7de461aefc66152392c21e5a,2021-05,Durham Constabulary,Durham Constabulary,-1.556287,54.685388,On or near Coniston Road,E01020806,County Durham 049A,Violence and sexual offences,Unable to prosecute suspect,
7c3e08bd1e0cad28ba9d94db9847fed1c110ce09cc3c05bb2733fa5c03abc58d,2021-05,Durham Constabulary,Durham Constabulary,-1.573594,54.684300,On or near Joseph Patterson Crescent,E01020806,County Durham 049A,Violence and sexual offences,Investigation complete; no suspect identified,
b759b41373dc7b151c64222f3f036cabe358e735b2f7ba9ecf30705b93f30d58,2021-05,Durham Constabulary,Durham Constabulary,-1.556287,54.685388,On or near Coniston Road,E01020806,County Durham 049A,Violence and sexual offences,Offender given a caution,
ae01890f6340236c0f9a3914347d7847a8f1e6ba040f3e6123a525fbf90dd0bb,2021-05,Durham Constabulary,Durham Constabulary,-1.554247,54.684733,On or near Thirlmere Road,E01020806,County Durham 049A,Violence and sexual offences,Unable to prosecute suspect,
3428bc810b9b6354efe5d16f56cf4b8b137cd105058bf6e78925e7ba61e7fca7,2021-05,Durham Constabulary,Durham Constabulary,-1.554452,54.685804,On or near Rydal Road,E01020806,County Durham 049A,Violence and sexual offences,Unable to prosecute suspect,
014d6bee40cda1a5cf40eaf1052d1b193102862a7def27a68a31fdf8105d11b5,2021-05,Durham Constabulary,Durham Constabulary,-1.556287,54.685388,On or near Coniston Road,E01020806,County Durham 049A,Violence and sexual offences,Unable to prosecute suspect,
1571b2c6e6b4fd99f4618d608757c4831a0740f9338ff16d63df8670d6e9e850,2021-05,Durham Constabulary,Durham Constabulary,-1.566289,54.684247,On or near Cavendish Court,E01020806,County Durham 049A,Violence and sexual offences,Unable to prosecute suspect,
,2021-05,Durham Constabulary,Durham Constabulary,-1.562137,54.688060,On or near Newcomen Street,E01020807,County Durham 049B,Anti-social behaviour,,
,2021-05,Durham Constabulary,Durham Constabulary,-1.561931,54.687089,On or near Rennie Street,E01020807,County Durham 049B,Anti-social behaviour,,
,2021-05,Durham Constabulary,Durham Constabulary,-1.565167,54.686139,On or near Bessemer Street,E01020807,County Durham 049B,Anti-social behaviour,,
,2021-05,Durham Constabulary,Durham Constabulary,-1.560205,54.687460,On or near Siemans Street,E01020807,County Durham 049B,Anti-social behaviour,,
,2021-05,Durham Constabulary,Durham Constabulary,-1.565592,54.687048,On or near Stephenson Street,E01020807,County Durham 049B,Anti-social behaviour,,
cfc80bfdf848ae8fa6ea06f6ed0a9ab0f7b14ba5a2846cf61adf3f9f6d5eb6c4,2021-05,Durham Constabulary,Durham Constabulary,-1.565167,54.686139,On or near Bessemer Street,E01020807,County Durham 049B,Burglary,Court result unavailable,
d183aba8a4b271659212fd5f76b639496dff0f9677a84e9b74524da6fd99ae70,2021-05,Durham Constabulary,Durham Constabulary,-1.565167,54.686139,On or near Bessemer Street,E01020807,County Durham 049B,Criminal damage and arson,Investigation complete; no suspect identified,
0b3bdfed5f8b4c50792dba18ea9bcf2cb2719c11de07e8fe17c5cb1bcf216952,2021-05,Durham Constabulary,Durham Constabulary,-1.560843,54.688685,On or near Davy Street,E01020807,County Durham 049B,Criminal damage and arson,Investigation complete; no suspect identified,
e6ac4f07c840ff05a9dafe093167bf48feea88abf8abcf167f61a09598c8f0d5,2021-05,Durham Constabulary,Durham Constabulary,-1.560661,54.688307,On or near Newton Street,E01020807,County Durham 049B,Criminal damage and arson,Investigation complete; no suspect identified,
bbc8cd21f1db576afdcce63a10ea291b87df32820b87c5a618f92d1664ec7ea0,2021-05,Durham Constabulary,Durham Constabulary,-1.565532,54.686841,On or near Westcott Terrace,E01020807,County Durham 049B,Criminal damage and arson,Unable to prosecute suspect,
300b2827c8db0a1e4ed6bb8a6548df22c76893449951d42edf0beec0bad0b7dc,2021-05,Durham Constabulary,Durham Constabulary,-1.563602,54.687419,On or near Haig Terrace,E01020807,County Durham 049B,Criminal damage and arson,Investigation complete; no suspect identified,
d395c08c0cc24dc835a57c1545c3ca138c1505c9ebdf027d7a05a8b3d36cc56f,2021-05,Durham Constabulary,Durham Constabulary,-1.560843,54.688685,On or near Davy Street,E01020807,County Durham 049B,Criminal damage and arson,Unable to prosecute suspect,
66bef1d97c9a7b2f41e444c9e2eb0bdab95b70ca5b8257420db2e812734ca4e0,2021-05,Durham Constabulary,Durham Constabulary,-1.557521,54.688870,On or near Main Street,E01020807,County Durham 049B,Other theft,Investigation complete; no suspect identified,
0169ab776e6b3266a200bbb74ce70d0f54a8d586fb040d01585c983ae0d93c44,2021-05,Durham Constabulary,Durham Constabulary,-1.560661,54.688307,On or near Newton Street,E01020807,County Durham 049B,Public order,Unable to prosecute suspect,
c994ac5555d87d583848ab974549f16dd430de3f3ddc927c34e27fca57726997,2021-05,Durham Constabulary,Durham Constabulary,-1.560843,54.688685,On or near Davy Street,E01020807,County Durham 049B,Public order,Investigation complete; no suspect identified,
e9cfd0a10f8692851d56665b564f68100e7880e311531ba2e807c026a9a527a0,2021-05,Durham Constabulary,Durham Constabulary,-1.565167,54.686139,On or near Bessemer Street,E01020807,County Durham 049B,Public order,Unable to prosecute suspect,
dd702b5f2f6534e14678e3fcc57b262b009f2962833a1951ef2a0617ef1f1050,2021-05,Durham Constabulary,Durham Constabulary,-1.563516,54.688236,On or near Watt Street,E01020807,County Durham 049B,Public order,Court result unavailable,
cf55b6c25d94a8a9388a88e1efd7ab32e0373077de58d38563ad25600ed3744e,2021-05,Durham Constabulary,Durham Constabulary,-1.561931,54.687089,On or near Rennie Street,E01020807,County Durham 049B,Robbery,Unable to prosecute suspect,
c6ec9d9793bcf51093ef25cc162fa5dc52900cd75299c80c9dec0e8875cf8995,2021-05,Durham Constabulary,Durham Constabulary,-1.562137,54.688060,On or near Newcomen Street,E01020807,County Durham 049B,Violence and sexual offences,Unable to prosecute suspect,
051ae5cc227c1d8483c69c2c8d317aa37c7ace1cddd766673baf63902f58d193,2021-05,Durham Constabulary,Durham Constabulary,-1.566454,54.687653,On or near Brunel Street,E01020807,County Durham 049B,Violence and sexual offences,Court result unavailable,
47ebab779247a0cdaf1cea78c788534c68389248c7a98d426c71bb8313df3f53,2021-05,Durham Constabulary,Durham Constabulary,-1.560843,54.688685,On or near Davy Street,E01020807,County Durham 049B,Violence and sexual offences,Investigation complete; no suspect identified,
bd5a19ab6b26258071d017b89a6895f5942f4e6d3cec4c752dddd19898d12e6e,2021-05,Durham Constabulary,Durham Constabulary,-1.566454,54.687653,On or near Brunel Street,E01020807,County Durham 049B,Violence and sexual offences,Court result unavailable,
44f570db37d715c22ceed5d9bc7ea0b90e168435351116a0c0dfd98e0e9b10c3,2021-05,Durham Constabulary,Durham Constabulary,-1.561931,54.687089,On or near Rennie Street,E01020807,County Durham 049B,Violence and sexual offences,Unable to prosecute suspect,
88cb7db528f8ea7e755b1b4f0c5c1e4b530e5562014a7895757c6aeadcfd3c83,2021-05,Durham Constabulary,Durham Constabulary,-1.562137,54.688060,On or near Newcomen Street,E01020807,County Durham 049B,Violence and sexual offences,Investigation complete; no suspect identified,
21c6239d76f09cb91da1999cf5d14cd78976f61f01f362cad63687dd23ed4171,2021-05,Durham Constabulary,Durham Constabulary,-1.562137,54.688060,On or near Newcomen Street,E01020807,County Durham 049B,Violence and sexual offences,Unable to prosecute suspect,
1bbb987d180f90ab567a48512b16cbcff06f7ccb43589457eacf7f0364857eb2,2021-05,Durham Constabulary,Durham Constabulary,-1.560843,54.688685,On or near Davy Street,E01020807,County Durham 049B,Violence and sexual offences,Unable to prosecute suspect,
6b8f92ac83445bef17c9eb12984b03f64a5aeedc291dcfca6dc27e46312bb237,2021-05,Durham Constabulary,Durham Constabulary,-1.565167,54.686139,On or near Bessemer Street,E01020807,County Durham 049B,Violence and sexual offences,Unable to prosecute suspect,
bdbd669378bf3cc97234b16acaf3e4368045e1bd89e58d98b004afcd5d49eccd,2021-05,Durham Constabulary,Durham Constabulary,-1.562137,54.688060,On or near Newcomen Street,E01020807,County Durham 049B,Violence and sexual offences,Local resolution,
a1efb89bf8c6e7067cce4585f29a87a3e78ec6d0538904424df85610d2fbb5ca,2021-05,Durham Constabulary,Durham Constabulary,-1.565167,54.686139,On or near Bessemer Street,E01020807,County Durham 049B,Violence and sexual offences,Unable to prosecute suspect,
a43ed32914ba0237266eed1578cfd4268a3e2077c221469e9383acde663b67de,2021-05,Durham Constabulary,Durham Constabulary,-1.560205,54.687460,On or near Siemans Street,E01020807,County Durham 049B,Violence and sexual offences,Unable to prosecute suspect,
07901041e0c971e9303ca8e1fac885f4f44598000b59c3afc88beb0b3d43201c,2021-05,Durham Constabulary,Durham Constabulary,-1.563602,54.687419,On or near Haig Terrace,E01020807,County Durham 049B,Violence and sexual offences,Unable to prosecute suspect,
9d08718c7a93af6f1d2e6d66c9ec6f28c94ce7cad0996b36220ad4a0dae5006f,2021-05,Durham Constabulary,Durham Constabulary,-1.561931,54.687089,On or near Rennie Street,E01020807,County Durham 049B,Other crime,Unable to prosecute suspect,
,2021-05,Durham Constabulary,Durham Constabulary,-1.589059,54.698058,On or near Coulson Street,E01020820,County Durham 049C,Anti-social behaviour,,
,2021-05,Durham Constabulary,Durham Constabulary,-1.599696,54.700313,On or near Cheapside,E01020820,County Durham 049C,Anti-social behaviour,,
,2021-05,Durham Constabulary,Durham Constabulary,-1.598427,54.701513,On or near Armoury Street,E01020820,County Durham 049C,Anti-social behaviour,,
,2021-05,Durham Constabulary,Durham Constabulary,-1.589798,54.697081,On or near Further/Higher Educational Building,E01020820,County Durham 049C,Anti-social behaviour,,
,2021-05,Durham Constabulary,Durham Constabulary,-1.595851,54.695340,On or near Sports/Recreation Area,E01020820,County Durham 049C,Anti-social behaviour,,
,2021-05,Durham Constabulary,Durham Constabulary,-1.589430,54.701222,On or near Keswick Drive,E01020820,County Durham 049C,Anti-social behaviour,,
,2021-05,Durham Constabulary,Durham Constabulary,-1.598777,54.697569,On or near Ladysmock Close,E01020820,County Durham 049C,Anti-social behaviour,,
,2021-05,Durham Constabulary,Durham Constabulary,-1.598937,54.700185,On or near Bishop'S Close,E01020820,County Durham 049C,Anti-social behaviour,,
,2021-05,Durham Constabulary,Durham Constabulary,-1.567270,54.704255,On or near Petrol Station,E01020820,County Durham 049C,Anti-social behaviour,,
,2021-05,Durham Constabulary,Durham Constabulary,-1.598427,54.701513,On or near Armoury Street,E01020820,County Durham 049C,Anti-social behaviour,,
,2021-05,Durham Constabulary,Durham Constabulary,-1.595261,54.700038,On or near Sycamore Court,E01020820,County Durham 049C,Anti-social behaviour,,
,2021-05,Durham Constabulary,Durham Constabulary,-1.595567,54.698897,On or near Rowan Court,E01020820,County Durham 049C,Anti-social behaviour,,
,2021-05,Durham Constabulary,Durham Constabulary,-1.589059,54.698058,On or near Coulson Street,E01020820,County Durham 049C,Anti-social behaviour,,
66c18b174d6a7c71c2e01b8c4ee2e5e4877956e281b2a0e8e977c6e9537da3ec,2021-05,Durham Constabulary,Durham Constabulary,-1.594208,54.698264,On or near Blair Avenue,E01020820,County Durham 049C,Bicycle theft,Investigation complete; no suspect identified,
4cfbf30ccb2bd135a1733a15f70df71ddb68866f44fdf2bde90083169bbaccfc,2021-05,Durham Constabulary,Durham Constabulary,-1.594421,54.700242,On or near Cedar Court,E01020820,County Durham 049C,Burglary,Unable to prosecute suspect,
5749d00eebd4bc7cefaedadbf2786fd921612a2831208a8ae9b676485478bc4c,2021-05,Durham Constabulary,Durham Constabulary,-1.599290,54.702154,On or near King Street,E01020820,County Durham 049C,Burglary,Court result unavailable,
e269a19e5d549552a752b52481b3aadcc4ed3c2e41555545223b8e89ffaa018d,2021-05,Durham Constabulary,Durham Constabulary,-1.594421,54.700242,On or near Cedar Court,E01020820,County Durham 049C,Criminal damage and arson,Unable to prosecute suspect,
85c91a352c103d199e68423ce1a783217282c35571ed081b2756414bd3143845,2021-05,Durham Constabulary,Durham Constabulary,-1.590049,54.699867,On or near Rushmoor,E01020820,County Durham 049C,Criminal damage and arson,Investigation complete; no suspect identified,
e7f00ab8ed81b9868fbf771aafd85b4bea6ab97e8eda52872bfbb21976e59257,2021-05,Durham Constabulary,Durham Constabulary,-1.598937,54.700185,On or near Bishop'S Close,E01020820,County Durham 049C,Other theft,Investigation complete; no suspect identified,
4bf78c8800c456d1ccab1a8485f86f7320455fc16adb7b1ab182c466ea67db73,2021-05,Durham Constabulary,Durham Constabulary,-1.594733,54.701645,On or near Barnfield Road,E01020820,County Durham 049C,Other theft,Unable to prosecute suspect,
caa898ff725740c773393fde843629b29928f4a09a19738e6191329dfcd7a997,2021-05,Durham Constabulary,Durham Constabulary,-1.598937,54.700185,On or near Bishop'S Close,E01020820,County Durham 049C,Other theft,Investigation complete; no suspect identified,
8bff99da6755ffbabec3135d7531e086382d0e084a0f2b2297a4e987d36b8e0a,2021-05,Durham Constabulary,Durham Constabulary,-1.598427,54.701513,On or near Armoury Street,E01020820,County Durham 049C,Public order,Unable to prosecute suspect,
14fb7cee924c6a96bf0869393804660d6bfa287dd3c31475041a6f13850a6329,2021-05,Durham Constabulary,Durham Constabulary,-1.599696,54.700313,On or near Cheapside,E01020820,County Durham 049C,Public order,Investigation complete; no suspect identified,
ead73b63cb5b4102f9851441995216833ccd75b90edd430cce2f93ffdfb7dab5,2021-05,Durham Constabulary,Durham Constabulary,-1.595851,54.695340,On or near Sports/Recreation Area,E01020820,County Durham 049C,Robbery,Investigation complete; no suspect identified,
0a0ddf724407756a41903a79761dba8a9c95cde3583458b2fcfbbc63edbe6b22,2021-05,Durham Constabulary,Durham Constabulary,-1.599567,54.700771,On or near Holborn,E01020820,County Durham 049C,Shoplifting,Investigation complete; no suspect identified,
13bfb68eb4c5f7ca335164e15514257c4aff1f5266a593eabd21a6cc1dabe847,2021-05,Durham Constabulary,Durham Constabulary,-1.598937,54.700185,On or near Bishop'S Close,E01020820,County Durham 049C,Shoplifting,Unable to prosecute suspect,
e5146ca2b6bd3dc2a54f12b8785c32d08ebf9f2af5b5475a4d2abb9bbb4dcc95,2021-05,Durham Constabulary,Durham Constabulary,-1.598937,54.700185,On or near Bishop'S Close,E01020820,County Durham 049C,Shoplifting,Investigation complete; no suspect identified,
1837c4724e5f26db429a85fda3f978658860a31359510de818fbd4381f8af202,2021-05,Durham Constabulary,Durham Constabulary,-1.598937,54.700185,On or near Bishop'S Close,E01020820,County Durham 049C,Shoplifting,Unable to prosecute suspect,
19ede426e2e5d7f866dcbf65602155485fed58115dfe6586e2ed2f3e0dbbaff6,2021-05,Durham Constabulary,Durham Constabulary,-1.599567,54.700771,On or near Holborn,E01020820,County Durham 049C,Shoplifting,Unable to prosecute suspect,
858ca201f14ee404965dfc5e057dbbaac458dfa7d552f251929489453e9072ab,2021-05,Durham Constabulary,Durham Constabulary,-1.598937,54.700185,On or near Bishop'S Close,E01020820,County Durham 049C,Shoplifting,Investigation complete; no suspect identified,
3b5e343ee96b62e07e58cf0a158590fe56f7efe0c875cbd1227108b698a25511,2021-05,Durham Constabulary,Durham Constabulary,-1.598937,54.700185,On or near Bishop'S Close,E01020820,County Durham 049C,Shoplifting,Investigation complete; no suspect identified,
54482212e4f51e677a90ac06534d014f6c47d41e113ddb2c25394f5b4a130cde,2021-05,Durham Constabulary,Durham Constabulary,-1.598937,54.700185,On or near Bishop'S Close,E01020820,County Durham 049C,Shoplifting,Investigation complete; no suspect identified,
ff12950b56a1b73e1e347f0f93004920f1d6bba8e822c26bbc065071890bc239,2021-05,Durham Constabulary,Durham Constabulary,-1.598937,54.700185,On or near Bishop'S Close,E01020820,County Durham 049C,Shoplifting,Investigation complete; no suspect identified,
a7ecd86ddfa361441f8bc141fb8d17f6af411c1527f1d75a8e147faef4c7edf9,2021-05,Durham Constabulary,Durham Constabulary,-1.598937,54.700185,On or near Bishop'S Close,E01020820,County Durham 049C,Shoplifting,Status update unavailable,
a4d4084f497a7a5c35aaaaea1fdfcf72236a196a02d19a0004d8a2c39f6e7b76,2021-05,Durham Constabulary,Durham Constabulary,-1.596750,54.700088,On or near Petrol Station,E01020820,County Durham 049C,Violence and sexual offences,Local resolution,
53c05d8ef73d9294ab3ed209c815d5645e51345e7a66d2d67ddb0929d0496b2b,2021-05,Durham Constabulary,Durham Constabulary,-1.592774,54.698879,On or near Linden Court,E01020820,County Durham 049C,Violence and sexual offences,Unable to prosecute suspect,
ecfca48ee3751ea9f2bcc9136d8a5ef47e32e1e6310826e497fe4cf0e93e0119,2021-05,Durham Constabulary,Durham Constabulary,-1.589059,54.698058,On or near Coulson Street,E01020820,County Durham 049C,Violence and sexual offences,Unable to prosecute suspect,
be62883a9841152837c78818bc20d1fcf08c5442dbc230e003d7e30653ff96f4,2021-05,Durham Constabulary,Durham Constabulary,-1.588022,54.700795,On or near Lakeside Court,E01020820,County Durham 049C,Violence and sexual offences,Unable to prosecute suspect,
8825388411750015f2cd80b9fe2a5dffe576278b9583d622ce84bdd040966ca1,2021-05,Durham Constabulary,Durham Constabulary,-1.589059,54.698058,On or near Coulson Street,E01020820,County Durham 049C,Violence and sexual offences,Unable to prosecute suspect,
d99197aee6bff0be77192259383c2958fe588ad6e1bb660ddca946b778cc6813,2021-05,Durham Constabulary,Durham Constabulary,-1.599567,54.700771,On or near Holborn,E01020820,County Durham 049C,Violence and sexual offences,Unable to prosecute suspect,
997ef2ea9437127829f4b678cd4161c2d6e67ee7006e8c161c7fce19bb0e700d,2021-05,Durham Constabulary,Durham Constabulary,-1.589059,54.698058,On or near Coulson Street,E01020820,County Durham 049C,Violence and sexual offences,Unable to prosecute suspect,
6bef53328b702ca224c0b221e7962951aaffedb5676140f8947088a3f26fa087,2021-05,Durham Constabulary,Durham Constabulary,-1.589430,54.701222,On or near Keswick Drive,E01020820,County Durham 049C,Violence and sexual offences,Unable to prosecute suspect,
0779ed0dd01410f625f2284f5627184f1ec6813d9ffe3e74f9b6b3c04420c2aa,2021-05,Durham Constabulary,Durham Constabulary,-1.588891,54.702344,On or near Works Road,E01020820,County Durham 049C,Violence and sexual offences,Unable to prosecute suspect,
b1e7d80d71be4a173096955af846460913a0d3d4a1e3d525cf7f06f6de240703,2021-05,Durham Constabulary,Durham Constabulary,-1.596750,54.700088,On or near Petrol Station,E01020820,County Durham 049C,Violence and sexual offences,Unable to prosecute suspect,
a01d74c1f61ee607484bf81f82b5bfc2b00a1352587facc04071d8c5b64911eb,2021-05,Durham Constabulary,Durham Constabulary,-1.594488,54.701248,On or near St Andrew'S Road,E01020820,County Durham 049C,Violence and sexual offences,Unable to prosecute suspect,
f13844dffad38b9f647ea312e82f3e3a0df7198d3402d8a250f5fb766d804d43,2021-05,Durham Constabulary,Durham Constabulary,-1.598427,54.701513,On or near Armoury Street,E01020820,County Durham 049C,Violence and sexual offences,Unable to prosecute suspect,
85f56ad9b1fea3933af2f27c92a02c655adb8f681ec7f311464fa46b79a94a51,2021-05,Durham Constabulary,Durham Constabulary,-1.589059,54.698058,On or near Coulson Street,E01020820,County Durham 049C,Violence and sexual offences,Unable to prosecute suspect,
ca163a5d77be7bfc738c12a69e71c526e1e9826a261dfb8cb0f0536754e1056a,2021-05,Durham Constabulary,Durham Constabulary,-1.592774,54.698879,On or near Linden Court,E01020820,County Durham 049C,Violence and sexual offences,Further investigation is not in the public interest,
ccc959e3588a0bc5e75a2e1498fcff175a3d73bcb160ac315d273a7468206b5e,2021-05,Durham Constabulary,Durham Constabulary,-1.588891,54.702344,On or near Works Road,E01020820,County Durham 049C,Violence and sexual offences,Unable to prosecute suspect,
6675ead9558ca7d2107fd36df0999be52e5683b95b4b58d0c1a8ba394f54865b,2021-05,Durham Constabulary,Durham Constabulary,-1.594208,54.698264,On or near Blair Avenue,E01020820,County Durham 049C,Violence and sexual offences,Unable to prosecute suspect,
554d7f28272b4838568bdb636a2595018770b96d48bd3663ef2620519aca2a9c,2021-05,Durham Constabulary,Durham Constabulary,-1.594208,54.698264,On or near Blair Avenue,E01020820,County Durham 049C,Violence and sexual offences,Further investigation is not in the public interest,
d6cde22436345885acc2da0de7be9ecb1aff42027ff9a91597187723e86bdaff,2021-05,Durham Constabulary,Durham Constabulary,-1.591765,54.702066,On or near Supermarket,E01020820,County Durham 049C,Violence and sexual offences,Unable to prosecute suspect,
c5991119635c744ae758c228f81e54211ae2ec98f5e1314b6afa84014b9f011e,2021-05,Durham Constabulary,Durham Constabulary,-1.592774,54.698879,On or near Linden Court,E01020820,County Durham 049C,Violence and sexual offences,Unable to prosecute suspect,
,2021-05,Durham Constabulary,Durham Constabulary,-1.574164,54.706903,On or near Meadowfield Avenue,E01020842,County Durham 049D,Anti-social behaviour,,
,2021-05,Durham Constabulary,Durham Constabulary,-1.581958,54.700541,On or near Broom Street,E01020842,County Durham 049D,Anti-social behaviour,,
,2021-05,Durham Constabulary,Durham Constabulary,-1.584081,54.702319,On or near North Road,E01020842,County Durham 049D,Anti-social behaviour,,
,2021-05,Durham Constabulary,Durham Constabulary,-1.587944,54.711570,On or near Front Street,E01020842,County Durham 049D,Anti-social behaviour,,
,2021-05,Durham Constabulary,Durham Constabulary,-1.580737,54.703062,On or near Tudhoe Moor,E01020842,County Durham 049D,Anti-social behaviour,,
,2021-05,Durham Constabulary,Durham Constabulary,-1.574164,54.706903,On or near Meadowfield Avenue,E01020842,County Durham 049D,Anti-social behaviour,,
76b65235168f406716271bd94f21c1d6e2fb5f18f920cc5bc0f4fe96d0667b10,2021-05,Durham Constabulary,Durham Constabulary,-1.586884,54.701384,On or near Weardale Street,E01020842,County Durham 049D,Bicycle theft,Investigation complete; no suspect identified,
62d9581a02f33ebca45c0b19e3504f68c80ced50ac5f8e494f2484d546337840,2021-05,Durham Constabulary,Durham Constabulary,-1.581958,54.700541,On or near Broom Street,E01020842,County Durham 049D,Burglary,Unable to prosecute suspect,
64032da482e35942b5514a9bb23f24b377b639c83cb0da73463dbc1e86de3874,2021-05,Durham Constabulary,Durham Constabulary,-1.580737,54.703062,On or near Tudhoe Moor,E01020842,County Durham 049D,Criminal damage and arson,Unable to prosecute suspect,
80fffd35f298c90bc3fb30da12a409380f4382d0d94a5636a084bf32f519b9d9,2021-05,Durham Constabulary,Durham Constabulary,-1.580737,54.703062,On or near Tudhoe Moor,E01020842,County Durham 049D,Criminal damage and arson,Unable to prosecute suspect,
fdd45c32c10fa304793310fc66c7816d804de3a03ca119fd50d708ea90aa4eab,2021-05,Durham Constabulary,Durham Constabulary,-1.580737,54.703062,On or near Tudhoe Moor,E01020842,County Durham 049D,Drugs,Offender given a caution,
2ed3d5cf91f56bf7b4a06c8c70eee0f0314e501a45be1486f77e7c1585a7061e,2021-05,Durham Constabulary,Durham Constabulary,-1.582454,54.700570,On or near Fenwick Street,E01020842,County Durham 049D,Other theft,Unable to prosecute suspect,
dc1ba391272177c9da4c1663ec8e4551c68074df45f151357989a6f4676305ff,2021-05,Durham Constabulary,Durham Constabulary,-1.587699,54.709745,On or near St David'S Close,E01020842,County Durham 049D,Other theft,Unable to prosecute suspect,
c412fbd1ad53dde6b2ebfef68a360ff5c4ed07386b623429981bad5768f5294d,2021-05,Durham Constabulary,Durham Constabulary,-1.581958,54.700541,On or near Broom Street,E01020842,County Durham 049D,Public order,Unable to prosecute suspect,
b86c5b2d60217a442a06d4a70a2523ae613a682eea4627cf1b2764e6f3cbab6e,2021-05,Durham Constabulary,Durham Constabulary,-1.584081,54.702319,On or near North Road,E01020842,County Durham 049D,Public order,Unable to prosecute suspect,
1d60d02e77be6f524a202df818c18a82be6aea1ed19627edee7b44c7aa343c90,2021-05,Durham Constabulary,Durham Constabulary,-1.580737,54.703062,On or near Tudhoe Moor,E01020842,County Durham 049D,Vehicle crime,Unable to prosecute suspect,
993903d580b7ff3dd032fef4f2b8d6f1e9d6017b68fc2d7508b7c78a676063d4,2021-05,Durham Constabulary,Durham Constabulary,-1.574164,54.706903,On or near Meadowfield Avenue,E01020842,County Durham 049D,Violence and sexual offences,Unable to prosecute suspect,
c5d21c51832f34139a68d5992fdc3482765624c6c4052020b0805de3e8e8d225,2021-05,Durham Constabulary,Durham Constabulary,-1.574164,54.706903,On or near Meadowfield Avenue,E01020842,County Durham 049D,Violence and sexual offences,Unable to prosecute suspect,
fa94353769600dd7f6febae910212c87a38c25bd18a88bb6d1ad7b024459cda1,2021-05,Durham Constabulary,Durham Constabulary,-1.575679,54.702972,On or near Green Lane,E01020842,County Durham 049D,Violence and sexual offences,Unable to prosecute suspect,
168b96d68cd54f35ac1515280a7257d0fd595f62cea6324c2c4d1828ccd14e5b,2021-05,Durham Constabulary,Durham Constabulary,-1.580737,54.703062,On or near Tudhoe Moor,E01020842,County Durham 049D,Violence and sexual offences,Unable to prosecute suspect,
8903af2ad1b7d1b65bb886003528d7ac20082d656bc7e59a5fea8b3103b779fe,2021-05,Durham Constabulary,Durham Constabulary,-1.584081,54.702319,On or near North Road,E01020842,County Durham 049D,Violence and sexual offences,Unable to prosecute suspect,
1c993dad8ed0f614c7d5a971748d18ff2585e742eb7f19940c465f5525cc0015,2021-05,Durham Constabulary,Durham Constabulary,-1.587944,54.711570,On or near Front Street,E01020842,County Durham 049D,Violence and sexual offences,Unable to prosecute suspect,
,2021-05,Durham Constabulary,Durham Constabulary,-1.520710,54.703343,On or near Cuthbert Road,E01020797,County Durham 050A,Anti-social behaviour,,
,2021-05,Durham Constabulary,Durham Constabulary,-1.524118,54.702574,On or near West Street,E01020797,County Durham 050A,Anti-social behaviour,,
,2021-05,Durham Constabulary,Durham Constabulary,-1.520283,54.700124,On or near Birch Road,E01020797,County Durham 050A,Anti-social behaviour,,
,2021-05,Durham Constabulary,Durham Constabulary,-1.520283,54.700124,On or near Birch Road,E01020797,County Durham 050A,Anti-social behaviour,,
bb346bdfd53d1d601fb12366b691ca501a1eadd954bf695eae9485caac36eb7f,2021-05,Durham Constabulary,Durham Constabulary,-1.522581,54.689358,On or near Pedestrian Subway,E01020797,County Durham 050A,Burglary,Investigation complete; no suspect identified,
e66eef9e2369b392c9af2d258cbe3414b3a86f69a38e7daf2f55acdb7867a544,2021-05,Durham Constabulary,Durham Constabulary,-1.510914,54.698523,On or near The Oval,E01020797,County Durham 050A,Criminal damage and arson,Investigation complete; no suspect identified,
1dc82657ec41c67128c544a1cf95d56edd5e2c63b68225d5222f21b0d0fcaf4f,2021-05,Durham Constabulary,Durham Constabulary,-1.518719,54.705033,On or near Howard Close,E01020797,County Durham 050A,Criminal damage and arson,Unable to prosecute suspect,
1337aab127128f6adee6bcff2cd8ef34ecd59c3d1300da640c3f93f9320a2a82,2021-05,Durham Constabulary,Durham Constabulary,-1.520869,54.701726,On or near Hollyhurst Road,E01020797,County Durham 050A,Drugs,Investigation complete; no suspect identified,
b5b71f08d23367aaf840355bae11e5222243ae59da67c4012c19f21914fd2ba3,2021-05,Durham Constabulary,Durham Constabulary,-1.510914,54.698523,On or near The Oval,E01020797,County Durham 050A,Other theft,Unable to prosecute suspect,
8a39a70165ea0711264de4bb60f573c65678477c5479ee982ae972e1182a91c8,2021-05,Durham Constabulary,Durham Constabulary,-1.523617,54.701629,On or near Station Road,E01020797,County Durham 050A,Other theft,Status update unavailable,
97b93c87a91411104a642da03e0a0125cf26c54eac33dc48bb1cdfe4f774be92,2021-05,Durham Constabulary,Durham Constabulary,-1.515392,54.700356,On or near Raisby Terrace,E01020797,County Durham 050A,Public order,Unable to prosecute suspect,
e411e329fd7c6f14a67758dd556a7191278804d00196773c57364677dd0d3e15,2021-05,Durham Constabulary,Durham Constabulary,-1.520283,54.700124,On or near Birch Road,E01020797,County Durham 050A,Violence and sexual offences,Unable to prosecute suspect,
2dcad4b2055d7d65af4119b48f54a4525bf4b5f3687d2ac5eeb757d48b3534d0,2021-05,Durham Constabulary,Durham Constabulary,-1.510914,54.698523,On or near The Oval,E01020797,County Durham 050A,Violence and sexual offences,Unable to prosecute suspect,
9165b1560f26596617a5fa3a7e706fbe28669432fa97a6dbb69063972864b6da,2021-05,Durham Constabulary,Durham Constabulary,-1.518719,54.705033,On or near Howard Close,E01020797,County Durham 050A,Violence and sexual offences,Unable to prosecute suspect,
f8c4893c7ab271e4a856187c43b6d8d2607eb329bffa67f7b2bcecb6a052f20d,2021-05,Durham Constabulary,Durham Constabulary,-1.509117,54.697042,On or near Garmondsway Road,E01020797,County Durham 050A,Violence and sexual offences,Unable to prosecute suspect,
867dd15aa552985496f67ce9b0beadeabb2c60aa4bcc055b30bc6edee0d05330,2021-05,Durham Constabulary,Durham Constabulary,-1.515392,54.700356,On or near Raisby Terrace,E01020797,County Durham 050A,Violence and sexual offences,Further investigation is not in the public interest,
8c6737c07a327fb7dccb6ff53a7ee84821aee332507bce77d42edabdff2b3e3d,2021-05,Durham Constabulary,Durham Constabulary,-1.520399,54.704690,On or near Barratt Way,E01020797,County Durham 050A,Violence and sexual offences,Unable to prosecute suspect,
d20b6f9c0d049958b9b556e29cc2120f8f410539c0ca82389ee8dd8cb14d9b5b,2021-05,Durham Constabulary,Durham Constabulary,-1.510914,54.698523,On or near The Oval,E01020797,County Durham 050A,Violence and sexual offences,Unable to prosecute suspect,
1e7586c014366357dd84c767b80f1f8a0352fe5d0affee4ba9415c346e9eac54,2021-05,Durham Constabulary,Durham Constabulary,-1.511891,54.699857,On or near Chester Crescent,E01020797,County Durham 050A,Other crime,Unable to prosecute suspect,
7fb942bc570cf1a8650d6f8f46f58294dda2833f2da3ac64eb76137d38fa0c08,2021-05,Durham Constabulary,Durham Constabulary,-1.511891,54.699857,On or near Chester Crescent,E01020797,County Durham 050A,Other crime,Unable to prosecute suspect,
a4ffc79b385a963cbeaa8dbd9917f44199d2614fccf46253ad13d639f404870c,2021-05,Durham Constabulary,Durham Constabulary,-1.542235,54.689398,On or near Ravensworth Road,E01020798,County Durham 050B,Other theft,Court result unavailable,
e73199f091f9395f4e52fc01fc4eb471ad124de1af6d295cafc7cc855e1a6c31,2021-05,Durham Constabulary,Durham Constabulary,-1.545489,54.689778,On or near Raby Road,E01020798,County Durham 050B,Other theft,Investigation complete; no suspect identified,
f36262e3c5c96e37c913ea71db340c46c1d199c5aa3a9b16b2d6e33647db3af1,2021-05,Durham Constabulary,Durham Constabulary,-1.542727,54.688474,On or near Supermarket,E01020798,County Durham 050B,Public order,Unable to prosecute suspect,
03a57381a48dea549a53f442d4ff29d1b557eaa398e6d13df81a16d3ef0637b5,2021-05,Durham Constabulary,Durham Constabulary,-1.545836,54.689258,On or near Brancepeth Road,E01020798,County Durham 050B,Public order,Unable to prosecute suspect,
0df9c54c8dad1005ebfa3e7e863e11ed51db8b508e583f8184c6b4ee7cfe1189,2021-05,Durham Constabulary,Durham Constabulary,-1.545836,54.689258,On or near Brancepeth Road,E01020798,County Durham 050B,Public order,Unable to prosecute suspect,
5b79603800b44c4e8581125e1d6bafa664868d0fcd276570f214984d996c0c11,2021-05,Durham Constabulary,Durham Constabulary,-1.545836,54.689258,On or near Brancepeth Road,E01020798,County Durham 050B,Vehicle crime,Further action is not in the public interest,
5dc3734cfba508c0e37eac979385b7691c434b2f2d9e8165738c87a13cc307a4,2021-05,Durham Constabulary,Durham Constabulary,-1.542235,54.689398,On or near Ravensworth Road,E01020798,County Durham 050B,Violence and sexual offences,Unable to prosecute suspect,
6f0087dbb183121e1d96cf67cdd3010ef2593996e023122a1d0af4577cfa3e6c,2021-05,Durham Constabulary,Durham Constabulary,-1.545489,54.689778,On or near Raby Road,E01020798,County Durham 050B,Violence and sexual offences,Unable to prosecute suspect,
f4b32a5cad68cd829b8b9f8db64c6acf156de58ba79feb33153d294b08680c9d,2021-05,Durham Constabulary,Durham Constabulary,-1.542727,54.688474,On or near Supermarket,E01020798,County Durham 050B,Violence and sexual offences,Further investigation is not in the public interest,
171c614bc3d94b0cbb7714b123e4bafeb4afba5c706bfbb44d35427f8cd5cbe4,2021-05,Durham Constabulary,Durham Constabulary,-1.542727,54.688474,On or near Supermarket,E01020798,County Durham 050B,Violence and sexual offences,Further investigation is not in the public interest,
ffff826443b8b18da19dfa79cdfabcb01b24486e1ec0008cc168d49d7e6b9431,2021-05,Durham Constabulary,Durham Constabulary,-1.538704,54.687542,On or near Belsay Close,E01020798,County Durham 050B,Violence and sexual offences,Local resolution,
,2021-05,Durham Constabulary,Durham Constabulary,-1.551207,54.688910,On or near Chestnut Avenue,E01020799,County Durham 050C,Anti-social behaviour,,
,2021-05,Durham Constabulary,Durham Constabulary,-1.550631,54.687731,On or near Willow Road,E01020799,County Durham 050C,Anti-social behaviour,,
,2021-05,Durham Constabulary,Durham Constabulary,-1.551491,54.684238,On or near Dean Road,E01020799,County Durham 050C,Anti-social behaviour,,
,2021-05,Durham Constabulary,Durham Constabulary,-1.551491,54.684238,On or near Dean Road,E01020799,County Durham 050C,Anti-social behaviour,,
6e7235bea56a1f60911812b1c16b441d3466e02e37f15a160d78f09ecac79d1a,2021-05,Durham Constabulary,Durham Constabulary,-1.548992,54.687275,On or near Broom Road,E01020799,County Durham 050C,Burglary,Court result unavailable,
5c43a394fcb24ffadd60c2480a207e28d3641663366222124beba7d707939e17,2021-05,Durham Constabulary,Durham Constabulary,-1.551207,54.688910,On or near Chestnut Avenue,E01020799,County Durham 050C,Criminal damage and arson,Investigation complete; no suspect identified,
44465d83842e790786186d4164704477b453c293edafcaffdbdac14f75fd0a37,2021-05,Durham Constabulary,Durham Constabulary,-1.551207,54.688910,On or near Chestnut Avenue,E01020799,County Durham 050C,Criminal damage and arson,Investigation complete; no suspect identified,
b9baab4a90d9fde144be3766ae8e31112e2c002f8c628fb321425df5ca26e743,2021-05,Durham Constabulary,Durham Constabulary,-1.545284,54.691476,On or near Wood Lane,E01020799,County Durham 050C,Other theft,Investigation complete; no suspect identified,
5fa7a23468d348a1ad90d339feaeda81c27c89cc46ef02c83a5d72962bfb953f,2021-05,Durham Constabulary,Durham Constabulary,-1.551207,54.688910,On or near Chestnut Avenue,E01020799,County Durham 050C,Other theft,Unable to prosecute suspect,
9799bbf85e591efae9bf4431c37f827cd0657ebd92cb99f204ec5c550f4e318c,2021-05,Durham Constabulary,Durham Constabulary,-1.551207,54.688910,On or near Chestnut Avenue,E01020799,County Durham 050C,Public order,Court result unavailable,
5a1e6151a0495c66c6712dfd9132ec39cb029ee4c6b69ea235e283c07282e66f,2021-05,Durham Constabulary,Durham Constabulary,-1.548283,54.685457,On or near Beech Grove,E01020799,County Durham 050C,Public order,Unable to prosecute suspect,
d0627277a84ef6def3a1248ebaa9071548602bb6d8f37997c0d60f77ed077f9c,2021-05,Durham Constabulary,Durham Constabulary,-1.550407,54.686921,On or near Hawthorne Road,E01020799,County Durham 050C,Vehicle crime,Action to be taken by another organisation,
dc37c8e1d615d37b2c1e46f3de9b0ec53f8bb0ad98d268760e9187470ea68772,2021-05,Durham Constabulary,Durham Constabulary,-1.551491,54.684238,On or near Dean Road,E01020799,County Durham 050C,Violence and sexual offences,Unable to prosecute suspect,
4f26f25fceea64c15d36729b9302b9f384c5cffe1598dea92bce0a0b1d9562c3,2021-05,Durham Constabulary,Durham Constabulary,-1.548992,54.687275,On or near Broom Road,E01020799,County Durham 050C,Violence and sexual offences,Unable to prosecute suspect,
9efaa8e92ae7e3e63e9ed3e98c36d22973e517c989c8923c7cfdc557a2c01128,2021-05,Durham Constabulary,Durham Constabulary,-1.548283,54.685457,On or near Beech Grove,E01020799,County Durham 050C,Violence and sexual offences,Investigation complete; no suspect identified,
,2021-05,Durham Constabulary,Durham Constabulary,-1.557373,54.688205,On or near Police Station,E01020808,County Durham 050D,Anti-social behaviour,,
,2021-05,Durham Constabulary,Durham Constabulary,-1.557117,54.688986,On or near Market Street,E01020808,County Durham 050D,Anti-social behaviour,,
,2021-05,Durham Constabulary,Durham Constabulary,-1.541125,54.692979,On or near Bamburgh Road,E01020808,County Durham 050D,Anti-social behaviour,,
,2021-05,Durham Constabulary,Durham Constabulary,-1.556417,54.689127,On or near Main Street,E01020808,County Durham 050D,Anti-social behaviour,,
,2021-05,Durham Constabulary,Durham Constabulary,-1.556417,54.689127,On or near Main Street,E01020808,County Durham 050D,Anti-social behaviour,,
,2021-05,Durham Constabulary,Durham Constabulary,-1.554194,54.689559,On or near Market Street,E01020808,County Durham 050D,Anti-social behaviour,,
,2021-05,Durham Constabulary,Durham Constabulary,-1.556213,54.687904,On or near Eamont Road,E01020808,County Durham 050D,Anti-social behaviour,,
,2021-05,Durham Constabulary,Durham Constabulary,-1.556809,54.687304,On or near Dunning Road,E01020808,County Durham 050D,Anti-social behaviour,,
,2021-05,Durham Constabulary,Durham Constabulary,-1.557117,54.688986,On or near Market Street,E01020808,County Durham 050D,Anti-social behaviour,,
,2021-05,Durham Constabulary,Durham Constabulary,-1.557117,54.688986,On or near Market Street,E01020808,County Durham 050D,Anti-social behaviour,,
,2021-05,Durham Constabulary,Durham Constabulary,-1.557117,54.688986,On or near Market Street,E01020808,County Durham 050D,Anti-social behaviour,,
9613da74eab8f9a8d813edcbfd81ddc64a296cbc5e155cae65e44b79298d539f,2021-05,Durham Constabulary,Durham Constabulary,-1.556417,54.689127,On or near Main Street,E01020808,County Durham 050D,Other theft,Investigation complete; no suspect identified,
98f3d5020e78d964e516251b0253cb1a65a60a006102f1828cdb4348e74e08dc,2021-05,Durham Constabulary,Durham Constabulary,-1.557117,54.688986,On or near Market Street,E01020808,County Durham 050D,Public order,Unable to prosecute suspect,
b73558b0d77541f397bb8a01038ca31707a28c66412d2b07b2e733c364d76196,2021-05,Durham Constabulary,Durham Constabulary,-1.557373,54.688205,On or near Police Station,E01020808,County Durham 050D,Robbery,Unable to prosecute suspect,
650031d7a292521f57dca73a77b4852809a0471f428232fc5cb9d3d084f21779,2021-05,Durham Constabulary,Durham Constabulary,-1.556417,54.689127,On or near Main Street,E01020808,County Durham 050D,Violence and sexual offences,Unable to prosecute suspect,
f69c8d860179b54f0cf9fdffe8fe46bf241003c2c668bd40cc9dc6b6da2e6701,2021-05,Durham Constabulary,Durham Constabulary,-1.550224,54.690812,On or near Lanark Terrace,E01020808,County Durham 050D,Violence and sexual offences,Offender given a caution,
5b04de375232cf4550876ebcba4d218bb6f50a6f96ea4d3ed3c025376afecca0,2021-05,Durham Constabulary,Durham Constabulary,-1.556417,54.689127,On or near Main Street,E01020808,County Durham 050D,Violence and sexual offences,Court result unavailable,
9b2b587245b0d023f404c15ebfed38d4b6fc51dd4c6930ceb595fd3bfe16c9c7,2021-05,Durham Constabulary,Durham Constabulary,-1.550224,54.690812,On or near Lanark Terrace,E01020808,County Durham 050D,Violence and sexual offences,Unable to prosecute suspect,
b1092470eecfd6bf9a0e7843c8be1196280a7111c822f003ce9dd201cd4bf6ca,2021-05,Durham Constabulary,Durham Constabulary,-1.550224,54.690812,On or near Lanark Terrace,E01020808,County Durham 050D,Violence and sexual offences,Unable to prosecute suspect,
f438a0c0534c2621cd754498a413fb822defd6608a3372acf319caa2110f219f,2021-05,Durham Constabulary,Durham Constabulary,-1.557373,54.688205,On or near Police Station,E01020808,County Durham 050D,Violence and sexual offences,Unable to prosecute suspect,
c574d5ae9c0a844b6931b8cecefeac1509a3311b721c525826fab1a78b48f0f8,2021-05,Durham Constabulary,Durham Constabulary,-1.558996,54.690242,On or near Durham Road,E01020808,County Durham 050D,Violence and sexual offences,Investigation complete; no suspect identified,
,2021-05,Durham Constabulary,Durham Constabulary,-1.624212,54.661731,On or near Hambleton Road,E01020873,County Durham 051A,Anti-social behaviour,,
,2021-05,Durham Constabulary,Durham Constabulary,-1.625491,54.665967,On or near York Close,E01020873,County Durham 051A,Anti-social behaviour,,
,2021-05,Durham Constabulary,Durham Constabulary,-1.623082,54.663273,On or near Chiltern Road,E01020873,County Durham 051A,Anti-social behaviour,,
,2021-05,Durham Constabulary,Durham Constabulary,-1.625906,54.664621,On or near Hartley Avenue,E01020873,County Durham 051A,Anti-social behaviour,,
184c99fad600901995c7c2e03e27ff0d3bf4ff4661e8b5fb461e68a12ddcf04d,2021-05,Durham Constabulary,Durham Constabulary,-1.621717,54.664949,On or near Leeholme Road,E01020873,County Durham 051A,Criminal damage and arson,Investigation complete; no suspect identified,
648ffff0f649634d82e751fedb26a9ee5eb736a7f20e080a7be3372384d06871,2021-05,Durham Constabulary,Durham Constabulary,-1.624212,54.661731,On or near Hambleton Road,E01020873,County Durham 051A,Criminal damage and arson,Unable to prosecute suspect,
3bcff4c0151baf6fafc4c2523894949b67018483d95777e8fd3588a01ba34e5f,2021-05,Durham Constabulary,Durham Constabulary,-1.618190,54.665801,On or near Sandringham Terrace,E01020873,County Durham 051A,Criminal damage and arson,Investigation complete; no suspect identified,
7d79a8e14fd4381f7bdedda51d7159d97035e16dac8ca04bad29a7a2ca5c9e90,2021-05,Durham Constabulary,Durham Constabulary,-1.622691,54.666911,On or near Sports/Recreation Area,E01020873,County Durham 051A,Public order,Further action is not in the public interest,
ac0cb679d56ebd8da5155b53e82ffb19586c6fd32e9a75732d6221bfb0d9bbfd,2021-05,Durham Constabulary,Durham Constabulary,-1.623715,54.665216,On or near Addison Road,E01020873,County Durham 051A,Public order,Unable to prosecute suspect,
ec06532998b97983293dfe3b1bcbc5dc9d99db511ed5c125378c59e5adefa93e,2021-05,Durham Constabulary,Durham Constabulary,-1.626423,54.660695,On or near Supermarket,E01020873,County Durham 051A,Shoplifting,Investigation complete; no suspect identified,
44c9c16a4e49f4073b5724b516c65d36f443099ea9814285649585328ff747c5,2021-05,Durham Constabulary,Durham Constabulary,-1.626423,54.660695,On or near Supermarket,E01020873,County Durham 051A,Shoplifting,Unable to prosecute suspect,
821fa0d7b78157617e7de10374e42299de54b103f68f307ab07346c9f129d77c,2021-05,Durham Constabulary,Durham Constabulary,-1.624588,54.664716,On or near Fairlawn Avenue,E01020873,County Durham 051A,Violence and sexual offences,Unable to prosecute suspect,
77f8a8d269b6b9af174fb67254423437026c12f969ce14fe4e101a054e92195a,2021-05,Durham Constabulary,Durham Constabulary,-1.622305,54.665059,On or near Kent Street,E01020873,County Durham 051A,Violence and sexual offences,Further action is not in the public interest,
de5d90a546ba5af24b2634e57f4a3330e6cd9fc72beeac6760a95f9b4c269ee9,2021-05,Durham Constabulary,Durham Constabulary,-1.624212,54.661731,On or near Hambleton Road,E01020873,County Durham 051A,Violence and sexual offences,Unable to prosecute suspect,
e7741be0ccc9d89280ebcc82a46a83ccdf8b00e1dc2ecfa3d6431c939b0ba489,2021-05,Durham Constabulary,Durham Constabulary,-1.623082,54.663273,On or near Chiltern Road,E01020873,County Durham 051A,Violence and sexual offences,Unable to prosecute suspect,
1dea604f496f308c7c37bba495bd4e822639a05240e03655b3d4b7c26f7813b8,2021-05,Durham Constabulary,Durham Constabulary,-1.623082,54.663273,On or near Chiltern Road,E01020873,County Durham 051A,Violence and sexual offences,Unable to prosecute suspect,
df3abd6e4711a083de8561d18b04d9531108a395cfed1cb92efc6fdbe34c24d9,2021-05,Durham Constabulary,Durham Constabulary,-1.625491,54.665967,On or near York Close,E01020873,County Durham 051A,Violence and sexual offences,Investigation complete; no suspect identified,
1ccd9db723e121eaa50f17e6a9d671b13470da80b9ac578a0f9fc28b5383d5b1,2021-05,Durham Constabulary,Durham Constabulary,-1.623715,54.665216,On or near Addison Road,E01020873,County Durham 051A,Violence and sexual offences,Investigation complete; no suspect identified,
077590077bb4f7e8c5147c3543f4c7f10601dacdae9e5c3bb56a8b8749f040f8,2021-05,Durham Constabulary,Durham Constabulary,-1.624588,54.664716,On or near Fairlawn Avenue,E01020873,County Durham 051A,Violence and sexual offences,Unable to prosecute suspect,
cdc393571d13f8dc9c4edf408ebd1258afe98c1d2f122413f8d17e6a70a0b8cb,2021-05,Durham Constabulary,Durham Constabulary,-1.626423,54.660695,On or near Supermarket,E01020873,County Durham 051A,Violence and sexual offences,Unable to prosecute suspect,
eed87fe6c82b132f02d4fcb85fb4193f5dc1e9aad9cfbd28d4e134c6f0ed7306,2021-05,Durham Constabulary,Durham Constabulary,-1.622305,54.665059,On or near Kent Street,E01020873,County Durham 051A,Violence and sexual offences,Further action is not in the public interest,
,2021-05,Durham Constabulary,Durham Constabulary,-1.609512,54.675084,On or near High Road,E01020875,County Durham 051B,Anti-social behaviour,,
,2021-05,Durham Constabulary,Durham Constabulary,-1.683813,54.696329,On or near New Park,E01020875,County Durham 051B,Anti-social behaviour,,
,2021-05,Durham Constabulary,Durham Constabulary,-1.647960,54.665469,On or near Petrol Station,E01020875,County Durham 051B,Anti-social behaviour,,
,2021-05,Durham Constabulary,Durham Constabulary,-1.630301,54.663852,On or near Wharton Street,E01020875,County Durham 051B,Anti-social behaviour,,
,2021-05,Durham Constabulary,Durham Constabulary,-1.683813,54.696329,On or near New Park,E01020875,County Durham 051B,Anti-social behaviour,,
,2021-05,Durham Constabulary,Durham Constabulary,-1.603839,54.663625,On or near Sports/Recreation Area,E01020875,County Durham 051B,Anti-social behaviour,,
,2021-05,Durham Constabulary,Durham Constabulary,-1.647960,54.665469,On or near Petrol Station,E01020875,County Durham 051B,Anti-social behaviour,,
8dab4d66e1865e70ca5e76270e169e68947e472526a986c1ca1aa5a8b88f8fee,2021-05,Durham Constabulary,Durham Constabulary,-1.631154,54.663801,On or near Wharton Street,E01020875,County Durham 051B,Burglary,Investigation complete; no suspect identified,
5f9edaf2ae6c5279ce170a1d69931e0fd3291eb6134a3d3ae4432cf3d5f437aa,2021-05,Durham Constabulary,Durham Constabulary,-1.630301,54.663852,On or near Wharton Street,E01020875,County Durham 051B,Criminal damage and arson,Investigation complete; no suspect identified,
2556d9f6fb0b922d128f7dc64cbd7bc11ecaf8909ae7a83d6fbaf49920dccd88,2021-05,Durham Constabulary,Durham Constabulary,-1.640965,54.676385,On or near Parking Area,E01020875,County Durham 051B,Criminal damage and arson,Investigation complete; no suspect identified,
fe68e751d49b40279d9006dcd5c527a0157b2d509f3c0e495124b54ca76c7ca7,2021-05,Durham Constabulary,Durham Constabulary,-1.635392,54.664865,On or near Lingmell Dene,E01020875,County Durham 051B,Criminal damage and arson,Status update unavailable,
82a3c2e1777adad73240cfe223688a3d1b3e7b5b583baba2b43087db863e64c0,2021-05,Durham Constabulary,Durham Constabulary,-1.631154,54.663801,On or near Wharton Street,E01020875,County Durham 051B,Criminal damage and arson,Investigation complete; no suspect identified,
9e270809a5052d26149d630a8601ce79847dc22f67e4484f1498c130fc95d161,2021-05,Durham Constabulary,Durham Constabulary,-1.633862,54.664322,On or near Westerton View,E01020875,County Durham 051B,Criminal damage and arson,Investigation complete; no suspect identified,
e170fe279c148df7d6f5bbba05c18f450439591e589f8996e6f660d7146fd564,2021-05,Durham Constabulary,Durham Constabulary,-1.629423,54.673465,On or near Westerton Heights,E01020875,County Durham 051B,Public order,Court result unavailable,
c475e9a7009e63e4c828234f41189e5b5b38f54b0aa8c60ece524272e86cd741,2021-05,Durham Constabulary,Durham Constabulary,-1.629423,54.673465,On or near Westerton Heights,E01020875,County Durham 051B,Public order,Court result unavailable,
ee276ea77b9fe7eee3fd203f51541292e0784732a3c2c84cfdd938c5b9cde477,2021-05,Durham Constabulary,Durham Constabulary,-1.682128,54.695516,On or near Grey Street,E01020875,County Durham 051B,Violence and sexual offences,Unable to prosecute suspect,
7afd580f31a484c3003aadd99768075b70c49e1b781f981c2cd9508e6b67a098,2021-05,Durham Constabulary,Durham Constabulary,-1.631154,54.663801,On or near Wharton Street,E01020875,County Durham 051B,Violence and sexual offences,Unable to prosecute suspect,
72ce687b23df1f86a31c8ffbe13de84197cad90ebbd860b78485c420beaa608f,2021-05,Durham Constabulary,Durham Constabulary,-1.630301,54.663852,On or near Wharton Street,E01020875,County Durham 051B,Violence and sexual offences,Unable to prosecute suspect,
6f0665d5e8bb44199d780229b1fb3b8368d5f0d677e94efe42c79adfe2679e23,2021-05,Durham Constabulary,Durham Constabulary,-1.682799,54.708970,On or near Kingsmead,E01020900,County Durham 051C,Criminal damage and arson,Investigation complete; no suspect identified,
538b121f16d49c5259970b17cbc1c1e34f29efec13813fd277ef52e76aeb6c72,2021-05,Durham Constabulary,Durham Constabulary,-1.675857,54.709527,On or near Oak Avenue,E01020900,County Durham 051C,Other theft,Status update unavailable,
843a205149488d5f5a46fcac6fa621435bcb1e0cb00e1fd3ab92713b21b15f8b,2021-05,Durham Constabulary,Durham Constabulary,-1.674001,54.710690,On or near Cedar Crescent,E01020900,County Durham 051C,Public order,Local resolution,
ec3556efd86f35b823a94b3b73982e50bc275adab66e8a75707f1ecf49318247,2021-05,Durham Constabulary,Durham Constabulary,-1.680785,54.710484,On or near Surtees Drive,E01020900,County Durham 051C,Violence and sexual offences,Unable to prosecute suspect,
c4c9e5f32b2439737eb9e241653eba8d0283fa72cdcf0d2414ff04f8810f6d50,2021-05,Durham Constabulary,Durham Constabulary,-1.673236,54.709260,On or near Birch Drive,E01020900,County Durham 051C,Violence and sexual offences,Unable to prosecute suspect,
222472b2e76045585301c7d25039fb88c8120e30acb7ad14a4e9d846eb97ed02,2021-05,Durham Constabulary,Durham Constabulary,-1.672915,54.710616,On or near Ash Drive,E01020900,County Durham 051C,Violence and sexual offences,Offender given a caution,
c39f880de8aa710cb290359969d4d52c087df2f0d72a09fadee29d4e317d88e4,2021-05,Durham Constabulary,Durham Constabulary,-1.686558,54.710562,On or near Rosemead Avenue,E01020900,County Durham 051C,Violence and sexual offences,Unable to prosecute suspect,
,2021-05,Durham Constabulary,Durham Constabulary,-1.693641,54.709879,On or near Cambridge Avenue,E01020901,County Durham 051D,Anti-social behaviour,,
,2021-05,Durham Constabulary,Durham Constabulary,-1.693641,54.709879,On or near Cambridge Avenue,E01020901,County Durham 051D,Anti-social behaviour,,
,2021-05,Durham Constabulary,Durham Constabulary,-1.690717,54.708595,On or near Sports/Recreation Area,E01020901,County Durham 051D,Anti-social behaviour,,
,2021-05,Durham Constabulary,Durham Constabulary,-1.690502,54.710329,On or near Commercial Street,E01020901,County Durham 051D,Anti-social behaviour,,
,2021-05,Durham Constabulary,Durham Constabulary,-1.690352,54.709628,On or near Supermarket,E01020901,County Durham 051D,Anti-social behaviour,,
,2021-05,Durham Constabulary,Durham Constabulary,-1.690502,54.710329,On or near Commercial Street,E01020901,County Durham 051D,Anti-social behaviour,,
,2021-05,Durham Constabulary,Durham Constabulary,-1.690502,54.710329,On or near Commercial Street,E01020901,County Durham 051D,Anti-social behaviour,,
,2021-05,Durham Constabulary,Durham Constabulary,-1.693641,54.709879,On or near Cambridge Avenue,E01020901,County Durham 051D,Anti-social behaviour,,
92d5256075799ca9ee6d7d2309e5a28a866289200e3b1c7616141a24a1d60256,2021-05,Durham Constabulary,Durham Constabulary,-1.690352,54.709628,On or near Supermarket,E01020901,County Durham 051D,Burglary,Investigation complete; no suspect identified,
3f7d8b7890305e9fd86785e112729e1367d2f55c61a32761342f99557719fcae,2021-05,Durham Constabulary,Durham Constabulary,-1.693641,54.709879,On or near Cambridge Avenue,E01020901,County Durham 051D,Criminal damage and arson,Investigation complete; no suspect identified,
41ef0731a2e107a8a817e5b4b1da7e33a3dc379360f88e7dbde281a6f4498710,2021-05,Durham Constabulary,Durham Constabulary,-1.693770,54.711326,On or near Commercial Street,E01020901,County Durham 051D,Criminal damage and arson,Investigation complete; no suspect identified,
fb29863bfa25d197024cad30450bea74e87d61a9d1df03fe0a7d9fc9701221bc,2021-05,Durham Constabulary,Durham Constabulary,-1.693641,54.709879,On or near Cambridge Avenue,E01020901,County Durham 051D,Criminal damage and arson,Investigation complete; no suspect identified,
396d0722ef1960c44f88688e303bba457302203d2605c062c1936a3a0978c103,2021-05,Durham Constabulary,Durham Constabulary,-1.691836,54.710423,On or near Bridge End,E01020901,County Durham 051D,Criminal damage and arson,Court result unavailable,
953c91b5d0e263b5bc77c5206c3a44b1dbd60b48226be94ff1f80fef1f1b9fa5,2021-05,Durham Constabulary,Durham Constabulary,-1.690352,54.709628,On or near Supermarket,E01020901,County Durham 051D,Other theft,Investigation complete; no suspect identified,
74af3e98fbd7db30a18840bbbbb88e2e20582a1653a76ded70025aa9d4b016c1,2021-05,Durham Constabulary,Durham Constabulary,-1.692208,54.708428,On or near Hall Lane Estate,E01020901,County Durham 051D,Other theft,Unable to prosecute suspect,
7eaf7e3d21d48cc1dd64d2088ac3671d9fe9b789fc0e3ae75676389789f6d14f,2021-05,Durham Constabulary,Durham Constabulary,-1.692208,54.708428,On or near Hall Lane Estate,E01020901,County Durham 051D,Public order,Unable to prosecute suspect,
1583112c02450bf0f642c4e6f464550f6fe7773864e7c07bde56d795a23011bb,2021-05,Durham Constabulary,Durham Constabulary,-1.691836,54.710423,On or near Bridge End,E01020901,County Durham 051D,Public order,Unable to prosecute suspect,
a6c6e90ce82f4abf3e947d85baf69a6d3e86c4c130aae93231f47cce79615a37,2021-05,Durham Constabulary,Durham Constabulary,-1.693770,54.711326,On or near Commercial Street,E01020901,County Durham 051D,Public order,Unable to prosecute suspect,
c75be43664531619a77a2729328470910c9de449a48378b4ea1d906b7077203a,2021-05,Durham Constabulary,Durham Constabulary,-1.690502,54.710329,On or near Commercial Street,E01020901,County Durham 051D,Public order,Further investigation is not in the public interest,
0186a4d48937c9fcb2e086ee8db77b8badf6922121a0ca275714328e9b608a6f,2021-05,Durham Constabulary,Durham Constabulary,-1.690502,54.710329,On or near Commercial Street,E01020901,County Durham 051D,Public order,Unable to prosecute suspect,
bc8d47c3b983032027e2282703f4dc61b5c04ea9f7288b24c20b60a503c84abd,2021-05,Durham Constabulary,Durham Constabulary,-1.692374,54.711089,On or near Supermarket,E01020901,County Durham 051D,Shoplifting,Court result unavailable,
1920be57057aa7d3e762568cc22098280ff33a16bf0084a73a0939afa694f483,2021-05,Durham Constabulary,Durham Constabulary,-1.691104,54.710852,On or near Russel'S Yard,E01020901,County Durham 051D,Violence and sexual offences,Unable to prosecute suspect,
e3ac00222ab0a19654814ab3f4dc5d1a66f32972433ff3e6e5da4fbf4361518e,2021-05,Durham Constabulary,Durham Constabulary,-1.692852,54.711602,On or near St Thomas' Close,E01020901,County Durham 051D,Violence and sexual offences,Unable to prosecute suspect,
e3ed5126bbbac0433a32837a7f1d0e11f391b0dcf7d5adcff0cbc1264deaae44,2021-05,Durham Constabulary,Durham Constabulary,-1.690352,54.709628,On or near Supermarket,E01020901,County Durham 051D,Violence and sexual offences,Unable to prosecute suspect,
abfe613c46b0223cc65e7e00d3285b0298634c61abddb3a1c88ec518593a482e,2021-05,Durham Constabulary,Durham Constabulary,-1.691104,54.710852,On or near Russel'S Yard,E01020901,County Durham 051D,Violence and sexual offences,Unable to prosecute suspect,
fce1b19aa77df3c2da4799e914463bae3414686a9135cf5bd984eebc4622b651,2021-05,Durham Constabulary,Durham Constabulary,-1.690352,54.709628,On or near Supermarket,E01020901,County Durham 051D,Violence and sexual offences,Unable to prosecute suspect,
bd31f828b1b4812a028cb1c534ce914949954b1e4eb6684662ba9635b76dd1b7,2021-05,Durham Constabulary,Durham Constabulary,-1.691836,54.710423,On or near Bridge End,E01020901,County Durham 051D,Violence and sexual offences,Court result unavailable,
ba419407c2bf9dcb16b659a03e2b1f368559d47261c19aa163a5dbb8a6332e39,2021-05,Durham Constabulary,Durham Constabulary,-1.691836,54.710423,On or near Bridge End,E01020901,County Durham 051D,Violence and sexual offences,Court result unavailable,
a47b5c01b2720599c1d66a55b9f47941ddfa91b3d24272151053d64220d51b35,2021-05,Durham Constabulary,Durham Constabulary,-1.693641,54.709879,On or near Cambridge Avenue,E01020901,County Durham 051D,Violence and sexual offences,Investigation complete; no suspect identified,
3dde26d58f588c707a33ecb9a1f0c17be9f299c178f05f3da7d20ead8a584c9b,2021-05,Durham Constabulary,Durham Constabulary,-1.691642,54.711455,On or near Lydia Street,E01020901,County Durham 051D,Violence and sexual offences,Action to be taken by another organisation,
94d44e0d2d51e22e9b7487072870a3b5a8c4fc083d4c5b322cb61511c8b994d4,2021-05,Durham Constabulary,Durham Constabulary,-1.690502,54.710329,On or near Commercial Street,E01020901,County Durham 051D,Violence and sexual offences,Unable to prosecute suspect,
66d0bd06807f88b2f5690e80cd80708088b9d40a2fe441659af3aae4c1be54f4,2021-05,Durham Constabulary,Durham Constabulary,-1.692852,54.711602,On or near St Thomas' Close,E01020901,County Durham 051D,Violence and sexual offences,Unable to prosecute suspect,
0cea5a975b6ca986add5dc78c1fa3a37332f6ee40ebf83db85aff3d9c048cd1c,2021-05,Durham Constabulary,Durham Constabulary,-1.691836,54.710423,On or near Bridge End,E01020901,County Durham 051D,Violence and sexual offences,Court result unavailable,
2042245170b6c03c760edde25b834586903e3935c981a31ba36172f0ba5b6aa4,2021-05,Durham Constabulary,Durham Constabulary,-1.690502,54.710329,On or near Commercial Street,E01020901,County Durham 051D,Violence and sexual offences,Unable to prosecute suspect,
bcf1cd4ab09537000c6a883f83e7db84b47bc0e15960c45857b9b5b834fb59f3,2021-05,Durham Constabulary,Durham Constabulary,-1.693641,54.709879,On or near Cambridge Avenue,E01020901,County Durham 051D,Violence and sexual offences,Unable to prosecute suspect,
8ca2a3febb95711cceb9db64e4b14968a2fb5f8ae88d3787870b489b433ee58d,2021-05,Durham Constabulary,Durham Constabulary,-1.693641,54.709879,On or near Cambridge Avenue,E01020901,County Durham 051D,Violence and sexual offences,Investigation complete; no suspect identified,
662987046b924918d481d2861ec13c4aec67b3f12eba3e41cbcb7ddd5622c923,2021-05,Durham Constabulary,Durham Constabulary,-1.690502,54.710329,On or near Commercial Street,E01020901,County Durham 051D,Violence and sexual offences,Unable to prosecute suspect,
fa6f77ab45975a54fffcf3f7fbba0ca1361d40e603e916e93826b77f7404e9ff,2021-05,Durham Constabulary,Durham Constabulary,-1.691104,54.710852,On or near Russel'S Yard,E01020901,County Durham 051D,Violence and sexual offences,Unable to prosecute suspect,
,2021-05,Durham Constabulary,Durham Constabulary,-1.697369,54.705206,On or near Dovedale Avenue,E01020902,County Durham 051E,Anti-social behaviour,,
,2021-05,Durham Constabulary,Durham Constabulary,-1.695077,54.706629,On or near Canterbury Crescent,E01020902,County Durham 051E,Anti-social behaviour,,
,2021-05,Durham Constabulary,Durham Constabulary,-1.703023,54.704546,On or near Saxby Drive,E01020902,County Durham 051E,Anti-social behaviour,,
,2021-05,Durham Constabulary,Durham Constabulary,-1.695077,54.706629,On or near Canterbury Crescent,E01020902,County Durham 051E,Anti-social behaviour,,
,2021-05,Durham Constabulary,Durham Constabulary,-1.695652,54.704501,On or near Chester Drive,E01020902,County Durham 051E,Anti-social behaviour,,
,2021-05,Durham Constabulary,Durham Constabulary,-1.699083,54.704321,On or near Moorland Close,E01020902,County Durham 051E,Anti-social behaviour,,
,2021-05,Durham Constabulary,Durham Constabulary,-1.697369,54.705206,On or near Dovedale Avenue,E01020902,County Durham 051E,Anti-social behaviour,,
,2021-05,Durham Constabulary,Durham Constabulary,-1.699083,54.704321,On or near Moorland Close,E01020902,County Durham 051E,Anti-social behaviour,,
,2021-05,Durham Constabulary,Durham Constabulary,-1.699083,54.704321,On or near Moorland Close,E01020902,County Durham 051E,Anti-social behaviour,,
,2021-05,Durham Constabulary,Durham Constabulary,-1.703023,54.704546,On or near Saxby Drive,E01020902,County Durham 051E,Anti-social behaviour,,
fc03cc120cb18154bbca0b7b6e4b8834486622ea10f37ad5e53d9d23d1b88d9a,2021-05,Durham Constabulary,Durham Constabulary,-1.695077,54.706629,On or near Canterbury Crescent,E01020902,County Durham 051E,Burglary,Court result unavailable,
6ef228e660e2faf4cb2156bf55bc683d62a13f2257c919a8cf8f798514f75e8f,2021-05,Durham Constabulary,Durham Constabulary,-1.695077,54.706629,On or near Canterbury Crescent,E01020902,County Durham 051E,Criminal damage and arson,Investigation complete; no suspect identified,
0904234680e0935cfbecab6684c8d5291dddfe23f456a793e35e7fd328a900c2,2021-05,Durham Constabulary,Durham Constabulary,-1.695077,54.706629,On or near Canterbury Crescent,E01020902,County Durham 051E,Criminal damage and arson,Unable to prosecute suspect,
afe7d6c24300c2c8289545577ea3c1d681c89098bdfac771b6fb1ff1cc20a2a2,2021-05,Durham Constabulary,Durham Constabulary,-1.695077,54.706629,On or near Canterbury Crescent,E01020902,County Durham 051E,Criminal damage and arson,Unable to prosecute suspect,
ef3c6fc61b4820f107445bdb2376bad603bca02a081ca7c36797b13014e67c94,2021-05,Durham Constabulary,Durham Constabulary,-1.697642,54.703958,On or near Rockingham Road,E01020902,County Durham 051E,Criminal damage and arson,Court result unavailable,
c044f589ebf308f1ac95a250fa9ab976e64f92bc3432fb5dfd80b7058736e9f2,2021-05,Durham Constabulary,Durham Constabulary,-1.697642,54.703958,On or near Rockingham Road,E01020902,County Durham 051E,Other theft,Action to be taken by another organisation,
24776b5ee58c6d6d8a1c26fbb355bf59fae0f8297d7eb3ec88fe993b88f45fa8,2021-05,Durham Constabulary,Durham Constabulary,-1.695077,54.706629,On or near Canterbury Crescent,E01020902,County Durham 051E,Public order,Unable to prosecute suspect,
849e238ba1a333fa01b2f6fc8208293d9ca7a10c1e7b3fe3251a93290b53a6af,2021-05,Durham Constabulary,Durham Constabulary,-1.695077,54.706629,On or near Canterbury Crescent,E01020902,County Durham 051E,Public order,Investigation complete; no suspect identified,
110dd736ebb73b40f66a561a544aad34c2f959e575c035ef67f0204cf60277fe,2021-05,Durham Constabulary,Durham Constabulary,-1.699083,54.704321,On or near Moorland Close,E01020902,County Durham 051E,Public order,Court result unavailable,
e05ab8b219c475dc40d9ad4687aa16a83d0c088203f0d46be9869de5acbda499,2021-05,Durham Constabulary,Durham Constabulary,-1.697369,54.705206,On or near Dovedale Avenue,E01020902,County Durham 051E,Public order,Investigation complete; no suspect identified,
5160b08b6febc97bc7a7952ee5978f6d54c1b5913f57091d12dd6fed29488a1d,2021-05,Durham Constabulary,Durham Constabulary,-1.699083,54.704321,On or near Moorland Close,E01020902,County Durham 051E,Public order,Court result unavailable,
1889578d3a8174d59cb8cfae78a3286f36769d0103137efedebd7bcd59263b0d,2021-05,Durham Constabulary,Durham Constabulary,-1.694591,54.705298,On or near Chester Drive,E01020902,County Durham 051E,Violence and sexual offences,Court result unavailable,
c2d0b011a1d2b91b68e3c996e60af58e80605ba247830203dd9bf10d735c3c34,2021-05,Durham Constabulary,Durham Constabulary,-1.699083,54.704321,On or near Moorland Close,E01020902,County Durham 051E,Violence and sexual offences,Court result unavailable,
661d01e44bccfdbed6dd201c19a77917da70d3b60ce007e6f8e24fb055483e67,2021-05,Durham Constabulary,Durham Constabulary,-1.695077,54.706629,On or near Canterbury Crescent,E01020902,County Durham 051E,Violence and sexual offences,Unable to prosecute suspect,
ca76115c9ce539b479895d2ad9e46559f4c48e297aabaee3547046460ab721d1,2021-05,Durham Constabulary,Durham Constabulary,-1.699083,54.704321,On or near Moorland Close,E01020902,County Durham 051E,Violence and sexual offences,Unable to prosecute suspect,
eb5a6f75963bafe96fa2e9db095d752e0d149f1b8e212b0f6911eedea8bd1498,2021-05,Durham Constabulary,Durham Constabulary,-1.703023,54.704546,On or near Saxby Drive,E01020902,County Durham 051E,Violence and sexual offences,Unable to prosecute suspect,
7cf8603e19e2c8e5ade03b9de62a37f5cdddcd188285ab9051fbc191a7d12d11,2021-05,Durham Constabulary,Durham Constabulary,-1.697369,54.705206,On or near Dovedale Avenue,E01020902,County Durham 051E,Violence and sexual offences,Court result unavailable,
76f845ef27117a22c740cced575190c9fc380e70d0b248611f6ea25de1afb86c,2021-05,Durham Constabulary,Durham Constabulary,-1.708098,54.706607,On or near St John'S Gardens,E01020902,County Durham 051E,Violence and sexual offences,Unable to prosecute suspect,
6451a089d5e8f907fff49b0a93c8bd6835041eb9ba0f32db72a6ee09997a554b,2021-05,Durham Constabulary,Durham Constabulary,-1.697369,54.705206,On or near Dovedale Avenue,E01020902,County Durham 051E,Violence and sexual offences,Unable to prosecute suspect,
c4d32bbbc635d7eac3a70efd27685ed8d27cefb17c7ba162dba13a09326e6cb2,2021-05,Durham Constabulary,Durham Constabulary,-1.699083,54.704321,On or near Moorland Close,E01020902,County Durham 051E,Violence and sexual offences,Unable to prosecute suspect,
b37d77f0445c935bff14c8fc985deddcbc6e32e30d9dac4f09f85d107ff79d77,2021-05,Durham Constabulary,Durham Constabulary,-1.703023,54.704546,On or near Saxby Drive,E01020902,County Durham 051E,Violence and sexual offences,Court result unavailable,
5281e9a971d25ec186dbd54f5cf7acd4bfa9ef65c4ea0dcaf5dcd4fc02b44254,2021-05,Durham Constabulary,Durham Constabulary,-1.699083,54.704321,On or near Moorland Close,E01020902,County Durham 051E,Violence and sexual offences,Unable to prosecute suspect,
e2f6a937f8b6e65a6d5cb84448e972807ea6409da04818b03ee7cf862eac0555,2021-05,Durham Constabulary,Durham Constabulary,-1.699083,54.704321,On or near Moorland Close,E01020902,County Durham 051E,Violence and sexual offences,Unable to prosecute suspect,
a913fea6ec3e1b026ec62daf4b13920b0c49f7ebd9b2c8534e0665946b9fd124,2021-05,Durham Constabulary,Durham Constabulary,-1.694591,54.705298,On or near Chester Drive,E01020902,County Durham 051E,Violence and sexual offences,Court result unavailable,
5c10665fe00ec8c8bb6c2485aee29765e8d582ce4945800051cca5dee4d25a76,2021-05,Durham Constabulary,Durham Constabulary,-1.694591,54.705298,On or near Chester Drive,E01020902,County Durham 051E,Violence and sexual offences,Court result unavailable,
9517016dfb8917a7ce36509ec2c5db116ef3d18c9dab322364fecb3d8af97e08,2021-05,Durham Constabulary,Durham Constabulary,-1.694591,54.705298,On or near Chester Drive,E01020902,County Durham 051E,Violence and sexual offences,Court result unavailable,
,2021-05,Durham Constabulary,Durham Constabulary,-1.622495,54.688065,On or near Albion Street,E01020821,County Durham 052A,Anti-social behaviour,,
76b90b470b8935207d65fb04ce3ee31c99cc8b2f2b2a329b26e9eb66f7a83914,2021-05,Durham Constabulary,Durham Constabulary,-1.656546,54.702644,On or near Wear View,E01020821,County Durham 052A,Public order,Investigation complete; no suspect identified,
4cea054b8036158295c47a5e38ff10b605554d16cfa5be7f5cc7c6b073e126c9,2021-05,Durham Constabulary,Durham Constabulary,-1.622049,54.689340,On or near Durham Road,E01020821,County Durham 052A,Public order,Unable to prosecute suspect,
a049475a85c09b7fe0e41bcaa8c58c79856b4a4a0eb1963c3dd28a0302d7ad15,2021-05,Durham Constabulary,Durham Constabulary,-1.653623,54.703283,On or near Sports/Recreation Area,E01020821,County Durham 052A,Violence and sexual offences,Unable to prosecute suspect,
d8f426a34a96553135ac8009c27c68b45979033770078f3b662bf863ae7ab4b5,2021-05,Durham Constabulary,Durham Constabulary,-1.652874,54.700108,On or near Wilkinson Street,E01020821,County Durham 052A,Violence and sexual offences,Local resolution,
b5f37584db3464884478a51a4aae835f439ced54b5d2a8c69c960aa09489dd30,2021-05,Durham Constabulary,Durham Constabulary,-1.656546,54.702644,On or near Wear View,E01020821,County Durham 052A,Violence and sexual offences,Unable to prosecute suspect,
,2021-05,Durham Constabulary,Durham Constabulary,-1.592871,54.676853,On or near Hallgarth,E01020822,County Durham 052B,Anti-social behaviour,,
,2021-05,Durham Constabulary,Durham Constabulary,-1.617403,54.686917,On or near South View,E01020822,County Durham 052B,Anti-social behaviour,,
,2021-05,Durham Constabulary,Durham Constabulary,-1.624694,54.686787,On or near Watson Street,E01020822,County Durham 052B,Anti-social behaviour,,
,2021-05,Durham Constabulary,Durham Constabulary,-1.617403,54.686917,On or near South View,E01020822,County Durham 052B,Anti-social behaviour,,
,2021-05,Durham Constabulary,Durham Constabulary,-1.617403,54.686917,On or near South View,E01020822,County Durham 052B,Anti-social behaviour,,
bdb0e346253eced725810c584f6aaa0da6adaf3015e71bb06f45e296482f59f1,2021-05,Durham Constabulary,Durham Constabulary,-1.624694,54.686787,On or near Watson Street,E01020822,County Durham 052B,Criminal damage and arson,Investigation complete; no suspect identified,
336f788d695e649eb1b858579df5cee4b9683e776ba5768db2644f9b2068043d,2021-05,Durham Constabulary,Durham Constabulary,-1.624152,54.686777,On or near Wood Street,E01020822,County Durham 052B,Public order,Further investigation is not in the public interest,
2d161310883871555494c5817fc740c7c2b1d39b394ee5e213d11de1daa95cee,2021-05,Durham Constabulary,Durham Constabulary,-1.625279,54.685630,On or near Castlegarth,E01020822,County Durham 052B,Violence and sexual offences,Unable to prosecute suspect,
,2021-05,Durham Constabulary,Durham Constabulary,-1.613642,54.690904,On or near Heath Road,E01020823,County Durham 052C,Anti-social behaviour,,
,2021-05,Durham Constabulary,Durham Constabulary,-1.614906,54.688482,On or near Fern Grove,E01020823,County Durham 052C,Anti-social behaviour,,
,2021-05,Durham Constabulary,Durham Constabulary,-1.619126,54.690023,On or near Heather Grove,E01020823,County Durham 052C,Anti-social behaviour,,
,2021-05,Durham Constabulary,Durham Constabulary,-1.621354,54.689050,On or near Hirst Court,E01020823,County Durham 052C,Anti-social behaviour,,
8ac3336dafaaf2232921532a0ebd1d7367637e4f8c710e8d6f2b79adf720a072,2021-05,Durham Constabulary,Durham Constabulary,-1.617589,54.690243,On or near Briar Close,E01020823,County Durham 052C,Public order,Unable to prosecute suspect,
9b1a74afaaa9901c924beaeb686d1ed952cde36fc48a2be467042ff94b0d6dc6,2021-05,Durham Constabulary,Durham Constabulary,-1.621354,54.689050,On or near Hirst Court,E01020823,County Durham 052C,Public order,Further investigation is not in the public interest,
11c38490dce7a4f82e40106f1899da2ef615636c60c0457f9734a36efdc918fc,2021-05,Durham Constabulary,Durham Constabulary,-1.615477,54.693660,On or near Duncombe Close,E01020823,County Durham 052C,Public order,Action to be taken by another organisation,
3ccfa9893df1dfaf28d8226d39027ee03f351d3390f6dbcebcd2d0ee3b194cff,2021-05,Durham Constabulary,Durham Constabulary,-1.617589,54.690243,On or near Briar Close,E01020823,County Durham 052C,Violence and sexual offences,Unable to prosecute suspect,
1316f104669403fe1adc3e66aa0dca045a0c76b5375152ff12feb31a2654df68,2021-05,Durham Constabulary,Durham Constabulary,-1.613642,54.690904,On or near Heath Road,E01020823,County Durham 052C,Violence and sexual offences,Investigation complete; no suspect identified,
3e75ec4ae05ad1b78b611c5ccd2b8ab784ba73ab09e8d5ebdbd5ac1a8847f289,2021-05,Durham Constabulary,Durham Constabulary,-1.615373,54.691611,On or near Hawthorn Road,E01020823,County Durham 052C,Violence and sexual offences,Unable to prosecute suspect,
977a4406ddcb42f8e627881a9222b86619d4f5fdb0e3b677df74103ce50e3096,2021-05,Durham Constabulary,Durham Constabulary,-1.615373,54.691611,On or near Hawthorn Road,E01020823,County Durham 052C,Violence and sexual offences,Unable to prosecute suspect,
d68029784903a054cfa966ef1b446ed30b22fa9971e29b60fec1e8c1c31d30af,2021-05,Durham Constabulary,Durham Constabulary,-1.619991,54.687105,On or near Highcroft,E01020823,County Durham 052C,Violence and sexual offences,Unable to prosecute suspect,
ce16c16cdc4a6062d0085247c1d3396d0bbc9f3761ea5e7d7403e5e71e65f8ae,2021-05,Durham Constabulary,Durham Constabulary,-1.610573,54.690661,On or near Rock Road,E01020823,County Durham 052C,Other crime,Unable to prosecute suspect,
,2021-05,Durham Constabulary,Durham Constabulary,-1.603532,54.696776,On or near Clarence Street,E01020835,County Durham 052D,Anti-social behaviour,,
,2021-05,Durham Constabulary,Durham Constabulary,-1.607128,54.697201,On or near Rosa Street,E01020835,County Durham 052D,Anti-social behaviour,,
c98df19b8d84803663b2a1521e5a80031484ce1e9434834f07d3f32c66abc500,2021-05,Durham Constabulary,Durham Constabulary,-1.606209,54.695949,On or near Craddock Street,E01020835,County Durham 052D,Criminal damage and arson,Investigation complete; no suspect identified,
0d7031b8f8f00a055c8c75a1dee2736719b91649d46fca557c740f481ba343c1,2021-05,Durham Constabulary,Durham Constabulary,-1.607502,54.695432,On or near Robert Street,E01020835,County Durham 052D,Criminal damage and arson,Investigation complete; no suspect identified,
c9281aa56492795598a0e5fe1514aca2da0e5fabc8ce4acdca774aaebb80a335,2021-05,Durham Constabulary,Durham Constabulary,-1.607502,54.695432,On or near Robert Street,E01020835,County Durham 052D,Criminal damage and arson,Investigation complete; no suspect identified,
3141eb931e8074f6067309e07b797a7e9081b57bfd20e78195d5b06744b1f71b,2021-05,Durham Constabulary,Durham Constabulary,-1.604669,54.696294,On or near Stratton Street,E01020835,County Durham 052D,Criminal damage and arson,Investigation complete; no suspect identified,
cb313cbc2f75dce9eda235cec8ff9a8a90d2d4f3271f5004370e691b77e722c2,2021-05,Durham Constabulary,Durham Constabulary,-1.606209,54.695949,On or near Craddock Street,E01020835,County Durham 052D,Drugs,Court result unavailable,
c7851b2c96d6cd048081fcbd5b75cfa729ec343151daba3ea36508f50b1f921f,2021-05,Durham Constabulary,Durham Constabulary,-1.608407,54.694869,On or near Victoria Street,E01020835,County Durham 052D,Other theft,Unable to prosecute suspect,
3a179b0f42a372d85adb7353a61086ebcb4a216d24961f67a0b683a024479cf2,2021-05,Durham Constabulary,Durham Constabulary,-1.606209,54.695949,On or near Craddock Street,E01020835,County Durham 052D,Public order,Investigation complete; no suspect identified,
95ac0970ac56efa30d5428f21c05130b0882fcfacd08d51fdfede8be78f49afe,2021-05,Durham Constabulary,Durham Constabulary,-1.605455,54.693700,On or near Poplar Drive,E01020835,County Durham 052D,Public order,Unable to prosecute suspect,
68e3cf16554aeaa33fbf319d075aea2e0c1078cd061ad9f6b946a665cf6f2f68,2021-05,Durham Constabulary,Durham Constabulary,-1.608642,54.694636,On or near Lothian Close,E01020835,County Durham 052D,Theft from the person,Unable to prosecute suspect,
563af5504f544d21d1b4dd6abf264f170738760751cb97fd14f3850ea3d4e69a,2021-05,Durham Constabulary,Durham Constabulary,-1.607502,54.695432,On or near Robert Street,E01020835,County Durham 052D,Vehicle crime,Unable to prosecute suspect,
f32b29625a2ffe5cb0137d81d7f5d8d7ebae80d68a7bed948bed289f488c1825,2021-05,Durham Constabulary,Durham Constabulary,-1.606215,54.696955,On or near Princess Street,E01020835,County Durham 052D,Violence and sexual offences,Status update unavailable,
6b0e15466812b956cde8c019a89909345b98368a8d3467ed81b1a50586cfcf68,2021-05,Durham Constabulary,Durham Constabulary,-1.609907,54.695341,On or near Belle Vue Street,E01020835,County Durham 052D,Violence and sexual offences,Unable to prosecute suspect,
4351c7adc8a93008a55b8a869986303833f0bb1bc88d258a9489fb35d2011bf8,2021-05,Durham Constabulary,Durham Constabulary,-1.607128,54.697201,On or near Rosa Street,E01020835,County Durham 052D,Violence and sexual offences,Investigation complete; no suspect identified,
65e4096e4414c481d7ec4615a82a70402fe9b1411a1017755749eb18b3733ff8,2021-05,Durham Constabulary,Durham Constabulary,-1.606215,54.696955,On or near Princess Street,E01020835,County Durham 052D,Violence and sexual offences,Court result unavailable,
0b74c30b823e714c6a9b7b5810cbf3d5532bf83e069577661a2b61d3efe7d621,2021-05,Durham Constabulary,Durham Constabulary,-1.604669,54.696294,On or near Stratton Street,E01020835,County Durham 052D,Violence and sexual offences,Unable to prosecute suspect,
bef87c30e052fae0ebbecce13cd6ea5a3584fe5bfbb3ebac50f702e8754bcb7d,2021-05,Durham Constabulary,Durham Constabulary,-1.603217,54.694124,On or near Atherton Close,E01020835,County Durham 052D,Violence and sexual offences,Unable to prosecute suspect,
2f997e6a828c40564e311c99b4763deb6db709220c9233625aad61a778f6782b,2021-05,Durham Constabulary,Durham Constabulary,-1.604669,54.696294,On or near Stratton Street,E01020835,County Durham 052D,Violence and sexual offences,Unable to prosecute suspect,
37b2184af61bb4761c3dcb9aa01a84a821b072f42757a3e982d017eec5a3b4fb,2021-05,Durham Constabulary,Durham Constabulary,-1.604702,54.696151,On or near Drake Street,E01020835,County Durham 052D,Violence and sexual offences,Court result unavailable,
,2021-05,Durham Constabulary,Durham Constabulary,-1.602775,54.698059,On or near James Street,E01020836,County Durham 052E,Anti-social behaviour,,
,2021-05,Durham Constabulary,Durham Constabulary,-1.609156,54.692795,On or near Ash Grove,E01020836,County Durham 052E,Anti-social behaviour,,
,2021-05,Durham Constabulary,Durham Constabulary,-1.602416,54.699801,On or near Parking Area,E01020836,County Durham 052E,Anti-social behaviour,,
,2021-05,Durham Constabulary,Durham Constabulary,-1.602775,54.698059,On or near James Street,E01020836,County Durham 052E,Anti-social behaviour,,
,2021-05,Durham Constabulary,Durham Constabulary,-1.609156,54.692795,On or near Ash Grove,E01020836,County Durham 052E,Anti-social behaviour,,
,2021-05,Durham Constabulary,Durham Constabulary,-1.608019,54.693241,On or near Chestnut Avenue,E01020836,County Durham 052E,Anti-social behaviour,,
,2021-05,Durham Constabulary,Durham Constabulary,-1.606038,54.699193,On or near North Street,E01020836,County Durham 052E,Anti-social behaviour,,
,2021-05,Durham Constabulary,Durham Constabulary,-1.613861,54.700503,On or near Beningborough Court,E01020836,County Durham 052E,Anti-social behaviour,,
,2021-05,Durham Constabulary,Durham Constabulary,-1.602368,54.698390,On or near Silver Street,E01020836,County Durham 052E,Anti-social behaviour,,
,2021-05,Durham Constabulary,Durham Constabulary,-1.608019,54.693241,On or near Chestnut Avenue,E01020836,County Durham 052E,Anti-social behaviour,,
,2021-05,Durham Constabulary,Durham Constabulary,-1.600909,54.699994,On or near Pedestrian Subway,E01020836,County Durham 052E,Anti-social behaviour,,
,2021-05,Durham Constabulary,Durham Constabulary,-1.602368,54.698390,On or near Silver Street,E01020836,County Durham 052E,Anti-social behaviour,,
,2021-05,Durham Constabulary,Durham Constabulary,-1.600909,54.699994,On or near Pedestrian Subway,E01020836,County Durham 052E,Anti-social behaviour,,
,2021-05,Durham Constabulary,Durham Constabulary,-1.602416,54.699801,On or near Parking Area,E01020836,County Durham 052E,Anti-social behaviour,,
,2021-05,Durham Constabulary,Durham Constabulary,-1.601370,54.698926,On or near Thomas Street,E01020836,County Durham 052E,Anti-social behaviour,,
,2021-05,Durham Constabulary,Durham Constabulary,-1.604445,54.698630,On or near Dickens Street,E01020836,County Durham 052E,Anti-social behaviour,,
,2021-05,Durham Constabulary,Durham Constabulary,-1.610857,54.696656,On or near St Paul'S Gardens,E01020836,County Durham 052E,Anti-social behaviour,,
,2021-05,Durham Constabulary,Durham Constabulary,-1.603731,54.700281,On or near Villiers Street,E01020836,County Durham 052E,Anti-social behaviour,,
,2021-05,Durham Constabulary,Durham Constabulary,-1.604445,54.698630,On or near Dickens Street,E01020836,County Durham 052E,Anti-social behaviour,,
,2021-05,Durham Constabulary,Durham Constabulary,-1.600909,54.699994,On or near Pedestrian Subway,E01020836,County Durham 052E,Anti-social behaviour,,
29d2ae61682131bc038e05b02418bf90a1da032affaf470f718203f823b59aa8,2021-05,Durham Constabulary,Durham Constabulary,-1.602775,54.698059,On or near James Street,E01020836,County Durham 052E,Burglary,Court result unavailable,
c0259cebd73c9f516c1f3e542f374ceb392d5f7fa3e1d8e1a1156aba20e22ffb,2021-05,Durham Constabulary,Durham Constabulary,-1.603731,54.700281,On or near Villiers Street,E01020836,County Durham 052E,Criminal damage and arson,Investigation complete; no suspect identified,
96e1eb0ff6989ba784ee69139bc89ec95f854b73a2b70bde8d2d634df87ef20f,2021-05,Durham Constabulary,Durham Constabulary,-1.604593,54.699359,On or near Jackson Street,E01020836,County Durham 052E,Criminal damage and arson,Investigation complete; no suspect identified,
45a3c828c6795273583c99ca138bb1297e1e5e020d09b01e6ffaff58e1780c77,2021-05,Durham Constabulary,Durham Constabulary,-1.609100,54.696974,On or near St Paul'S Close,E01020836,County Durham 052E,Criminal damage and arson,Investigation complete; no suspect identified,
1ffa95799c1051cf03b829d00bd6267a44e626b88ba912b1ca86d5027b0f9b0d,2021-05,Durham Constabulary,Durham Constabulary,-1.604593,54.699359,On or near Jackson Street,E01020836,County Durham 052E,Criminal damage and arson,Unable to prosecute suspect,
0c750b48ebf911ef07881f5800a32868d62724209b3068d6e8826203bcc7f4aa,2021-05,Durham Constabulary,Durham Constabulary,-1.600909,54.699994,On or near Pedestrian Subway,E01020836,County Durham 052E,Criminal damage and arson,Investigation complete; no suspect identified,
4f48067bb6aa623c053d849c65a3954cbdf23b32265441ccd4d4fb2740a64a64,2021-05,Durham Constabulary,Durham Constabulary,-1.604593,54.699359,On or near Jackson Street,E01020836,County Durham 052E,Other theft,Unable to prosecute suspect,
8553583be1c90aadebcaf9c9b5668242bb7b5faf31a5a8fd0eb2185443d9af38,2021-05,Durham Constabulary,Durham Constabulary,-1.609100,54.696974,On or near St Paul'S Close,E01020836,County Durham 052E,Other theft,Unable to prosecute suspect,
ad806b56731de32fe9a5e178ab6524d8bc8aa289f29adb550a9576d2d4f9e4c1,2021-05,Durham Constabulary,Durham Constabulary,-1.611132,54.693862,On or near Inglesgarth Court,E01020836,County Durham 052E,Other theft,Investigation complete; no suspect identified,
b26c31b064184ca686e5c7dcabf305be8a3b17f8aff431df72a53f2b619e1d6f,2021-05,Durham Constabulary,Durham Constabulary,-1.601370,54.698926,On or near Thomas Street,E01020836,County Durham 052E,Other theft,Investigation complete; no suspect identified,
5d6900f22d296b9446a8c0f8c9f30d0a9b1c4c9445aabdc1b5b38ff78043200c,2021-05,Durham Constabulary,Durham Constabulary,-1.611132,54.693862,On or near Inglesgarth Court,E01020836,County Durham 052E,Public order,Unable to prosecute suspect,
18a720fac8e0bcd5d79467f3f1d6ba140ed5d8b82391eab5fec61ab31ca8b065,2021-05,Durham Constabulary,Durham Constabulary,-1.604593,54.699359,On or near Jackson Street,E01020836,County Durham 052E,Public order,Unable to prosecute suspect,
102862b874650685b5bf2819b69f77b768483fd3bcc558200361fab6a6bfa2dc,2021-05,Durham Constabulary,Durham Constabulary,-1.600909,54.699994,On or near Pedestrian Subway,E01020836,County Durham 052E,Public order,Unable to prosecute suspect,
364c26be851f8ff16c6fa43d044962a23c9a496359fa2637e3c6dddb0dfb1144,2021-05,Durham Constabulary,Durham Constabulary,-1.602368,54.698390,On or near Silver Street,E01020836,County Durham 052E,Public order,Unable to prosecute suspect,
a4e8644687648bceaac08ddfddb8bc0b6febb36926305ec34ef5dcac26f6fe44,2021-05,Durham Constabulary,Durham Constabulary,-1.604445,54.698630,On or near Dickens Street,E01020836,County Durham 052E,Shoplifting,Court result unavailable,
f4a380ea11ac79f49b706336c93d9ca2f13b25e7d633087ca91743e929025497,2021-05,Durham Constabulary,Durham Constabulary,-1.601155,54.698682,On or near Supermarket,E01020836,County Durham 052E,Shoplifting,Court result unavailable,
7622565781cdbfa1caa34bd5e1c9e0827f71e7a37d390342704dafed32fdaacc,2021-05,Durham Constabulary,Durham Constabulary,-1.602416,54.699801,On or near Parking Area,E01020836,County Durham 052E,Shoplifting,Investigation complete; no suspect identified,
6994a4b266dea93d957dcf98f181163aaa7424420d2176329f1027614b343d8b,2021-05,Durham Constabulary,Durham Constabulary,-1.604445,54.698630,On or near Dickens Street,E01020836,County Durham 052E,Vehicle crime,Court result unavailable,
674c53b56876da2474ad9aa9da295ce344ffb16802966b4fe1e4f0e757cae1cb,2021-05,Durham Constabulary,Durham Constabulary,-1.604578,54.699269,On or near Dundas Street,E01020836,County Durham 052E,Violence and sexual offences,Local resolution,
71a6111d2e07d49811ac311a4c4106ebd16c0366761cd31384bd9820edcd294a,2021-05,Durham Constabulary,Durham Constabulary,-1.610857,54.696656,On or near St Paul'S Gardens,E01020836,County Durham 052E,Violence and sexual offences,Unable to prosecute suspect,
fa35140a79f7077bf78e1c2f180aed6dccb0aca953ff5fa1f8e05574388870eb,2021-05,Durham Constabulary,Durham Constabulary,-1.600909,54.699994,On or near Pedestrian Subway,E01020836,County Durham 052E,Violence and sexual offences,Unable to prosecute suspect,
eaf079ab555173b775fa704091f655ab9983635d09e30ef5adaf949c6fbe026e,2021-05,Durham Constabulary,Durham Constabulary,-1.611132,54.693862,On or near Inglesgarth Court,E01020836,County Durham 052E,Violence and sexual offences,Unable to prosecute suspect,
bb56354d7b75bb69d859f8abb6a37ef859fc4a51e3e9a913cbe9b4c1e3f744ec,2021-05,Durham Constabulary,Durham Constabulary,-1.600909,54.699994,On or near Pedestrian Subway,E01020836,County Durham 052E,Violence and sexual offences,Investigation complete; no suspect identified,
50f44380804da6f4e3e89c34943e201e8bcd1b91515c20f3b1ae20c6297af2e1,2021-05,Durham Constabulary,Durham Constabulary,-1.613861,54.700503,On or near Beningborough Court,E01020836,County Durham 052E,Violence and sexual offences,Unable to prosecute suspect,
c0b427561d7e67eb311cf52a22def4017f1eb3cfa9befc0b156a9c25a8a828cc,2021-05,Durham Constabulary,Durham Constabulary,-1.609100,54.696974,On or near St Paul'S Close,E01020836,County Durham 052E,Violence and sexual offences,Unable to prosecute suspect,
74d2dbd77ab04c3d91cdd338fa91f72ed071e174e91d3574d3703a8c3907bbc0,2021-05,Durham Constabulary,Durham Constabulary,-1.609100,54.696974,On or near St Paul'S Close,E01020836,County Durham 052E,Violence and sexual offences,Unable to prosecute suspect,
727f2b15a117781fcce24183faa18bb03a5789683063ffe6eefdc96e67f0a883,2021-05,Durham Constabulary,Durham Constabulary,-1.600909,54.699994,On or near Pedestrian Subway,E01020836,County Durham 052E,Violence and sexual offences,Investigation complete; no suspect identified,
e7d1d5292bc0b402b779e3fed54c25e7bd3f00a094ab1a610fe77497fa1b37c5,2021-05,Durham Constabulary,Durham Constabulary,-1.613861,54.700503,On or near Beningborough Court,E01020836,County Durham 052E,Violence and sexual offences,Unable to prosecute suspect,
71101bfee0840a0f21fd2b4bc8c1e9a7edc1fd871175aaf31da0cd2229242d82,2021-05,Durham Constabulary,Durham Constabulary,-1.611132,54.693862,On or near Inglesgarth Court,E01020836,County Durham 052E,Violence and sexual offences,Unable to prosecute suspect,
28e7bd3ec44fa3d28147934676bcb1b7819b385ceb027be0cab30e5c0f5cd301,2021-05,Durham Constabulary,Durham Constabulary,-1.604578,54.699269,On or near Dundas Street,E01020836,County Durham 052E,Violence and sexual offences,Unable to prosecute suspect,
225286d828e9cef12f17719c3b1e8d9b5ee854f276b3c97883b58e13b4398d8d,2021-05,Durham Constabulary,Durham Constabulary,-1.604578,54.699269,On or near Dundas Street,E01020836,County Durham 052E,Violence and sexual offences,Local resolution,
307a7e2eb3094d014f8479b32df73712def935346c7cf3585ec9751fa87068f5,2021-05,Durham Constabulary,Durham Constabulary,-1.600909,54.699994,On or near Pedestrian Subway,E01020836,County Durham 052E,Violence and sexual offences,Local resolution,
191f1cd1d8aff5bb327bf87281b954a417885c3eb222b878b8d767a767e202c1,2021-05,Durham Constabulary,Durham Constabulary,-1.609445,54.691727,On or near Beech Avenue,E01020836,County Durham 052E,Violence and sexual offences,Unable to prosecute suspect,
98555a110a0e0dc8905710e1f08e33236a88e3ed3b60858b7ae7b5272ce27734,2021-05,Durham Constabulary,Durham Constabulary,-1.609445,54.691727,On or near Beech Avenue,E01020836,County Durham 052E,Violence and sexual offences,Status update unavailable,
c9d096975ee3a9e75c656330dca4166acc0d10884739a152ec4eb5489e961909,2021-05,Durham Constabulary,Durham Constabulary,-1.601155,54.698682,On or near Supermarket,E01020836,County Durham 052E,Violence and sexual offences,Investigation complete; no suspect identified,
33ca46e3ac57e77f22d0f06a227660544f582d824f9405f6beec82007242b29d,2021-05,Durham Constabulary,Durham Constabulary,-1.601155,54.698682,On or near Supermarket,E01020836,County Durham 052E,Other crime,Court result unavailable,
c28e535cab13d0295ce07b3644b4cb1740c5629dc74fb042b80c09c5e4f3f167,2021-05,Durham Constabulary,Durham Constabulary,-1.609100,54.696974,On or near St Paul'S Close,E01020836,County Durham 052E,Other crime,Investigation complete; no suspect identified,
,2021-05,Durham Constabulary,Durham Constabulary,-1.549268,54.659516,On or near Albert Street,E01020803,County Durham 053B,Anti-social behaviour,,
,2021-05,Durham Constabulary,Durham Constabulary,-1.562424,54.659924,On or near Millwood,E01020803,County Durham 053B,Anti-social behaviour,,
,2021-05,Durham Constabulary,Durham Constabulary,-1.562107,54.660624,On or near Windgroves,E01020803,County Durham 053B,Anti-social behaviour,,
,2021-05,Durham Constabulary,Durham Constabulary,-1.549430,54.661674,On or near Coronation Road,E01020803,County Durham 053B,Anti-social behaviour,,
,2021-05,Durham Constabulary,Durham Constabulary,-1.549430,54.661674,On or near Coronation Road,E01020803,County Durham 053B,Anti-social behaviour,,
,2021-05,Durham Constabulary,Durham Constabulary,-1.549350,54.659130,On or near Arthur Street,E01020803,County Durham 053B,Anti-social behaviour,,
,2021-05,Durham Constabulary,Durham Constabulary,-1.558289,54.662398,On or near Norman Terrace,E01020803,County Durham 053B,Anti-social behaviour,,
,2021-05,Durham Constabulary,Durham Constabulary,-1.565543,54.652404,On or near Rookery Gardens,E01020803,County Durham 053B,Anti-social behaviour,,
,2021-05,Durham Constabulary,Durham Constabulary,-1.590181,54.655950,On or near Windlestone Lane,E01020803,County Durham 053B,Anti-social behaviour,,
,2021-05,Durham Constabulary,Durham Constabulary,-1.557891,54.657679,On or near Meadowdale,E01020803,County Durham 053B,Anti-social behaviour,,
,2021-05,Durham Constabulary,Durham Constabulary,-1.557891,54.657679,On or near Meadowdale,E01020803,County Durham 053B,Anti-social behaviour,,
,2021-05,Durham Constabulary,Durham Constabulary,-1.549350,54.659130,On or near Arthur Street,E01020803,County Durham 053B,Anti-social behaviour,,
,2021-05,Durham Constabulary,Durham Constabulary,-1.557891,54.657679,On or near Meadowdale,E01020803,County Durham 053B,Anti-social behaviour,,
3fa1c084615ee0052a099d778c137bd08c7b826fdb9c0e0d1a2c683e5b5b6b69,2021-05,Durham Constabulary,Durham Constabulary,-1.549268,54.659516,On or near Albert Street,E01020803,County Durham 053B,Burglary,Investigation complete; no suspect identified,
c16b7accf8e1d5c9ab25f8af15909c99a6484263275a645db733c99d16c6b8de,2021-05,Durham Constabulary,Durham Constabulary,-1.521178,54.662257,On or near Gipsy Lane,E01020803,County Durham 053B,Criminal damage and arson,Investigation complete; no suspect identified,
173752fee129ed9aea1605f7bd75f08fa6b4d218691856ee60bbcd0b40fa17b6,2021-05,Durham Constabulary,Durham Constabulary,-1.549268,54.659516,On or near Albert Street,E01020803,County Durham 053B,Criminal damage and arson,Investigation complete; no suspect identified,
49010900c0f2bb8d6f75304daaa43b1b41e2010b15f50b7994fe0f39a249861a,2021-05,Durham Constabulary,Durham Constabulary,-1.559597,54.659060,On or near Durham Road,E01020803,County Durham 053B,Criminal damage and arson,Investigation complete; no suspect identified,
83f0f03ca27d03207f9e5cec39767b514fd6eccb55072b3f7c64b5e6fd04eb6e,2021-05,Durham Constabulary,Durham Constabulary,-1.549350,54.659130,On or near Arthur Street,E01020803,County Durham 053B,Drugs,Further investigation is not in the public interest,
f007011d3fd7bf85ea690d40a959ae3edd88c863afaf618e03a048255eb31184,2021-05,Durham Constabulary,Durham Constabulary,-1.555224,54.663402,On or near Sports/Recreation Area,E01020803,County Durham 053B,Drugs,Court result unavailable,
29bac7b4d11696cb9bfda902cae9306378782f00fc8b84e521ba75d382652d52,2021-05,Durham Constabulary,Durham Constabulary,-1.549350,54.659130,On or near Arthur Street,E01020803,County Durham 053B,Drugs,Further investigation is not in the public interest,
2e649c5127da1fa5ec4679c80d7082c10e6f704b0fc056ceca502bf93cc999f4,2021-05,Durham Constabulary,Durham Constabulary,-1.562668,54.666072,On or near A167,E01020803,County Durham 053B,Other theft,Investigation complete; no suspect identified,
165764454b63210a3caf056bce0d0f7425c968c12ff7959d23182efeb5c70558,2021-05,Durham Constabulary,Durham Constabulary,-1.549350,54.659130,On or near Arthur Street,E01020803,County Durham 053B,Public order,Investigation complete; no suspect identified,
6dce86e5fe720cdeb5b9d4b6b2a418b77e8d91010ad0b0e9c1652d82c5e364ab,2021-05,Durham Constabulary,Durham Constabulary,-1.549350,54.659130,On or near Arthur Street,E01020803,County Durham 053B,Public order,Unable to prosecute suspect,
a45932bd0ea47917be0cad086fbf127955aa0188fc42a8405b878c2885cc8175,2021-05,Durham Constabulary,Durham Constabulary,-1.557551,54.663339,On or near Dale Street,E01020803,County Durham 053B,Public order,Unable to prosecute suspect,
04ff36b9dbd67410c10d32ea65d490952a62d8ca0c1bd0e4fa5609fc8a6d943e,2021-05,Durham Constabulary,Durham Constabulary,-1.561476,54.660172,On or near Hollowfield,E01020803,County Durham 053B,Public order,Unable to prosecute suspect,
75a72c15b5aa623312147c7563eacd21699f35254edf866ee6f887ecae126252,2021-05,Durham Constabulary,Durham Constabulary,-1.562668,54.666072,On or near A167,E01020803,County Durham 053B,Shoplifting,Investigation complete; no suspect identified,
2213051b08a6d3134345b41f6714a09d3d243207dd097b7dc66e398c324e90bf,2021-05,Durham Constabulary,Durham Constabulary,-1.549268,54.659516,On or near Albert Street,E01020803,County Durham 053B,Violence and sexual offences,Court result unavailable,
b2193515fb31b31618b91a93c7b33974a1f5a9bde1ac9a2c720ec9e1a4eb4820,2021-05,Durham Constabulary,Durham Constabulary,-1.560160,54.664355,On or near West Chilton Terrace,E01020803,County Durham 053B,Violence and sexual offences,Unable to prosecute suspect,
dcfec092873173f658879693592f6e9e00abf9812be2923ef36f6e3b97f44658,2021-05,Durham Constabulary,Durham Constabulary,-1.549350,54.659130,On or near Arthur Street,E01020803,County Durham 053B,Violence and sexual offences,Unable to prosecute suspect,
7f3779c57a61f7d4ccd95da6f38de656a2b4c72bc45c4941b1d196a91d0c8a53,2021-05,Durham Constabulary,Durham Constabulary,-1.549350,54.659130,On or near Arthur Street,E01020803,County Durham 053B,Violence and sexual offences,Unable to prosecute suspect,
4796d85deefc95e13747b3e30df6459a6c8c09a78ca79ff0793360e76767c0d5,2021-05,Durham Constabulary,Durham Constabulary,-1.549350,54.659130,On or near Arthur Street,E01020803,County Durham 053B,Violence and sexual offences,Unable to prosecute suspect,
e90fae98eebeb6dfb0582609f2f347eca8e7be9ae0cbc727483b4bedbbe0e0e9,2021-05,Durham Constabulary,Durham Constabulary,-1.560160,54.664355,On or near West Chilton Terrace,E01020803,County Durham 053B,Violence and sexual offences,Investigation complete; no suspect identified,
7026d0d19a3a0704dd85dbb2c723b27fbad814d2f830cff6d038566e12ef9779,2021-05,Durham Constabulary,Durham Constabulary,-1.549268,54.659516,On or near Albert Street,E01020803,County Durham 053B,Violence and sexual offences,Unable to prosecute suspect,
96ecccea123b765d3a4fb7d859c306e4872ba6e6cfccf063dd842ad83e20a7f2,2021-05,Durham Constabulary,Durham Constabulary,-1.549268,54.659516,On or near Albert Street,E01020803,County Durham 053B,Violence and sexual offences,Unable to prosecute suspect,
150661ae56a953813d53cbff77385e66262b10857d38bb418f1809f95f2c5980,2021-05,Durham Constabulary,Durham Constabulary,-1.549268,54.659516,On or near Albert Street,E01020803,County Durham 053B,Violence and sexual offences,Unable to prosecute suspect,
ae32ba099eb0a727b589fe0dbb89c3c374713fd73a78efb24f2c7b313e539ba2,2021-05,Durham Constabulary,Durham Constabulary,-1.549268,54.659516,On or near Albert Street,E01020803,County Durham 053B,Violence and sexual offences,Unable to prosecute suspect,
4c5d3cb36b3da24a88e8cba2bcbc4e57198709c3b1ea4e42e0bbfa7fdc0b23b3,2021-05,Durham Constabulary,Durham Constabulary,-1.549350,54.659130,On or near Arthur Street,E01020803,County Durham 053B,Violence and sexual offences,Unable to prosecute suspect,
0be982b6128868d12488228b4e99f5e4970c394809b260c184233b74e2a17920,2021-05,Durham Constabulary,Durham Constabulary,-1.558289,54.662398,On or near Norman Terrace,E01020803,County Durham 053B,Violence and sexual offences,Offender given a caution,
202b8e1d73e32e2436d37af44c3aaf71a2ba27299231dd1e48ba3c5593081a85,2021-05,Durham Constabulary,Durham Constabulary,-1.560160,54.664355,On or near West Chilton Terrace,E01020803,County Durham 053B,Violence and sexual offences,Unable to prosecute suspect,
8d9668aef4deaf13afcc6a367c90de402f963a514b8cdbf946765d0aa2577519,2021-05,Durham Constabulary,Durham Constabulary,-1.549268,54.659516,On or near Albert Street,E01020803,County Durham 053B,Violence and sexual offences,Unable to prosecute suspect,
29c1a38e30c9a9edfc5d9cfe00a7318570359d6353f7e61cd82a2461fc7fa5ad,2021-05,Durham Constabulary,Durham Constabulary,-1.560160,54.664355,On or near West Chilton Terrace,E01020803,County Durham 053B,Violence and sexual offences,Investigation complete; no suspect identified,
85020d681bfe9cd4ab4145280512c0004b54c6434ab571db40a668e7e40096c1,2021-05,Durham Constabulary,Durham Constabulary,-1.560160,54.664355,On or near West Chilton Terrace,E01020803,County Durham 053B,Violence and sexual offences,Investigation complete; no suspect identified,
31508d19f183bb98b6c3476789536b0f0712fcf509415d4ae77b7fc24f434842,2021-05,Durham Constabulary,Durham Constabulary,-1.549268,54.659516,On or near Albert Street,E01020803,County Durham 053B,Violence and sexual offences,Unable to prosecute suspect,
56737b5434eac4e9cc0dc82f26300694f8674b5268170fd312027f56b5d279d7,2021-05,Durham Constabulary,Durham Constabulary,-1.549268,54.659516,On or near Albert Street,E01020803,County Durham 053B,Violence and sexual offences,Local resolution,
a1e0c3716e3fd0fd10661d9d66528ebed7fe40d2b3f6f05726d2e478e249eea7,2021-05,Durham Constabulary,Durham Constabulary,-1.590181,54.655950,On or near Windlestone Lane,E01020803,County Durham 053B,Violence and sexual offences,Unable to prosecute suspect,
5dec2776891e724279fa7258d919e173d407138966e438786986f4e8ee14182b,2021-05,Durham Constabulary,Durham Constabulary,-1.556385,54.662212,On or near The Crescent,E01020803,County Durham 053B,Violence and sexual offences,Investigation complete; no suspect identified,
c8703a82207a65b164a648baeaeb0bfaa75c9270fe9a5adf6777c5b6161ecb69,2021-05,Durham Constabulary,Durham Constabulary,-1.549350,54.659130,On or near Arthur Street,E01020803,County Durham 053B,Violence and sexual offences,Unable to prosecute suspect,
8c324eb52070d387fbdc42ae1b758d01d4d8abc648ef876ab293f3ab984c32bd,2021-05,Durham Constabulary,Durham Constabulary,-1.559483,54.663867,On or near Wordsworth Road,E01020803,County Durham 053B,Other crime,Status update unavailable,
f068a53bc8214c1499801e0491eac16a63f6ddba533ecfcc90ad53b05a66c3b0,2021-05,Durham Constabulary,Durham Constabulary,-1.549350,54.659130,On or near Arthur Street,E01020803,County Durham 053B,Other crime,Unable to prosecute suspect,
,2021-05,Durham Constabulary,Durham Constabulary,-1.558589,54.659047,On or near John Herriot Court,E01020805,County Durham 053D,Anti-social behaviour,,
,2021-05,Durham Constabulary,Durham Constabulary,-1.562147,54.661235,On or near The Poplars,E01020805,County Durham 053D,Anti-social behaviour,,
,2021-05,Durham Constabulary,Durham Constabulary,-1.559802,54.663024,On or near Byron Road,E01020805,County Durham 053D,Anti-social behaviour,,
,2021-05,Durham Constabulary,Durham Constabulary,-1.558981,54.661556,On or near Hunter Terrace,E01020805,County Durham 053D,Anti-social behaviour,,
,2021-05,Durham Constabulary,Durham Constabulary,-1.554345,54.658726,On or near South View,E01020805,County Durham 053D,Anti-social behaviour,,
,2021-05,Durham Constabulary,Durham Constabulary,-1.559802,54.663024,On or near Byron Road,E01020805,County Durham 053D,Anti-social behaviour,,
cbdac03076bf108d2cdf519d0a3ec83b580e5107fe9b4e91fa5001ecaaa9a7b5,2021-05,Durham Constabulary,Durham Constabulary,-1.563152,54.661463,On or near Beech Avenue,E01020805,County Durham 053D,Criminal damage and arson,Investigation complete; no suspect identified,
71d739e22864c56be2ff8998a5be48b2e19d272eb285cb45b901561f84663569,2021-05,Durham Constabulary,Durham Constabulary,-1.554038,54.662733,On or near Ruby Avenue,E01020805,County Durham 053D,Criminal damage and arson,Unable to prosecute suspect,
0d9bba0fca806f2b0e43f7ea1ff2508016c8ee8f4191fd830d423a9814b76646,2021-05,Durham Constabulary,Durham Constabulary,-1.561938,54.661863,On or near Rosewood,E01020805,County Durham 053D,Criminal damage and arson,Unable to prosecute suspect,
7bffd7c4db73b0d93999b4d842b326c063c69a6ddaea0b35ef7dc747c2ceb245,2021-05,Durham Constabulary,Durham Constabulary,-1.549448,54.658681,On or near Prospect Terrace,E01020805,County Durham 053D,Criminal damage and arson,Unable to prosecute suspect,
9976c60c28343870224da82d49ee9a82573b440c67e44604355072345beeb2ed,2021-05,Durham Constabulary,Durham Constabulary,-1.561938,54.661863,On or near Rosewood,E01020805,County Durham 053D,Other theft,Local resolution,
b502654168e2b0b19642f973e67736339a1363b0e661aea3f8590ae716328bb7,2021-05,Durham Constabulary,Durham Constabulary,-1.561938,54.661863,On or near Rosewood,E01020805,County Durham 053D,Other theft,Unable to prosecute suspect,
4565edc5e92d1d945b22206ff696761c0295abc0fec4d24d2f0577af0af78c7f,2021-05,Durham Constabulary,Durham Constabulary,-1.554038,54.662733,On or near Ruby Avenue,E01020805,County Durham 053D,Violence and sexual offences,Unable to prosecute suspect,
00e7cafe363acb9c218bd904caae1f8accb0806fe400fd6a96b8b27817c4c791,2021-05,Durham Constabulary,Durham Constabulary,-1.560957,54.662300,On or near Burns Road,E01020805,County Durham 053D,Violence and sexual offences,Offender given a caution,
6205dc25fb9308415aa9f3775d27632546013e8498112e0f6bde0302dd6dc71c,2021-05,Durham Constabulary,Durham Constabulary,-1.553923,54.660522,On or near Supermarket,E01020805,County Durham 053D,Violence and sexual offences,Unable to prosecute suspect,
dab5b6cde6586974236442ee8298a558d3e2b9e65c22025a660d9958007509d7,2021-05,Durham Constabulary,Durham Constabulary,-1.553923,54.660522,On or near Supermarket,E01020805,County Durham 053D,Violence and sexual offences,Offender given a caution,
0b819566b6c3d7cd1e78d78ce400ee3fe35d57cfc7d85392db2de87dda1e34db,2021-05,Durham Constabulary,Durham Constabulary,-1.561938,54.661863,On or near Rosewood,E01020805,County Durham 053D,Violence and sexual offences,Unable to prosecute suspect,
9465afd505ed382ab3fcd38066b90c8d06a7d03f485bdfab63ac97f91404f0a6,2021-05,Durham Constabulary,Durham Constabulary,-1.561938,54.661863,On or near Rosewood,E01020805,County Durham 053D,Violence and sexual offences,Unable to prosecute suspect,
08a8d28826625890c2d64932df0bf78ce6ec40c014a83084f33785429a2d57a5,2021-05,Durham Constabulary,Durham Constabulary,-1.554038,54.662733,On or near Ruby Avenue,E01020805,County Durham 053D,Violence and sexual offences,Awaiting court outcome,
4f44bb948752451771a27b96878985da33516004747e5604e0a5bd6348c40795,2021-05,Durham Constabulary,Durham Constabulary,-1.553923,54.660522,On or near Supermarket,E01020805,County Durham 053D,Violence and sexual offences,Formal action is not in the public interest,
f9d6f26a17f21f166e8cf07ae2ad521994772addce83edc682fcdb9170b800ad,2021-05,Durham Constabulary,Durham Constabulary,-1.553923,54.660522,On or near Supermarket,E01020805,County Durham 053D,Violence and sexual offences,Unable to prosecute suspect,
6b65d32579ef57842fe6631af627d39fac59f7b5bc8cbecea3d6e50507eb8ab9,2021-05,Durham Constabulary,Durham Constabulary,-1.561224,54.661969,On or near Ford Terrace,E01020805,County Durham 053D,Violence and sexual offences,Unable to prosecute suspect,
f9d0e1e5b549776c7d533c27e889aba67c31718dce640a2c3719a4d07876849d,2021-05,Durham Constabulary,Durham Constabulary,-1.554038,54.662733,On or near Ruby Avenue,E01020805,County Durham 053D,Violence and sexual offences,Unable to prosecute suspect,
a8c4ff865a9cdc1012e924c5647f4ac98935cac0c93d21942bfd6c3b634b37c9,2021-05,Durham Constabulary,Durham Constabulary,-1.561224,54.661969,On or near Ford Terrace,E01020805,County Durham 053D,Violence and sexual offences,Unable to prosecute suspect,
2bcccd96bf61d907d4249334a966f470cc4b28800bd707efca92aea2118beec8,2021-05,Durham Constabulary,Durham Constabulary,-1.554038,54.662733,On or near Ruby Avenue,E01020805,County Durham 053D,Violence and sexual offences,Unable to prosecute suspect,
0aa0c0053fd81252e154e7b16fd0a052cba0330bff3c7416e5999f39a495c3e8,2021-05,Durham Constabulary,Durham Constabulary,-1.561938,54.661863,On or near Rosewood,E01020805,County Durham 053D,Violence and sexual offences,Unable to prosecute suspect,
c59f1f613893c99199675505849f9a468087752831606a0607ec088fd82b568c,2021-05,Durham Constabulary,Durham Constabulary,-1.553923,54.660522,On or near Supermarket,E01020805,County Durham 053D,Violence and sexual offences,Unable to prosecute suspect,
b058ea37465a8ca77fce18eccbfad8e089eccd4329d83c529a30aa4afd859fca,2021-05,Durham Constabulary,Durham Constabulary,-1.561224,54.661969,On or near Ford Terrace,E01020805,County Durham 053D,Violence and sexual offences,Unable to prosecute suspect,
ae962a3f76be2fa0f52e99f9abbb3f7d94c9d2e7d127687e633f6b27c7ba15ff,2021-05,Durham Constabulary,Durham Constabulary,-1.553923,54.660522,On or near Supermarket,E01020805,County Durham 053D,Violence and sexual offences,Unable to prosecute suspect,
d029e068e9acf1c9ea621828eecb35c945d16b92c3f87526c9a7cef00b3004a1,2021-05,Durham Constabulary,Durham Constabulary,-1.553923,54.660522,On or near Supermarket,E01020805,County Durham 053D,Violence and sexual offences,Offender given a caution,
bf45d52f6710535888b9d5846a5e5a6b39ee7c230d7fc226430cee139f4a3873,2021-05,Durham Constabulary,Durham Constabulary,-1.553923,54.660522,On or near Supermarket,E01020805,County Durham 053D,Other crime,Unable to prosecute suspect,
c298f240c712683279ea80d7ec38b764b4609110461694324db0ed18d14d1440,2021-05,Durham Constabulary,Durham Constabulary,-1.549448,54.658681,On or near Prospect Terrace,E01020805,County Durham 053D,Other crime,Unable to prosecute suspect,
cfe2f54ffc22d5b398630ab2f712e5e9ad8098fdfdbb2c6c732dfc487e88b471,2021-05,Durham Constabulary,Durham Constabulary,-1.553923,54.660522,On or near Supermarket,E01020805,County Durham 053D,Other crime,Further investigation is not in the public interest,
,2021-05,Durham Constabulary,Durham Constabulary,-1.544405,54.684032,On or near Bertha Street,E01033203,County Durham 053E,Anti-social behaviour,,
,2021-05,Durham Constabulary,Durham Constabulary,-1.530981,54.677933,On or near Chilton Lane,E01033203,County Durham 053E,Anti-social behaviour,,
,2021-05,Durham Constabulary,Durham Constabulary,-1.521958,54.680387,On or near Mainsforth Road,E01033203,County Durham 053E,Anti-social behaviour,,
,2021-05,Durham Constabulary,Durham Constabulary,-1.529482,54.673424,On or near Commercial Street,E01033203,County Durham 053E,Anti-social behaviour,,
,2021-05,Durham Constabulary,Durham Constabulary,-1.530981,54.677933,On or near Chilton Lane,E01033203,County Durham 053E,Anti-social behaviour,,
,2021-05,Durham Constabulary,Durham Constabulary,-1.529499,54.674710,On or near Church Street,E01033203,County Durham 053E,Anti-social behaviour,,
,2021-05,Durham Constabulary,Durham Constabulary,-1.526601,54.679893,On or near Parking Area,E01033203,County Durham 053E,Anti-social behaviour,,
,2021-05,Durham Constabulary,Durham Constabulary,-1.532559,54.678298,On or near Haig Street,E01033203,County Durham 053E,Anti-social behaviour,,
,2021-05,Durham Constabulary,Durham Constabulary,-1.545590,54.683533,On or near Gordon Terrace,E01033203,County Durham 053E,Anti-social behaviour,,
,2021-05,Durham Constabulary,Durham Constabulary,-1.532559,54.678298,On or near Haig Street,E01033203,County Durham 053E,Anti-social behaviour,,
817d68f675c50509db98422d936f2b4d9a36f682030de4e14bce503f5a664e6d,2021-05,Durham Constabulary,Durham Constabulary,-1.529482,54.673424,On or near Commercial Street,E01033203,County Durham 053E,Criminal damage and arson,Investigation complete; no suspect identified,
09d685114507afdc2ff732adb0101d2f1d80108be2184766855994c379006a7a,2021-05,Durham Constabulary,Durham Constabulary,-1.529499,54.674710,On or near Church Street,E01033203,County Durham 053E,Criminal damage and arson,Offender given a caution,
09772e77e08945839e37f63a4632173b9e1df6503674aae045c6eeaded18c173,2021-05,Durham Constabulary,Durham Constabulary,-1.529482,54.673424,On or near Commercial Street,E01033203,County Durham 053E,Criminal damage and arson,Investigation complete; no suspect identified,
278e56b47d33f828528404b75bd2466ea43ac2ac8b4fd71ea1d248c59d44b29c,2021-05,Durham Constabulary,Durham Constabulary,-1.529499,54.674710,On or near Church Street,E01033203,County Durham 053E,Criminal damage and arson,Investigation complete; no suspect identified,
1b7e0930b840f3fcf7ff2b67674df7121aae1d98f072afbb7a84959cf39fbf9a,2021-05,Durham Constabulary,Durham Constabulary,-1.529482,54.673424,On or near Commercial Street,E01033203,County Durham 053E,Criminal damage and arson,Investigation complete; no suspect identified,
d43d74fcba99783edc8f29ef262c4a23f015c5fc30c69a12fffc87a2356589ef,2021-05,Durham Constabulary,Durham Constabulary,-1.529650,54.675043,On or near Carlton Street,E01033203,County Durham 053E,Criminal damage and arson,Court result unavailable,
1c9625531080c1a8c22c4c342d282c0ae5bd3fed20c5cd1ca948fd46131e497f,2021-05,Durham Constabulary,Durham Constabulary,-1.532813,54.681858,On or near High Street,E01033203,County Durham 053E,Criminal damage and arson,Court result unavailable,
6b9cf896c39451b38964815b3f9597d97dc9ca779fbe267d4fa756f3836baaca,2021-05,Durham Constabulary,Durham Constabulary,-1.530299,54.673895,On or near Mainsforth Rise,E01033203,County Durham 053E,Criminal damage and arson,Unable to prosecute suspect,
4fb3c9d2742cd7946998ac1678523264f14cd95ff4e31f0dc0a29422d142cafb,2021-05,Durham Constabulary,Durham Constabulary,-1.530299,54.673895,On or near Mainsforth Rise,E01033203,County Durham 053E,Criminal damage and arson,Investigation complete; no suspect identified,
0bebdbd10bb1bc05eb858bdff5ecc33d0a15b91ece09a438c5e324fd473b6d08,2021-05,Durham Constabulary,Durham Constabulary,-1.529650,54.675043,On or near Carlton Street,E01033203,County Durham 053E,Criminal damage and arson,Unable to prosecute suspect,
5221e3a52c78a063d7544b9627537e72590081424be07e4ab4d893aaebf1d337,2021-05,Durham Constabulary,Durham Constabulary,-1.529482,54.673424,On or near Commercial Street,E01033203,County Durham 053E,Criminal damage and arson,Unable to prosecute suspect,
f7e65744f76ac5d9ea0c0dcff249c8e92044f8614b25be284eed72b4d704f0f3,2021-05,Durham Constabulary,Durham Constabulary,-1.546270,54.683733,On or near Broomside,E01033203,County Durham 053E,Criminal damage and arson,Local resolution,
89d989a608979877f0f8e31fcb11ac0932fbd76b6db721e1bd39c21d445871fa,2021-05,Durham Constabulary,Durham Constabulary,-1.529650,54.675043,On or near Carlton Street,E01033203,County Durham 053E,Criminal damage and arson,Investigation complete; no suspect identified,
4eefe9a362aead436ac447c309b8217aa89dbf197d82ee47b251f427577860f7,2021-05,Durham Constabulary,Durham Constabulary,-1.528426,54.672243,On or near William Street,E01033203,County Durham 053E,Criminal damage and arson,Investigation complete; no suspect identified,
e8feb91cdff49ca7ab73cffe6d30daafdc04dd12181117ba214c9bb77e947ffa,2021-05,Durham Constabulary,Durham Constabulary,-1.529650,54.675043,On or near Carlton Street,E01033203,County Durham 053E,Drugs,Offender given a caution,
9c720a6d77e35a53dd8511b55b354fbe3e371adc986f91c5a6251de815ebde92,2021-05,Durham Constabulary,Durham Constabulary,-1.532813,54.681858,On or near High Street,E01033203,County Durham 053E,Other theft,Unable to prosecute suspect,
6dae68f5eace239cd785d6d75d7fafea0ed17f79a389e2b38916d66de55b01c3,2021-05,Durham Constabulary,Durham Constabulary,-1.529482,54.673424,On or near Commercial Street,E01033203,County Durham 053E,Public order,Unable to prosecute suspect,
cce1f0f14617372772d3eca79f62418714c07d81f9e03df9b3b8a1b6cd8ea320,2021-05,Durham Constabulary,Durham Constabulary,-1.544939,54.683468,On or near Kitchener Terrace,E01033203,County Durham 053E,Public order,Unable to prosecute suspect,
98af8777a3c5534b21612cba4df5eb9ed0fe4d677ea50d8d66a0d8df5b22b199,2021-05,Durham Constabulary,Durham Constabulary,-1.534568,54.681658,On or near Parking Area,E01033203,County Durham 053E,Public order,Unable to prosecute suspect,
8de473af6752822f38d9efd4fadd520dd750a441ac9ff2f8e55cc47f60050201,2021-05,Durham Constabulary,Durham Constabulary,-1.532813,54.681858,On or near High Street,E01033203,County Durham 053E,Theft from the person,Unable to prosecute suspect,
fecf576af6a8c0555885e4b0414d79711b4043192ec4f0ffe4bc189e520996ff,2021-05,Durham Constabulary,Durham Constabulary,-1.532813,54.681858,On or near High Street,E01033203,County Durham 053E,Violence and sexual offences,Unable to prosecute suspect,
f2d2ce8719281e861e4d2403bcca177b030099a566f543c33aed3c86d460d9bd,2021-05,Durham Constabulary,Durham Constabulary,-1.529482,54.673424,On or near Commercial Street,E01033203,County Durham 053E,Violence and sexual offences,Unable to prosecute suspect,
cecec4e3e4ee3f7bca48bbe5971dd1d3e7fc4c20c722b1433bd024edf9f17743,2021-05,Durham Constabulary,Durham Constabulary,-1.529650,54.675043,On or near Carlton Street,E01033203,County Durham 053E,Violence and sexual offences,Unable to prosecute suspect,
9748e110b1803152dce3b499f480f2e7837520a51a770b909dffdb8ea151a8bf,2021-05,Durham Constabulary,Durham Constabulary,-1.529941,54.672698,On or near George Street,E01033203,County Durham 053E,Violence and sexual offences,Unable to prosecute suspect,
c61bf156d212108b344fcb43427e091cdbecb218fa9eac0821db495227239812,2021-05,Durham Constabulary,Durham Constabulary,-1.544405,54.684032,On or near Bertha Street,E01033203,County Durham 053E,Violence and sexual offences,Unable to prosecute suspect,
8ec38df9d8d106dcc32d0b21685bd0573a02c14d7ef29a711654456388584646,2021-05,Durham Constabulary,Durham Constabulary,-1.529499,54.674710,On or near Church Street,E01033203,County Durham 053E,Violence and sexual offences,Status update unavailable,
2cfccf89c7e282224a194a606d4af6557dded4b3af5f42f91aa01cb79758a764,2021-05,Durham Constabulary,Durham Constabulary,-1.529482,54.673424,On or near Commercial Street,E01033203,County Durham 053E,Violence and sexual offences,Investigation complete; no suspect identified,
8ebfa95cfb35c6ec0aba32129575d763b64d9c76dc76a31bf06bfcdf919061f4,2021-05,Durham Constabulary,Durham Constabulary,-1.548259,54.683435,On or near Dean Park,E01033203,County Durham 053E,Violence and sexual offences,Action to be taken by another organisation,
707ce213987fcba4346941b8e3db73ab08ffadbb0dcd7fee415a7f2adfd9a189,2021-05,Durham Constabulary,Durham Constabulary,-1.548259,54.683435,On or near Dean Park,E01033203,County Durham 053E,Violence and sexual offences,Action to be taken by another organisation,
7069229560f8c4796a60dbab1d59f35d23017467b27afe3fe20bcaf1f18a7ea7,2021-05,Durham Constabulary,Durham Constabulary,-1.544939,54.683468,On or near Kitchener Terrace,E01033203,County Durham 053E,Violence and sexual offences,Unable to prosecute suspect,
bb6aaa185459b1d1f7ce76114443fe73e4651c5eefba9e8b42aa2e8272f9144c,2021-05,Durham Constabulary,Durham Constabulary,-1.529650,54.675043,On or near Carlton Street,E01033203,County Durham 053E,Violence and sexual offences,Unable to prosecute suspect,
004d3f57624ebdc255c1d0ef33cf3dbe9728e4e820341ad4aaf77bcfde291bd0,2021-05,Durham Constabulary,Durham Constabulary,-1.529482,54.673424,On or near Commercial Street,E01033203,County Durham 053E,Violence and sexual offences,Court result unavailable,
69ba3c180421c6c99a9eab5ee657a8e826fab6e66c2cd5522a3cbf0cc87c8c3b,2021-05,Durham Constabulary,Durham Constabulary,-1.548259,54.683435,On or near Dean Park,E01033203,County Durham 053E,Violence and sexual offences,Status update unavailable,
8426e6e44d2e8fb50cfc4d2acd0358c59695c999e84dee5cb277faff25198a01,2021-05,Durham Constabulary,Durham Constabulary,-1.530981,54.677933,On or near Chilton Lane,E01033203,County Durham 053E,Violence and sexual offences,Unable to prosecute suspect,
87da97eb9b4adaaf3da07e026be5b21386264ff5374ef67b62610d71df903632,2021-05,Durham Constabulary,Durham Constabulary,-1.532813,54.681858,On or near High Street,E01033203,County Durham 053E,Violence and sexual offences,Unable to prosecute suspect,
389e5af6afbd3b23cc130eddc821d7de050ccec348b973380d33cb194ffd880e,2021-05,Durham Constabulary,Durham Constabulary,-1.544939,54.683468,On or near Kitchener Terrace,E01033203,County Durham 053E,Violence and sexual offences,Offender given a caution,
bf5b1e817bb18b653215b12888133f4fcd550bd9a1e16fbff4202ee08beb5cf6,2021-05,Durham Constabulary,Durham Constabulary,-1.532813,54.681858,On or near High Street,E01033203,County Durham 053E,Violence and sexual offences,Status update unavailable,
930b36e4a7fe16a929de2aebfe41ab2c0f1646d7b9db76d6956f07e493d523f4,2021-05,Durham Constabulary,Durham Constabulary,-1.529499,54.674710,On or near Church Street,E01033203,County Durham 053E,Violence and sexual offences,Status update unavailable,
52bec8242bdaac0a77bdfa642db129a3514a8005c1d24469c3e82ac67df037ab,2021-05,Durham Constabulary,Durham Constabulary,-1.529499,54.674710,On or near Church Street,E01033203,County Durham 053E,Other crime,Further investigation is not in the public interest,
d968ec89bd1177a7344c3bc457bd5b205d22dc242d1f3eadeaba2d4023ddb4d0,2021-05,Durham Constabulary,Durham Constabulary,-1.532813,54.681858,On or near High Street,E01033203,County Durham 053E,Other crime,Unable to prosecute suspect,
8f705255651517e9447a721746c4258ddb962a62ea506829c531cc7b42136ac4,2021-05,Durham Constabulary,Durham Constabulary,-1.529482,54.673424,On or near Commercial Street,E01033203,County Durham 053E,Other crime,Investigation complete; no suspect identified,
,2021-05,Durham Constabulary,Durham Constabulary,-1.490617,54.677563,On or near Kiln Crescent,E01020796,County Durham 054A,Anti-social behaviour,,
,2021-05,Durham Constabulary,Durham Constabulary,-1.483511,54.679097,On or near Flambard Court,E01020796,County Durham 054A,Anti-social behaviour,,
,2021-05,Durham Constabulary,Durham Constabulary,-1.493512,54.675526,On or near Church Street,E01020796,County Durham 054A,Anti-social behaviour,,
97363dd86a774abb4d8b82b9f4daf871c40d2da31e1c23dd5c1c7b8044299603,2021-05,Durham Constabulary,Durham Constabulary,-1.483511,54.679097,On or near Flambard Court,E01020796,County Durham 054A,Violence and sexual offences,Court result unavailable,
cc155f94293753cd818d0994711991583eae326555c1fb20e7607e56940d1e5f,2021-05,Durham Constabulary,Durham Constabulary,-1.483511,54.679097,On or near Flambard Court,E01020796,County Durham 054A,Violence and sexual offences,Court result unavailable,
,2021-05,Durham Constabulary,Durham Constabulary,-1.507396,54.649432,On or near Petrol Station,E01020828,County Durham 054B,Anti-social behaviour,,
,2021-05,Durham Constabulary,Durham Constabulary,-1.465169,54.656218,On or near Park/Open Space,E01020828,County Durham 054B,Anti-social behaviour,,
,2021-05,Durham Constabulary,Durham Constabulary,-1.450601,54.661868,On or near Salters Lane,E01020828,County Durham 054B,Anti-social behaviour,,
a29c864e4f869b7250498b7f9ea5ea2b6332415e1eb0a49476f36258d04f77f8,2021-05,Durham Constabulary,Durham Constabulary,-1.465169,54.656218,On or near Park/Open Space,E01020828,County Durham 054B,Criminal damage and arson,Investigation complete; no suspect identified,
a366090d84aca1f1c6847d5f31efc44fc4ffca1a337ae9edf81ceaa35d575512,2021-05,Durham Constabulary,Durham Constabulary,-1.507396,54.649432,On or near Petrol Station,E01020828,County Durham 054B,Drugs,Court result unavailable,
7e87ea23e6b9f98b6080c269b6ce8ad0a3a0e3f82b950d5ee24f2a7e777f408c,2021-05,Durham Constabulary,Durham Constabulary,-1.465169,54.656218,On or near Park/Open Space,E01020828,County Durham 054B,Other theft,Investigation complete; no suspect identified,
606e056f87fbee34f951ba4291ebf4c26714973c6549484cf17cf55c6326e0e0,2021-05,Durham Constabulary,Durham Constabulary,-1.507396,54.649432,On or near Petrol Station,E01020828,County Durham 054B,Other theft,Status update unavailable,
13aa490aada34e3433b4f9cc893f54192ece035339d0c58f425dfb7abf9f735a,2021-05,Durham Constabulary,Durham Constabulary,-1.483735,54.633274,On or near Peter'S Lane,E01020828,County Durham 054B,Public order,Court result unavailable,
70d138408abad0c36b7458d5a822f6b98ec1f0b92fe14acda8384c531fa611f7,2021-05,Durham Constabulary,Durham Constabulary,-1.477936,54.649416,On or near Parking Area,E01020828,County Durham 054B,Public order,Court result unavailable,
6c472efecfd5ba808838558e6c690897bada4afaceda5218ba5fec57c104927e,2021-05,Durham Constabulary,Durham Constabulary,-1.450601,54.661868,On or near Salters Lane,E01020828,County Durham 054B,Shoplifting,Investigation complete; no suspect identified,
,2021-05,Durham Constabulary,Durham Constabulary,-1.451754,54.664848,On or near Meadow Hill,E01020829,County Durham 054C,Anti-social behaviour,,
,2021-05,Durham Constabulary,Durham Constabulary,-1.451461,54.655518,On or near Petrol Station,E01020829,County Durham 054C,Anti-social behaviour,,
,2021-05,Durham Constabulary,Durham Constabulary,-1.453256,54.651123,On or near Lambton Crescent,E01020829,County Durham 054C,Anti-social behaviour,,
,2021-05,Durham Constabulary,Durham Constabulary,-1.453256,54.651123,On or near Lambton Crescent,E01020829,County Durham 054C,Anti-social behaviour,,
,2021-05,Durham Constabulary,Durham Constabulary,-1.446453,54.669344,On or near Salters Lane,E01020829,County Durham 054C,Anti-social behaviour,,
46d521837b6229042d3fb36be7c0714bbf70cf3b6b0c1b6e84ccf31f0a672eda,2021-05,Durham Constabulary,Durham Constabulary,-1.451078,54.659776,On or near Woodland Mews,E01020829,County Durham 054C,Criminal damage and arson,Unable to prosecute suspect,
a4799a923b006d93b90bc61837acb7c96d49fe5d4962220ee39fcf1305cb69b8,2021-05,Durham Constabulary,Durham Constabulary,-1.453574,54.657487,On or near North Park Road,E01020829,County Durham 054C,Violence and sexual offences,Unable to prosecute suspect,
2a305a839c5fb14a6986d383e6ffea53bdd61bfbb23d394ba08c2f391c8a6b0d,2021-05,Durham Constabulary,Durham Constabulary,-1.457463,54.650594,On or near Station Road,E01020829,County Durham 054C,Violence and sexual offences,Unable to prosecute suspect,
1bbdce83383bc67345bda7d583e0f458dcfa1b25a8098879c4ba6173046a4e02,2021-05,Durham Constabulary,Durham Constabulary,-1.457463,54.650594,On or near Station Road,E01020829,County Durham 054C,Violence and sexual offences,Unable to prosecute suspect,
,2021-05,Durham Constabulary,Durham Constabulary,-1.446195,54.652960,On or near Crispin Court,E01020830,County Durham 054D,Anti-social behaviour,,
,2021-05,Durham Constabulary,Durham Constabulary,-1.450477,54.653806,On or near Supermarket,E01020830,County Durham 054D,Anti-social behaviour,,
50e2f759be7f5c3cb37a74bbc1f1fd9638c11ec544d5ea8151d02c478616a0b4,2021-05,Durham Constabulary,Durham Constabulary,-1.440304,54.648529,On or near Stockton Road,E01020830,County Durham 054D,Burglary,Investigation complete; no suspect identified,
57c4a1265c662abb5eae2f55029acf3855d5dd725f26438e82eb86987ef103ba,2021-05,Durham Constabulary,Durham Constabulary,-1.447138,54.653171,On or near Cross Street,E01020830,County Durham 054D,Public order,Investigation complete; no suspect identified,
812ed0ee97c05cf951a9630139c7947d4867a6a6bc2ca7e394e021736a258c8e,2021-05,Durham Constabulary,Durham Constabulary,-1.446195,54.652960,On or near Crispin Court,E01020830,County Durham 054D,Shoplifting,Investigation complete; no suspect identified,
314f5b650371d2363544bfe125105a530c40b18ff20448c1aac0a6b21df4561c,2021-05,Durham Constabulary,Durham Constabulary,-1.446206,54.656717,On or near Elm Avenue,E01020830,County Durham 054D,Violence and sexual offences,Offender given a caution,
,2021-05,Durham Constabulary,Durham Constabulary,-1.677529,54.665066,On or near Fore Bondgate,E01020868,County Durham 055A,Anti-social behaviour,,
,2021-05,Durham Constabulary,Durham Constabulary,-1.676123,54.664406,On or near Supermarket,E01020868,County Durham 055A,Anti-social behaviour,,
,2021-05,Durham Constabulary,Durham Constabulary,-1.677503,54.664356,On or near Bus/Coach Station,E01020868,County Durham 055A,Anti-social behaviour,,
,2021-05,Durham Constabulary,Durham Constabulary,-1.677503,54.664356,On or near Bus/Coach Station,E01020868,County Durham 055A,Anti-social behaviour,,
,2021-05,Durham Constabulary,Durham Constabulary,-1.680385,54.664651,On or near High Bondgate,E01020868,County Durham 055A,Anti-social behaviour,,
,2021-05,Durham Constabulary,Durham Constabulary,-1.677503,54.664356,On or near Bus/Coach Station,E01020868,County Durham 055A,Anti-social behaviour,,
,2021-05,Durham Constabulary,Durham Constabulary,-1.674579,54.665570,On or near Shopping Area,E01020868,County Durham 055A,Anti-social behaviour,,
,2021-05,Durham Constabulary,Durham Constabulary,-1.673964,54.666853,On or near Wear Chare,E01020868,County Durham 055A,Anti-social behaviour,,
,2021-05,Durham Constabulary,Durham Constabulary,-1.674245,54.660806,On or near Runnymede Court,E01020868,County Durham 055A,Anti-social behaviour,,
,2021-05,Durham Constabulary,Durham Constabulary,-1.675283,54.664799,On or near Parking Area,E01020868,County Durham 055A,Anti-social behaviour,,
,2021-05,Durham Constabulary,Durham Constabulary,-1.675441,54.658536,On or near Union Street,E01020868,County Durham 055A,Anti-social behaviour,,
b31749949fa3c50e349dcf2e5dbe59464101ea1d109e49ccf472402308153530,2021-05,Durham Constabulary,Durham Constabulary,-1.675441,54.658536,On or near Union Street,E01020868,County Durham 055A,Criminal damage and arson,Unable to prosecute suspect,
2f452530b05770bfd95e6d1529321716e1ee47dbfdd06ba051c1ea94cddad61f,2021-05,Durham Constabulary,Durham Constabulary,-1.677503,54.664356,On or near Bus/Coach Station,E01020868,County Durham 055A,Criminal damage and arson,Investigation complete; no suspect identified,
36a8256765c6ac76c74fe2560bcd7d4866ab5ff919cfd73e3c8ad34778bf2084,2021-05,Durham Constabulary,Durham Constabulary,-1.675447,54.657844,On or near Blackett Street,E01020868,County Durham 055A,Criminal damage and arson,Unable to prosecute suspect,
109541096ea76cf13e9901078d71e5f8cddfc9b3e86ec939e3619c97b05f12b2,2021-05,Durham Constabulary,Durham Constabulary,-1.674686,54.661886,On or near Parking Area,E01020868,County Durham 055A,Criminal damage and arson,Investigation complete; no suspect identified,
da26d9e27627736c758689a5a43f44aa88ec6c3dce0e3491939de05cc37e57f9,2021-05,Durham Constabulary,Durham Constabulary,-1.677801,54.661948,On or near Vickers Street,E01020868,County Durham 055A,Criminal damage and arson,Unable to prosecute suspect,
94ddeacf4d87dc4ec27b50cc395aaf973ad1402377abee6824e4fc301d2f5e4c,2021-05,Durham Constabulary,Durham Constabulary,-1.671318,54.664249,On or near Gib Chare,E01020868,County Durham 055A,Drugs,Offender given a caution,
fa57f9b21172d6be31d0d27ecd511a7640b28c1eb4df5fe73e0292bc78e49108,2021-05,Durham Constabulary,Durham Constabulary,-1.679080,54.664908,On or near High Bondgate,E01020868,County Durham 055A,Other theft,Investigation complete; no suspect identified,
b9df1b0dbf8fc5707c71bb17a4e05b025836c2d59e6ec6172b6875f8e6f43163,2021-05,Durham Constabulary,Durham Constabulary,-1.674698,54.662371,On or near Shopping Area,E01020868,County Durham 055A,Other theft,Investigation complete; no suspect identified,
f3cc25c5094c5548d3682905d48cb5259db9679c7bb5bad9a1718b68fc58a97e,2021-05,Durham Constabulary,Durham Constabulary,-1.675335,54.660225,On or near Flintoff Street,E01020868,County Durham 055A,Other theft,Investigation complete; no suspect identified,
53dcb8382b333685eb0d2bb766c9e24f3568fbb05352c3317b9ceeed55c36c65,2021-05,Durham Constabulary,Durham Constabulary,-1.656785,54.659491,On or near Neile Court,E01020868,County Durham 055A,Possession of weapons,Further investigation is not in the public interest,
7b9622087145f4d7634f42d9496c4dfe9a709d9d8038a36b2f1611853aecc62b,2021-05,Durham Constabulary,Durham Constabulary,-1.676123,54.664406,On or near Supermarket,E01020868,County Durham 055A,Public order,Unable to prosecute suspect,
0e0e62dde65771351c65224bd091bedd1e236553923e0be7333669cb71bf6d42,2021-05,Durham Constabulary,Durham Constabulary,-1.672485,54.665735,On or near Market Place,E01020868,County Durham 055A,Public order,Investigation complete; no suspect identified,
16cb11ed22107cbca58f0d02ac2b5caa7dec2c2ba01873c8258dfc5e23e35e76,2021-05,Durham Constabulary,Durham Constabulary,-1.674062,54.664319,On or near Shopping Area,E01020868,County Durham 055A,Public order,Investigation complete; no suspect identified,
099a452f545418ff7264463f8d282fbfd778e688a5fc9ed92b476edc84877af1,2021-05,Durham Constabulary,Durham Constabulary,-1.680385,54.664651,On or near High Bondgate,E01020868,County Durham 055A,Public order,Investigation complete; no suspect identified,
4d07e958af35c221d7870aab83b17c47e805d159c946c53a453b22b34ae5385a,2021-05,Durham Constabulary,Durham Constabulary,-1.676123,54.664406,On or near Supermarket,E01020868,County Durham 055A,Public order,Unable to prosecute suspect,
8e044722125d220c8e4a32f7268441bb636960112b8246265f71c017a0824a4b,2021-05,Durham Constabulary,Durham Constabulary,-1.675335,54.660225,On or near Flintoff Street,E01020868,County Durham 055A,Public order,Unable to prosecute suspect,
a3cd1c6b50158c47755b3d8c706cef6ccdacd37f70e7675ef72c5210327812b9,2021-05,Durham Constabulary,Durham Constabulary,-1.674698,54.662371,On or near Shopping Area,E01020868,County Durham 055A,Shoplifting,Court result unavailable,
2536006ea34e320f5785891d1ff1f1fc62827a3c6ecc907b012c9dcce1ff8ed2,2021-05,Durham Constabulary,Durham Constabulary,-1.677503,54.664356,On or near Bus/Coach Station,E01020868,County Durham 055A,Shoplifting,Investigation complete; no suspect identified,
e33228e60fc8a579893856b1f5e6e40655fe4ce6efbf71fb6de466e8acd04642,2021-05,Durham Constabulary,Durham Constabulary,-1.677503,54.664356,On or near Bus/Coach Station,E01020868,County Durham 055A,Shoplifting,Investigation complete; no suspect identified,
f66a93a760aab350cf1b67673fc46fb8da894f82de1fa768d7a35f7047656f7c,2021-05,Durham Constabulary,Durham Constabulary,-1.674626,54.663575,On or near Shopping Area,E01020868,County Durham 055A,Shoplifting,Unable to prosecute suspect,
d37acb42e2700ac5096e197d5fcfe90beed1304b909a96c83212c5c7400962e8,2021-05,Durham Constabulary,Durham Constabulary,-1.676118,54.661198,On or near Adelaide Street,E01020868,County Durham 055A,Shoplifting,Investigation complete; no suspect identified,
4d1bf86c10d3b385333219ce74183ed2ff3c104ee9a5556c6226356586136b3e,2021-05,Durham Constabulary,Durham Constabulary,-1.675447,54.657844,On or near Blackett Street,E01020868,County Durham 055A,Shoplifting,Local resolution,
d5671e6441c7618fc498eb94d5e98e64ac89495e57e05b90ecc5468035d71046,2021-05,Durham Constabulary,Durham Constabulary,-1.677243,54.658109,On or near Petrol Station,E01020868,County Durham 055A,Shoplifting,Investigation complete; no suspect identified,
a33351077c6ad6cef1d2030558e6482d7b2f30afcd5d721c0aa076fc078fd96d,2021-05,Durham Constabulary,Durham Constabulary,-1.676123,54.664406,On or near Supermarket,E01020868,County Durham 055A,Shoplifting,Court result unavailable,
f1ae461f3cc3d37c4c8635ea7435dac90d2761789af9fd3fe80dbdb88af259d8,2021-05,Durham Constabulary,Durham Constabulary,-1.674626,54.663575,On or near Shopping Area,E01020868,County Durham 055A,Shoplifting,Unable to prosecute suspect,
adb593a0e201b15709762a52861d37749ba6d29407c9eeb629947cee9d03989e,2021-05,Durham Constabulary,Durham Constabulary,-1.674626,54.663575,On or near Shopping Area,E01020868,County Durham 055A,Shoplifting,Unable to prosecute suspect,
7b3004329de0077e51c48f29563ac5f62a44ebec88ed995e7f48bb64cfedd7b0,2021-05,Durham Constabulary,Durham Constabulary,-1.671318,54.664249,On or near Gib Chare,E01020868,County Durham 055A,Vehicle crime,Status update unavailable,
a6d8697a92d7a9f8d791e2a2b645a051f36938acd73d76d982d90434f5881a5a,2021-05,Durham Constabulary,Durham Constabulary,-1.675482,54.661187,On or near Newgate Street,E01020868,County Durham 055A,Violence and sexual offences,Investigation complete; no suspect identified,
684b636cccafd50d618a2c7c3abe8fea1277a986ce6c2955631f99648f6596d5,2021-05,Durham Constabulary,Durham Constabulary,-1.678508,54.664754,On or near Grainger Street,E01020868,County Durham 055A,Violence and sexual offences,Unable to prosecute suspect,
4b42cac7aff270629839b9e416afe6929b5956df0cd8bb4b8d934a073abf3a65,2021-05,Durham Constabulary,Durham Constabulary,-1.677064,54.665064,On or near Parking Area,E01020868,County Durham 055A,Violence and sexual offences,Unable to prosecute suspect,
32cb40756e24020464dc4fcdca18b94bba83b178222dc63785a31448b106ad93,2021-05,Durham Constabulary,Durham Constabulary,-1.677801,54.661948,On or near Vickers Street,E01020868,County Durham 055A,Violence and sexual offences,Investigation complete; no suspect identified,
6a632c827184613e582c164af3acdd2ba8596c40388ff0d949e57f24cdfbea38,2021-05,Durham Constabulary,Durham Constabulary,-1.676123,54.664406,On or near Supermarket,E01020868,County Durham 055A,Violence and sexual offences,Unable to prosecute suspect,
ef6ccc7da0450a02722516b5a4a175d37d0a7317ca9070772a75054d7d1d89d7,2021-05,Durham Constabulary,Durham Constabulary,-1.674062,54.664319,On or near Shopping Area,E01020868,County Durham 055A,Violence and sexual offences,Unable to prosecute suspect,
254ea3786387fc7701a22762d89b4cc37c375ff7151957ba061c8e6b1759ef63,2021-05,Durham Constabulary,Durham Constabulary,-1.675335,54.660225,On or near Flintoff Street,E01020868,County Durham 055A,Violence and sexual offences,Unable to prosecute suspect,
046a142fd34a03e27e0cfea40b4ce725f20d760279a3bdf6c4e3d10bff95542d,2021-05,Durham Constabulary,Durham Constabulary,-1.676229,54.664757,On or near Shopping Area,E01020868,County Durham 055A,Violence and sexual offences,Unable to prosecute suspect,
56db504b1d37f0a98146f769e48df06bbc58162e9235d0f9009ad269f98058b5,2021-05,Durham Constabulary,Durham Constabulary,-1.675283,54.664799,On or near Parking Area,E01020868,County Durham 055A,Violence and sexual offences,Unable to prosecute suspect,
4920b221702cd5472bd7a2414e1be13a3f790619614e58d2e8e62900effa1948,2021-05,Durham Constabulary,Durham Constabulary,-1.670128,54.658036,On or near Salisbury Place,E01020868,County Durham 055A,Violence and sexual offences,Unable to prosecute suspect,
3f31e6b0c1de6f0b1beeadbd40ceb73e57358132ebd45950f6730bdf0a957d71,2021-05,Durham Constabulary,Durham Constabulary,-1.670371,54.658666,On or near Woodlands Road,E01020868,County Durham 055A,Violence and sexual offences,Unable to prosecute suspect,
9457eabd690d14bb57e223684c3cbb00c49b6d513848180a3e1e803e673d3c0b,2021-05,Durham Constabulary,Durham Constabulary,-1.675335,54.660225,On or near Flintoff Street,E01020868,County Durham 055A,Violence and sexual offences,Investigation complete; no suspect identified,
eb943c2e4b018a452f81f36e6101ef52cab4efe59e3e45a0b78fc01d55600e66,2021-05,Durham Constabulary,Durham Constabulary,-1.675447,54.657844,On or near Blackett Street,E01020868,County Durham 055A,Violence and sexual offences,Local resolution,
e8df5a12cb13e4be6ff52ac7a8551a89236e80c6f4cc294f27abfcb9f011abfe,2021-05,Durham Constabulary,Durham Constabulary,-1.675447,54.657844,On or near Blackett Street,E01020868,County Durham 055A,Violence and sexual offences,Unable to prosecute suspect,
56efd8024830359e6c34ee092decd42afa02893d075338b883e5d2353b859d7c,2021-05,Durham Constabulary,Durham Constabulary,-1.677801,54.661948,On or near Vickers Street,E01020868,County Durham 055A,Violence and sexual offences,Unable to prosecute suspect,
9c25d94ac0bdec7a679ff9cca54507e2eceb88cb58defe870407971dc7e15abc,2021-05,Durham Constabulary,Durham Constabulary,-1.671318,54.664249,On or near Gib Chare,E01020868,County Durham 055A,Other crime,Unable to prosecute suspect,
,2021-05,Durham Constabulary,Durham Constabulary,-1.690757,54.670672,On or near Sports/Recreation Area,E01020869,County Durham 055B,Anti-social behaviour,,
,2021-05,Durham Constabulary,Durham Constabulary,-1.687618,54.663474,On or near Bridge Road,E01020869,County Durham 055B,Anti-social behaviour,,
0d1e5ba1e4f4287d094dd7e6f446fda591ad3a7107a88f1ad3a383eeeefbdd20,2021-05,Durham Constabulary,Durham Constabulary,-1.681571,54.665535,On or near Bridge Street,E01020869,County Durham 055B,Burglary,Court result unavailable,
e01e1fb61496c8f8c52d232ca661960a75b139149870c15dc8187ee0f0a6c91a,2021-05,Durham Constabulary,Durham Constabulary,-1.681571,54.665535,On or near Bridge Street,E01020869,County Durham 055B,Criminal damage and arson,Investigation complete; no suspect identified,
74b62aa4f564269d535646bcbf583958fdb110f81c2724c04e2a59ea060aa1f7,2021-05,Durham Constabulary,Durham Constabulary,-1.682333,54.665276,On or near Newton Cap Bank,E01020869,County Durham 055B,Drugs,Further action is not in the public interest,
e6bc9188c92c6cc55cd182331014761b35ee3f6c527ddb42f6f85141f48ed7b4,2021-05,Durham Constabulary,Durham Constabulary,-1.680388,54.662197,On or near Surtees Street,E01020869,County Durham 055B,Other theft,Investigation complete; no suspect identified,
8d37a4771e2515b316f8b02da6f6a108b181fc97dc4fa9a49a0562162f9b5738,2021-05,Durham Constabulary,Durham Constabulary,-1.680388,54.662197,On or near Surtees Street,E01020869,County Durham 055B,Public order,Unable to prosecute suspect,
8e37e97c3c9b36565ca1a89f70261f43c620283694b35181e4c149c6273d8914,2021-05,Durham Constabulary,Durham Constabulary,-1.680388,54.662197,On or near Surtees Street,E01020869,County Durham 055B,Violence and sexual offences,Unable to prosecute suspect,
619c29cb34fc7e0b7c5500b9aa65e3bfa97fd903e58c47b00b40489f6281a23f,2021-05,Durham Constabulary,Durham Constabulary,-1.680388,54.662197,On or near Surtees Street,E01020869,County Durham 055B,Violence and sexual offences,Unable to prosecute suspect,
29acaaeef8ca0df98bb3bbbf1bf69ad231d78b8e6501ca72102b91804d903f23,2021-05,Durham Constabulary,Durham Constabulary,-1.690757,54.670672,On or near Sports/Recreation Area,E01020869,County Durham 055B,Violence and sexual offences,Unable to prosecute suspect,
762703cac90a92a101aa999a753ff4dfee8bb5ecd4447a4e1cdfdeec51c88487,2021-05,Durham Constabulary,Durham Constabulary,-1.680388,54.662197,On or near Surtees Street,E01020869,County Durham 055B,Violence and sexual offences,Unable to prosecute suspect,
8724761a5522de2b2467f5ffac674e6479fe23e9d1ac64dbd00f2ca4161e5c04,2021-05,Durham Constabulary,Durham Constabulary,-1.680388,54.662197,On or near Surtees Street,E01020869,County Durham 055B,Violence and sexual offences,Unable to prosecute suspect,
7d95b32ea76dd8626c1fa9c93c0b5807eb3079338de3e20911a26bdec9859d59,2021-05,Durham Constabulary,Durham Constabulary,-1.695084,54.672597,On or near Sherwood Court,E01020869,County Durham 055B,Violence and sexual offences,Status update unavailable,
10fe76ae3ff26e5bbb5e329ecf13076520476ef33b4c9ea359758575a5155d33,2021-05,Durham Constabulary,Durham Constabulary,-1.679405,54.663022,On or near Edward Street,E01020869,County Durham 055B,Violence and sexual offences,Unable to prosecute suspect,
0159de41b0538af3e7b920e7d6e6a31b5bbbfe9eb8bfa68c8e4a0e293ebe11d5,2021-05,Durham Constabulary,Durham Constabulary,-1.680388,54.662197,On or near Surtees Street,E01020869,County Durham 055B,Violence and sexual offences,Unable to prosecute suspect,
2e7432a0bd1488a76d00a9afd8f969f4c2abe998d8424768f145857112f368dd,2021-05,Durham Constabulary,Durham Constabulary,-1.680388,54.662197,On or near Surtees Street,E01020869,County Durham 055B,Violence and sexual offences,Unable to prosecute suspect,
,2021-05,Durham Constabulary,Durham Constabulary,-1.629069,54.657819,On or near A689,E01020874,County Durham 055C,Anti-social behaviour,,
,2021-05,Durham Constabulary,Durham Constabulary,-1.629587,54.660480,On or near Howlish View,E01020874,County Durham 055C,Anti-social behaviour,,
37d949a836fe2df3e5ea6721d13de1de0e8b4f89d843aec689e2b0ccad771820,2021-05,Durham Constabulary,Durham Constabulary,-1.629271,54.661207,On or near Greenwells Garth,E01020874,County Durham 055C,Criminal damage and arson,Investigation complete; no suspect identified,
6c50cb5ffea01d88126a8936fe5a6094483c0742ea0794edafa34ffa38f6bb25,2021-05,Durham Constabulary,Durham Constabulary,-1.621559,54.660321,On or near Fair View Close,E01020874,County Durham 055C,Criminal damage and arson,Local resolution,
e1ba46db134f3f8327977420a278408666945fbcd6489ceea5435b88e4d969fb,2021-05,Durham Constabulary,Durham Constabulary,-1.629587,54.660480,On or near Howlish View,E01020874,County Durham 055C,Criminal damage and arson,Investigation complete; no suspect identified,
ab71aab9e79fd9541ffa648d6a2bde58f418f553b3385072306565ba7c7ee1a2,2021-05,Durham Constabulary,Durham Constabulary,-1.632297,54.660812,On or near Drake Avenue,E01020874,County Durham 055C,Criminal damage and arson,Investigation complete; no suspect identified,
ae94c6f90db223d6fb78b22ade3badee1d9fd0e2ea8d7f52e923169187aa5549,2021-05,Durham Constabulary,Durham Constabulary,-1.637484,54.664988,On or near West Park,E01020874,County Durham 055C,Criminal damage and arson,Unable to prosecute suspect,
7f16c14fc67bebb294ce72d3b8b38d17d9a6d6a28a912e4f0924e2fc66d930a2,2021-05,Durham Constabulary,Durham Constabulary,-1.626816,54.660040,On or near Cleveland View,E01020874,County Durham 055C,Violence and sexual offences,Awaiting court outcome,
7535c19dad033abed313d737f1f34a20f0ba27bda16c0574d67108ff4857b6c1,2021-05,Durham Constabulary,Durham Constabulary,-1.621559,54.660321,On or near Fair View Close,E01020874,County Durham 055C,Violence and sexual offences,Unable to prosecute suspect,
c39599c3e14365e53eae41ba1b6f6fff405f3d2170be0166e55d19d66f222a4f,2021-05,Durham Constabulary,Durham Constabulary,-1.630863,54.661661,On or near Collingwood Street,E01020874,County Durham 055C,Violence and sexual offences,Unable to prosecute suspect,
b9d48de24418006a259774852bed8e877d2e4806c04d25f23e9491d864e40e57,2021-05,Durham Constabulary,Durham Constabulary,-1.633227,54.659098,On or near Dixon Way,E01020874,County Durham 055C,Violence and sexual offences,Offender given a caution,
ecc5d8258967c99c04b68f4ac7c3d9a07435751b1bb3d25299bca28ab21aff35,2021-05,Durham Constabulary,Durham Constabulary,-1.633323,54.660438,On or near Police Station,E01020874,County Durham 055C,Violence and sexual offences,Investigation complete; no suspect identified,
ea619739fc0d20605e2c946d90d2b3ca053cf1d13489a6416c83584be0ad15b4,2021-05,Durham Constabulary,Durham Constabulary,-1.633227,54.659098,On or near Dixon Way,E01020874,County Durham 055C,Violence and sexual offences,Unable to prosecute suspect,
3aa5d171a3719decf1e439d726785b831089dc68d0792e24c0662b24be842478,2021-05,Durham Constabulary,Durham Constabulary,-1.626816,54.660040,On or near Cleveland View,E01020874,County Durham 055C,Violence and sexual offences,Unable to prosecute suspect,
,2021-05,Durham Constabulary,Durham Constabulary,-1.647356,54.647440,On or near Wesley Street,E01020880,County Durham 055D,Anti-social behaviour,,
,2021-05,Durham Constabulary,Durham Constabulary,-1.648685,54.646095,On or near Brook Terrace,E01020880,County Durham 055D,Anti-social behaviour,,
,2021-05,Durham Constabulary,Durham Constabulary,-1.647128,54.646954,On or near Brook Street,E01020880,County Durham 055D,Anti-social behaviour,,
,2021-05,Durham Constabulary,Durham Constabulary,-1.648289,54.645375,On or near Spencer Street,E01020880,County Durham 055D,Anti-social behaviour,,
,2021-05,Durham Constabulary,Durham Constabulary,-1.648860,54.647408,On or near Kimberley Street,E01020880,County Durham 055D,Anti-social behaviour,,
,2021-05,Durham Constabulary,Durham Constabulary,-1.645890,54.646824,On or near Sports/Recreation Area,E01020880,County Durham 055D,Anti-social behaviour,,
,2021-05,Durham Constabulary,Durham Constabulary,-1.647356,54.647440,On or near Wesley Street,E01020880,County Durham 055D,Anti-social behaviour,,
,2021-05,Durham Constabulary,Durham Constabulary,-1.648875,54.643822,On or near Millbank Terrace,E01020880,County Durham 055D,Anti-social behaviour,,
,2021-05,Durham Constabulary,Durham Constabulary,-1.648875,54.643822,On or near Millbank Terrace,E01020880,County Durham 055D,Anti-social behaviour,,
,2021-05,Durham Constabulary,Durham Constabulary,-1.648685,54.646095,On or near Brook Terrace,E01020880,County Durham 055D,Anti-social behaviour,,
b054fd3f1f11b7fdcb5e372b37032e7b87354b9806e21f04029cc062ab43fef9,2021-05,Durham Constabulary,Durham Constabulary,-1.642109,54.646732,On or near Stanley Street,E01020880,County Durham 055D,Burglary,Unable to prosecute suspect,
ebe93758ee502ec504f7bd6be0adfb82418a636973bdcfeebbdd929cd09e9585,2021-05,Durham Constabulary,Durham Constabulary,-1.651201,54.645501,On or near Oxford Street,E01020880,County Durham 055D,Burglary,Investigation complete; no suspect identified,
dc1aa99cd64590d42256fcef5de9cd7dd3443b70b45d0846c76a12d6195c6a10,2021-05,Durham Constabulary,Durham Constabulary,-1.647827,54.645023,On or near Johnson Street,E01020880,County Durham 055D,Burglary,Investigation complete; no suspect identified,
20fe7854e7dd2eda166ead20dd155cebe3e3b250aaf429a827ca96af0220a98e,2021-05,Durham Constabulary,Durham Constabulary,-1.642775,54.646833,On or near Heslop Street,E01020880,County Durham 055D,Burglary,Investigation complete; no suspect identified,
43f8c3c2fd2630f2cb3ecf71c4fb35e6478cb081f2babbff874711576c1c1c59,2021-05,Durham Constabulary,Durham Constabulary,-1.648685,54.646095,On or near Brook Terrace,E01020880,County Durham 055D,Criminal damage and arson,Investigation complete; no suspect identified,
0cd14bb49fbc3ee2713f0e75ddb991e97a97085512c0646beee75bc716eccd02,2021-05,Durham Constabulary,Durham Constabulary,-1.642775,54.646833,On or near Heslop Street,E01020880,County Durham 055D,Criminal damage and arson,Offender given a caution,
155b02b09d6cd508217783adf971bd490988e76f42ae1aafea0f72400f8cecd1,2021-05,Durham Constabulary,Durham Constabulary,-1.642484,54.646428,On or near Gibson Street,E01020880,County Durham 055D,Criminal damage and arson,Investigation complete; no suspect identified,
13cc1d110b6523c0eff9b9e95a1d48176a83d24a5d12f7e007b2e86b45a23111,2021-05,Durham Constabulary,Durham Constabulary,-1.646619,54.646727,On or near Randolph Street,E01020880,County Durham 055D,Criminal damage and arson,Investigation complete; no suspect identified,
21412d428f47ca3a5cc3b332193ac8747da345d551b6f2d55d759ef569dc61f8,2021-05,Durham Constabulary,Durham Constabulary,-1.645890,54.646824,On or near Sports/Recreation Area,E01020880,County Durham 055D,Criminal damage and arson,Investigation complete; no suspect identified,
6fc93f1360a44fa24a26d8f5de209b53747e296b8f63760e5767a2a88491947a,2021-05,Durham Constabulary,Durham Constabulary,-1.648566,54.647326,On or near Jackson Street,E01020880,County Durham 055D,Criminal damage and arson,Investigation complete; no suspect identified,
e28590bc53ca167405fa41a6e1fef6d74175d475b89609ee7ba3717aa83204f6,2021-05,Durham Constabulary,Durham Constabulary,-1.647827,54.645023,On or near Johnson Street,E01020880,County Durham 055D,Criminal damage and arson,Unable to prosecute suspect,
566a93c0673459f29581b705752b7c0710ac47c8982229888deaca4157f9ca8d,2021-05,Durham Constabulary,Durham Constabulary,-1.642775,54.646833,On or near Heslop Street,E01020880,County Durham 055D,Other theft,Further investigation is not in the public interest,
df8131e6344c40d8e004f7ea8378bd0fbb323f1d585ae487186c4db5528ebdfa,2021-05,Durham Constabulary,Durham Constabulary,-1.643919,54.647088,On or near Brockwell Court,E01020880,County Durham 055D,Other theft,Investigation complete; no suspect identified,
e4463ff1733e46a3884b2e74e5ce962c1d754cb74d280ca68ccc707a6d3503d2,2021-05,Durham Constabulary,Durham Constabulary,-1.647356,54.647440,On or near Wesley Street,E01020880,County Durham 055D,Public order,Unable to prosecute suspect,
c0911047345800c9ac90ed163074a86139b678f74cf2c45d248f8b0f0dfb9053,2021-05,Durham Constabulary,Durham Constabulary,-1.642775,54.646833,On or near Heslop Street,E01020880,County Durham 055D,Public order,Offender given a caution,
2a87c8bee3d5f01b9a082960e8e365c90a716ef29a1e18d989cfe825bca1ddb4,2021-05,Durham Constabulary,Durham Constabulary,-1.650814,54.652626,On or near St Phillips Close,E01020880,County Durham 055D,Violence and sexual offences,Unable to prosecute suspect,
bb51a0fc2a582f8d282dabcd2b88bcfd71d6b9068a09e795867283fe589e93e8,2021-05,Durham Constabulary,Durham Constabulary,-1.647827,54.645023,On or near Johnson Street,E01020880,County Durham 055D,Violence and sexual offences,Unable to prosecute suspect,
2f3c7c814360eda0faf7254d026d58bbe024780e01bd761bc2b62036e90f717b,2021-05,Durham Constabulary,Durham Constabulary,-1.653680,54.645481,On or near High Street,E01020880,County Durham 055D,Violence and sexual offences,Unable to prosecute suspect,
fc5249918dcbc6ad91c02b11fa66fc32d88b616e915063d370d8b5872379e880,2021-05,Durham Constabulary,Durham Constabulary,-1.653680,54.645481,On or near High Street,E01020880,County Durham 055D,Violence and sexual offences,Unable to prosecute suspect,
6e6147a3d855b28ef8f924dccb80b9cc5f92607c56775baee64d044415202d18,2021-05,Durham Constabulary,Durham Constabulary,-1.648685,54.646095,On or near Brook Terrace,E01020880,County Durham 055D,Violence and sexual offences,Investigation complete; no suspect identified,
8f53932799025975df38cbc17ee6658d61c0dc74e4724e8f8a5f42c8731c4f39,2021-05,Durham Constabulary,Durham Constabulary,-1.653680,54.645481,On or near High Street,E01020880,County Durham 055D,Violence and sexual offences,Unable to prosecute suspect,
,2021-05,Durham Constabulary,Durham Constabulary,-1.663963,54.650057,On or near Main Street,E01020881,County Durham 055E,Anti-social behaviour,,
,2021-05,Durham Constabulary,Durham Constabulary,-1.681590,54.641297,On or near Green Lane,E01020881,County Durham 055E,Anti-social behaviour,,
,2021-05,Durham Constabulary,Durham Constabulary,-1.668280,54.650923,On or near St Andrew'S Road,E01020881,County Durham 055E,Anti-social behaviour,,
75e4ab7a09a9aeafea3284ff99f31585773b8f7e0f3aa9b985b0040780b7e560,2021-05,Durham Constabulary,Durham Constabulary,-1.661582,54.647480,On or near Rosemount Road,E01020881,County Durham 055E,Criminal damage and arson,Investigation complete; no suspect identified,
88de7b41d94c8e9a4fcfa9c8ec2ed0b5cc066824a4c3b33599370e47d6bd1e29,2021-05,Durham Constabulary,Durham Constabulary,-1.656062,54.655256,On or near Douglas Crescent,E01020881,County Durham 055E,Criminal damage and arson,Unable to prosecute suspect,
017a546e2dcea6cf107bbcc04efea70b583eca63731367df29a21f90f82592b3,2021-05,Durham Constabulary,Durham Constabulary,-1.674015,54.646912,On or near Dovecot Hill,E01020881,County Durham 055E,Drugs,Local resolution,
726129a0fe4b35212b54a8cdb5a0c86daf3acace121e040772f28ed5488c146e,2021-05,Durham Constabulary,Durham Constabulary,-1.656062,54.655256,On or near Douglas Crescent,E01020881,County Durham 055E,Other theft,Investigation complete; no suspect identified,
b79317cdcf1c2f96e9b22e2c326e4daabf7c5f9a47a9141efeae12d4874fe6d7,2021-05,Durham Constabulary,Durham Constabulary,-1.662293,54.649630,On or near Main Street,E01020881,County Durham 055E,Public order,Unable to prosecute suspect,
b92932dfed6a581aa9829d85c425e0e66fc24adaa2fee211827ed0ed3140ad0f,2021-05,Durham Constabulary,Durham Constabulary,-1.681590,54.641297,On or near Green Lane,E01020881,County Durham 055E,Public order,Local resolution,
901e47481dc6fc62cdc9cc22e299ec5b4611dfc3e2bdc96921e232ce49afe97b,2021-05,Durham Constabulary,Durham Constabulary,-1.681590,54.641297,On or near Green Lane,E01020881,County Durham 055E,Shoplifting,Investigation complete; no suspect identified,
215e3a99c8a7927f2d2cf15e2ad33c61147a8e6078e855153f6e499b9d0b4b4d,2021-05,Durham Constabulary,Durham Constabulary,-1.681590,54.641297,On or near Green Lane,E01020881,County Durham 055E,Shoplifting,Investigation complete; no suspect identified,
a82cc897dcb6a0a2600df7baf3641d78c184469b0210f72c434fca41b5006c5a,2021-05,Durham Constabulary,Durham Constabulary,-1.681590,54.641297,On or near Green Lane,E01020881,County Durham 055E,Shoplifting,Investigation complete; no suspect identified,
644f13fe9c3e2a9c5db416fd81ab0e067c58ac1f51d453bcc44242a9f08ba361,2021-05,Durham Constabulary,Durham Constabulary,-1.662014,54.647697,On or near Rosemount Court,E01020881,County Durham 055E,Violence and sexual offences,Unable to prosecute suspect,
665291e37f788c3a1cf89da0d9c21cf3df1ce5b73fc3b80fb40adc9bdda22628,2021-05,Durham Constabulary,Durham Constabulary,-1.656062,54.655256,On or near Douglas Crescent,E01020881,County Durham 055E,Violence and sexual offences,Unable to prosecute suspect,
57c15b545c69b57c13a6ffba3bd524354aa8dcc94b2b234ad600c9bf23fbaa29,2021-05,Durham Constabulary,Durham Constabulary,-1.666775,54.652949,On or near South Church Road,E01020881,County Durham 055E,Violence and sexual offences,Unable to prosecute suspect,
0137e566a234042d3a767b82361057ce6a29e3ab2697c30bda069de43639d97a,2021-05,Durham Constabulary,Durham Constabulary,-1.661582,54.647480,On or near Rosemount Road,E01020881,County Durham 055E,Violence and sexual offences,Unable to prosecute suspect,
9046c7bb212f416d2660c685d4cd0454a34340cc031d745a42df1bed4723811d,2021-05,Durham Constabulary,Durham Constabulary,-1.662293,54.649630,On or near Main Street,E01020881,County Durham 055E,Violence and sexual offences,Investigation complete; no suspect identified,
3a157521b4d877359fa9aa0fc959950ea7a6c34b67819d5f86bc446d91e8332d,2021-05,Durham Constabulary,Durham Constabulary,-1.663963,54.650057,On or near Main Street,E01020881,County Durham 055E,Violence and sexual offences,Unable to prosecute suspect,
5ad63a3588e3b77e6f55cbb0ffde61bcc759207266d7b0e16319a7f36c909110,2021-05,Durham Constabulary,Durham Constabulary,-1.663963,54.650057,On or near Main Street,E01020881,County Durham 055E,Violence and sexual offences,Court result unavailable,
,2021-05,Durham Constabulary,Durham Constabulary,-1.691797,54.654157,On or near Kenilworth Avenue,E01020870,County Durham 056A,Anti-social behaviour,,
,2021-05,Durham Constabulary,Durham Constabulary,-1.693127,54.652516,On or near Sports/Recreation Area,E01020870,County Durham 056A,Anti-social behaviour,,
,2021-05,Durham Constabulary,Durham Constabulary,-1.693127,54.652516,On or near Sports/Recreation Area,E01020870,County Durham 056A,Anti-social behaviour,,
d1434e7346c6fcd0d0325fdea97c442f18611911dc502fc3e0e0ba6dfe0de7b0,2021-05,Durham Constabulary,Durham Constabulary,-1.689126,54.650780,On or near Woodhouse Lane,E01020870,County Durham 056A,Other theft,Investigation complete; no suspect identified,
1cd4ccdcc4b6fc7e559cedb2f1a0443472233351ea631fe5d768b0e56cdb1461,2021-05,Durham Constabulary,Durham Constabulary,-1.688666,54.652163,On or near Brough Grove,E01020870,County Durham 056A,Theft from the person,Investigation complete; no suspect identified,
9681baa667f7fd734ef2f66705edc682535cee38c7283ad05fbee68908660dd7,2021-05,Durham Constabulary,Durham Constabulary,-1.687676,54.653949,On or near Berkeley Grove,E01020870,County Durham 056A,Vehicle crime,Investigation complete; no suspect identified,
4e9158345ea5b4e0d1a87d3fc081260c32cb4e2e05e717bf6adabb923b99ad3e,2021-05,Durham Constabulary,Durham Constabulary,-1.687676,54.653949,On or near Berkeley Grove,E01020870,County Durham 056A,Vehicle crime,Investigation complete; no suspect identified,
7d7153f2849b4e6138afffde12c2e7fdbfa79e377643bbe77f6ed2ebdfc32bfe,2021-05,Durham Constabulary,Durham Constabulary,-1.688666,54.652163,On or near Brough Grove,E01020870,County Durham 056A,Violence and sexual offences,Unable to prosecute suspect,
243d389505b219abe86656c131f3ce816136dae7606c919dfd4407baf6cd8a6a,2021-05,Durham Constabulary,Durham Constabulary,-1.688666,54.652163,On or near Brough Grove,E01020870,County Durham 056A,Violence and sexual offences,Unable to prosecute suspect,
fbab5355b3aaa3b05db74c943dd57c0c650b07985ae2578fab9ae369fd4efc3b,2021-05,Durham Constabulary,Durham Constabulary,-1.689126,54.650780,On or near Woodhouse Lane,E01020870,County Durham 056A,Violence and sexual offences,Action to be taken by another organisation,
,2021-05,Durham Constabulary,Durham Constabulary,-1.681705,54.652360,On or near Wordsworth Avenue,E01020871,County Durham 056B,Anti-social behaviour,,
,2021-05,Durham Constabulary,Durham Constabulary,-1.686377,54.651555,On or near Bolton Grove,E01020871,County Durham 056B,Anti-social behaviour,,
,2021-05,Durham Constabulary,Durham Constabulary,-1.681705,54.652360,On or near Wordsworth Avenue,E01020871,County Durham 056B,Anti-social behaviour,,
,2021-05,Durham Constabulary,Durham Constabulary,-1.679240,54.652516,On or near Bell Street,E01020871,County Durham 056B,Anti-social behaviour,,
,2021-05,Durham Constabulary,Durham Constabulary,-1.681440,54.650670,On or near Short Street,E01020871,County Durham 056B,Anti-social behaviour,,
,2021-05,Durham Constabulary,Durham Constabulary,-1.683173,54.652948,On or near Walmer Avenue,E01020871,County Durham 056B,Anti-social behaviour,,
,2021-05,Durham Constabulary,Durham Constabulary,-1.681705,54.652360,On or near Wordsworth Avenue,E01020871,County Durham 056B,Anti-social behaviour,,
,2021-05,Durham Constabulary,Durham Constabulary,-1.679296,54.653271,On or near Tivoli Place,E01020871,County Durham 056B,Anti-social behaviour,,
,2021-05,Durham Constabulary,Durham Constabulary,-1.679240,54.652516,On or near Bell Street,E01020871,County Durham 056B,Anti-social behaviour,,
,2021-05,Durham Constabulary,Durham Constabulary,-1.679557,54.651564,On or near Beaumont Street,E01020871,County Durham 056B,Anti-social behaviour,,
,2021-05,Durham Constabulary,Durham Constabulary,-1.679557,54.651564,On or near Beaumont Street,E01020871,County Durham 056B,Anti-social behaviour,,
,2021-05,Durham Constabulary,Durham Constabulary,-1.679296,54.653271,On or near Tivoli Place,E01020871,County Durham 056B,Anti-social behaviour,,
,2021-05,Durham Constabulary,Durham Constabulary,-1.679812,54.650729,On or near Percy Street,E01020871,County Durham 056B,Anti-social behaviour,,
,2021-05,Durham Constabulary,Durham Constabulary,-1.679296,54.653271,On or near Tivoli Place,E01020871,County Durham 056B,Anti-social behaviour,,
,2021-05,Durham Constabulary,Durham Constabulary,-1.682055,54.651247,On or near Helena Terrace,E01020871,County Durham 056B,Anti-social behaviour,,
,2021-05,Durham Constabulary,Durham Constabulary,-1.679296,54.653271,On or near Tivoli Place,E01020871,County Durham 056B,Anti-social behaviour,,
ed38779e04ae887b382c60a530ffbde90ca532424c7257742b6330995b050e08,2021-05,Durham Constabulary,Durham Constabulary,-1.678417,54.654670,On or near Raby Gardens,E01020871,County Durham 056B,Burglary,Investigation complete; no suspect identified,
8d7143db6e6045c9a09ce0ed95eda9799ab213fa56c34616d6a4fbebe5515a8d,2021-05,Durham Constabulary,Durham Constabulary,-1.678628,54.653404,On or near Brewer Street,E01020871,County Durham 056B,Burglary,Investigation complete; no suspect identified,
731218922cfeb418a80eed34ee4448607a0249cdbf618f9f82b1395747d62a95,2021-05,Durham Constabulary,Durham Constabulary,-1.682055,54.651247,On or near Helena Terrace,E01020871,County Durham 056B,Burglary,Investigation complete; no suspect identified,
4510aca409ac969e20ec88591f8c1f5d4b0d58e0116eac508aaac2528656bb20,2021-05,Durham Constabulary,Durham Constabulary,-1.678628,54.653404,On or near Brewer Street,E01020871,County Durham 056B,Criminal damage and arson,Investigation complete; no suspect identified,
dbdef3a416855f88eb9aeaddc63a2edace138d2cc2f645efbfeb4a5cb49e7d36,2021-05,Durham Constabulary,Durham Constabulary,-1.680049,54.652068,On or near Rutland Avenue,E01020871,County Durham 056B,Criminal damage and arson,Unable to prosecute suspect,
61fa6485ad2cb9b6fd0f4e585721b23424512d6d8fd0891bd5f272948e852e04,2021-05,Durham Constabulary,Durham Constabulary,-1.679296,54.653271,On or near Tivoli Place,E01020871,County Durham 056B,Criminal damage and arson,Investigation complete; no suspect identified,
c5699ef874009cbe245e9e9d456c19063c29f20e7c19273a9e7af446a7b9aece,2021-05,Durham Constabulary,Durham Constabulary,-1.678417,54.654670,On or near Raby Gardens,E01020871,County Durham 056B,Criminal damage and arson,Investigation complete; no suspect identified,
7b34246b6c93f6119b2c802a0b8f40826b3611e56303d81511aec4042736ec8d,2021-05,Durham Constabulary,Durham Constabulary,-1.679296,54.653271,On or near Tivoli Place,E01020871,County Durham 056B,Criminal damage and arson,Investigation complete; no suspect identified,
46869c77a44affda5543f410b03bdbefec1de6b99e933be0d73a1a934a394ef5,2021-05,Durham Constabulary,Durham Constabulary,-1.679238,54.654699,On or near Barnard Avenue,E01020871,County Durham 056B,Criminal damage and arson,Investigation complete; no suspect identified,
281ff151df77bd1b7b87b969afb9f7e443e9157e8c05bf0379aa3dc89d9c182e,2021-05,Durham Constabulary,Durham Constabulary,-1.679296,54.653271,On or near Tivoli Place,E01020871,County Durham 056B,Other theft,Unable to prosecute suspect,
c91d1cd5930fdfb6123937376b1737a33d79d6ad94a6a79c3ed358b41edefa66,2021-05,Durham Constabulary,Durham Constabulary,-1.680506,54.651081,On or near Arthur Terrace,E01020871,County Durham 056B,Public order,Unable to prosecute suspect,
3d7dd636c5f1b024a21e276129c9adc4ff469d4666841027a4f913cca6c343c2,2021-05,Durham Constabulary,Durham Constabulary,-1.679238,54.654699,On or near Barnard Avenue,E01020871,County Durham 056B,Vehicle crime,Investigation complete; no suspect identified,
7d885da1c37e1aa4318c56120b5be134acee2845ee202239560165b3b1c7d2c1,2021-05,Durham Constabulary,Durham Constabulary,-1.681440,54.650670,On or near Short Street,E01020871,County Durham 056B,Violence and sexual offences,Local resolution,
190cae7daaa735b24ebe0b778476bc602be0f8c8d74db705d046c88366646a61,2021-05,Durham Constabulary,Durham Constabulary,-1.681440,54.650670,On or near Short Street,E01020871,County Durham 056B,Violence and sexual offences,Unable to prosecute suspect,
186a6f1de1ebe6457a4750145bbd49c1b01356a4ef08a6475bddacc952e95911,2021-05,Durham Constabulary,Durham Constabulary,-1.680049,54.652068,On or near Rutland Avenue,E01020871,County Durham 056B,Violence and sexual offences,Unable to prosecute suspect,
,2021-05,Durham Constabulary,Durham Constabulary,-1.677641,54.660689,On or near Oxford Terrace,E01020872,County Durham 056C,Anti-social behaviour,,
,2021-05,Durham Constabulary,Durham Constabulary,-1.678871,54.659974,On or near Hutchinson Street,E01020872,County Durham 056C,Anti-social behaviour,,
,2021-05,Durham Constabulary,Durham Constabulary,-1.678753,54.661187,On or near Durham Street,E01020872,County Durham 056C,Anti-social behaviour,,
,2021-05,Durham Constabulary,Durham Constabulary,-1.678753,54.661187,On or near Durham Street,E01020872,County Durham 056C,Anti-social behaviour,,
,2021-05,Durham Constabulary,Durham Constabulary,-1.678753,54.661187,On or near Durham Street,E01020872,County Durham 056C,Anti-social behaviour,,
,2021-05,Durham Constabulary,Durham Constabulary,-1.679469,54.658897,On or near Wesley Grove,E01020872,County Durham 056C,Anti-social behaviour,,
27419cef0d0585533e2e2d3b13fc15cad45e884ed7747b274c5e56e65dbfccee,2021-05,Durham Constabulary,Durham Constabulary,-1.678753,54.661187,On or near Durham Street,E01020872,County Durham 056C,Burglary,Unable to prosecute suspect,
47a4430adde2b95d5f5c24d756025eeb39f083c6e3e10f48c757cb023d7a5e93,2021-05,Durham Constabulary,Durham Constabulary,-1.676755,54.660903,On or near East Parade,E01020872,County Durham 056C,Burglary,Investigation complete; no suspect identified,
d2dcff4521be7d75cda43f78449b2ae89f8b7c9bfd4b95a9dd98cdba086b5db1,2021-05,Durham Constabulary,Durham Constabulary,-1.679679,54.661737,On or near Prince'S Street,E01020872,County Durham 056C,Burglary,Unable to prosecute suspect,
01dc9bc800f0e9a05fbbc32ca4a6444b69cfbc1672ddfd5a5cff55863ebc57d5,2021-05,Durham Constabulary,Durham Constabulary,-1.677930,54.657464,On or near Parking Area,E01020872,County Durham 056C,Burglary,Investigation complete; no suspect identified,
c0303c9319fe567a00769039f0c57d84b33ed5f4021ed55bde7bcda5d9899bfe,2021-05,Durham Constabulary,Durham Constabulary,-1.680751,54.661399,On or near Braithwaite Street,E01020872,County Durham 056C,Criminal damage and arson,Investigation complete; no suspect identified,
35bb50a6917aca3a48e6bcbea05f2be5691ac3049950d70118adcbd26f5a9f54,2021-05,Durham Constabulary,Durham Constabulary,-1.679892,54.660246,On or near Windsor Court,E01020872,County Durham 056C,Criminal damage and arson,Investigation complete; no suspect identified,
8a5458f71a92ee6a50a639a638dcb4d5f28f78cc6e7bc820c5ecc61726d41c2c,2021-05,Durham Constabulary,Durham Constabulary,-1.679679,54.661737,On or near Prince'S Street,E01020872,County Durham 056C,Criminal damage and arson,Investigation complete; no suspect identified,
3a723a64cdbc7de3b0f8778d999e106955d74618538a59aa0f71294c43c891ce,2021-05,Durham Constabulary,Durham Constabulary,-1.679679,54.661737,On or near Prince'S Street,E01020872,County Durham 056C,Criminal damage and arson,Further investigation is not in the public interest,
69cffef32c67bcbb2c736ed5be791abeb498dc264a80fb7702bfdf063ca65ea5,2021-05,Durham Constabulary,Durham Constabulary,-1.679679,54.661737,On or near Prince'S Street,E01020872,County Durham 056C,Criminal damage and arson,Investigation complete; no suspect identified,
ad953bbceeb82acaf585c17849e6a2268a78c81905e1b670006594c6c2fc466d,2021-05,Durham Constabulary,Durham Constabulary,-1.679679,54.661737,On or near Prince'S Street,E01020872,County Durham 056C,Drugs,Formal action is not in the public interest,
e7452e0d9596d677a2e72d7c730240f1ed04ad04c6535ff259980716e57aab11,2021-05,Durham Constabulary,Durham Constabulary,-1.676755,54.660903,On or near East Parade,E01020872,County Durham 056C,Drugs,Local resolution,
63ec8b00d580df198b6a483149814f2a5a64ac8ab5fedb4eb23cbeb7dc3aaf2f,2021-05,Durham Constabulary,Durham Constabulary,-1.679679,54.661737,On or near Prince'S Street,E01020872,County Durham 056C,Drugs,Formal action is not in the public interest,
80fc4241377399675be2cfb29a79757beffe9f015ddffab00284afea637d0bd7,2021-05,Durham Constabulary,Durham Constabulary,-1.678541,54.660548,On or near Grey Street,E01020872,County Durham 056C,Other theft,Unable to prosecute suspect,
979a482ec987897c86a24c27a0e018cbcbe8c8f7007fa5047d5eb58b72a046a0,2021-05,Durham Constabulary,Durham Constabulary,-1.677930,54.657464,On or near Parking Area,E01020872,County Durham 056C,Other theft,Investigation complete; no suspect identified,
dc02bd200a7dc97da8bda238394ef9ce4a920af550c311cd04f75780c1ccd12b,2021-05,Durham Constabulary,Durham Constabulary,-1.680314,54.655817,On or near Hospital,E01020872,County Durham 056C,Other theft,Investigation complete; no suspect identified,
7475a0d6ad8ac00d47619503232ef872c0c61257284fd251a26dd8637347fcf1,2021-05,Durham Constabulary,Durham Constabulary,-1.677930,54.657464,On or near Parking Area,E01020872,County Durham 056C,Other theft,Investigation complete; no suspect identified,
e85ebeebb72df50e29a8a67ea7a1894ece14899917bbdfaeda73802546a983d0,2021-05,Durham Constabulary,Durham Constabulary,-1.677930,54.657464,On or near Parking Area,E01020872,County Durham 056C,Other theft,Investigation complete; no suspect identified,
ee71c3fc3d2c69b79c05f363e12c3c461187d9f1534eeba8b5ac379f5d7f80f1,2021-05,Durham Constabulary,Durham Constabulary,-1.677930,54.657464,On or near Parking Area,E01020872,County Durham 056C,Other theft,Investigation complete; no suspect identified,
4bf06ed269b869ab5223555ea733221f542b0f398a6c5f270320adaccd010490,2021-05,Durham Constabulary,Durham Constabulary,-1.676755,54.660903,On or near East Parade,E01020872,County Durham 056C,Public order,Unable to prosecute suspect,
9cfc667a10d95f5db1065ae80b99231edeaf0039117a66ea75ac57b5bdcafef4,2021-05,Durham Constabulary,Durham Constabulary,-1.677641,54.660689,On or near Oxford Terrace,E01020872,County Durham 056C,Public order,Unable to prosecute suspect,
51cc310b330d7aab7513e5417cb6298ddad01c13a9fccb7f302c06986f5185cc,2021-05,Durham Constabulary,Durham Constabulary,-1.676755,54.660903,On or near East Parade,E01020872,County Durham 056C,Robbery,Court result unavailable,
4358764e8b022ddb3e4eccc9fb0c3189a9a2293336cc5b7ff957518f4657b3d4,2021-05,Durham Constabulary,Durham Constabulary,-1.677930,54.657464,On or near Parking Area,E01020872,County Durham 056C,Shoplifting,Investigation complete; no suspect identified,
ad3c91fae672b025b949b474eb75e9d10e49ed1dc9d2968dabd39bbbdea4bdc1,2021-05,Durham Constabulary,Durham Constabulary,-1.679469,54.658897,On or near Wesley Grove,E01020872,County Durham 056C,Shoplifting,Investigation complete; no suspect identified,
27a6ad22d07734f7eba2659113b8e1ff157f19917c0d09805ee4b56b31c7e94c,2021-05,Durham Constabulary,Durham Constabulary,-1.679469,54.658897,On or near Wesley Grove,E01020872,County Durham 056C,Shoplifting,Investigation complete; no suspect identified,
edfc8c234436253f8391e72c9ab43cf9698333837ae1dcdf7bf7f21dff470667,2021-05,Durham Constabulary,Durham Constabulary,-1.677930,54.657464,On or near Parking Area,E01020872,County Durham 056C,Shoplifting,Investigation complete; no suspect identified,
af6e05f7a493b021901e99cf0209dd65def55b052d74a1260b112525aca22cf1,2021-05,Durham Constabulary,Durham Constabulary,-1.679469,54.658897,On or near Wesley Grove,E01020872,County Durham 056C,Shoplifting,Investigation complete; no suspect identified,
01b1d7982763ca6f71cf2c41dbdb91bea639ee34f821c5fdf1d7a4558f4ff0e8,2021-05,Durham Constabulary,Durham Constabulary,-1.679469,54.658897,On or near Wesley Grove,E01020872,County Durham 056C,Shoplifting,Investigation complete; no suspect identified,
e5fe62a2577df94198f16457ebcc1916182d9909a69880cfb201f135ac8d25b0,2021-05,Durham Constabulary,Durham Constabulary,-1.684387,54.660258,On or near Etherley Lane,E01020872,County Durham 056C,Vehicle crime,Investigation complete; no suspect identified,
622d0784409aba88c87e65ce30555498f5d10eacc190d06a1155db1b834449cb,2021-05,Durham Constabulary,Durham Constabulary,-1.682792,54.654062,On or near Blair Grove,E01020872,County Durham 056C,Vehicle crime,Investigation complete; no suspect identified,
1a1e8aff6153fd14040ce1fabe4c9cbd138cd765980ac9ce9be12e3938f22bf0,2021-05,Durham Constabulary,Durham Constabulary,-1.682792,54.654062,On or near Blair Grove,E01020872,County Durham 056C,Vehicle crime,Investigation complete; no suspect identified,
c732d8e7442ee685579dd30618478058800e2efd4ea910d8fdeecf32c2cae79a,2021-05,Durham Constabulary,Durham Constabulary,-1.676755,54.660903,On or near East Parade,E01020872,County Durham 056C,Violence and sexual offences,Unable to prosecute suspect,
cee9bb256712b5dc03f3c10ea993691010e3a61c087eea98188898ae35c50371,2021-05,Durham Constabulary,Durham Constabulary,-1.683645,54.658000,On or near The Copse,E01020872,County Durham 056C,Violence and sexual offences,Investigation complete; no suspect identified,
2e9fdfa0f540603af62370cd22931beca6176194d95b7f1ebbab8f54a5d0d557,2021-05,Durham Constabulary,Durham Constabulary,-1.680751,54.661399,On or near Braithwaite Street,E01020872,County Durham 056C,Violence and sexual offences,Local resolution,
6709cde486e25c1e6e0918208b43198c5a902742e6aca715ca0733fd5d11f04e,2021-05,Durham Constabulary,Durham Constabulary,-1.677641,54.660689,On or near Oxford Terrace,E01020872,County Durham 056C,Violence and sexual offences,Unable to prosecute suspect,
249b6d7ab04ba90ee89da467d3751ffd68b0d8046625c145baf1f123692b516f,2021-05,Durham Constabulary,Durham Constabulary,-1.678753,54.661187,On or near Durham Street,E01020872,County Durham 056C,Violence and sexual offences,Unable to prosecute suspect,
88a286150a69953fa5351b5cc9d096815c262b0b60a526b45e562c4acfebd252,2021-05,Durham Constabulary,Durham Constabulary,-1.677641,54.660689,On or near Oxford Terrace,E01020872,County Durham 056C,Other crime,Court result unavailable,
,2021-05,Durham Constabulary,Durham Constabulary,-1.702309,54.653590,On or near Carisbrooke Crescent,E01020883,County Durham 056D,Anti-social behaviour,,
,2021-05,Durham Constabulary,Durham Constabulary,-1.702558,54.649304,On or near Rockingham Drive,E01020883,County Durham 056D,Anti-social behaviour,,
,2021-05,Durham Constabulary,Durham Constabulary,-1.704680,54.653686,On or near Tamworth Close,E01020883,County Durham 056D,Anti-social behaviour,,
,2021-05,Durham Constabulary,Durham Constabulary,-1.705504,54.655440,On or near B6282,E01020883,County Durham 056D,Anti-social behaviour,,
,2021-05,Durham Constabulary,Durham Constabulary,-1.698779,54.655217,On or near Larkspur Court,E01020883,County Durham 056D,Anti-social behaviour,,
,2021-05,Durham Constabulary,Durham Constabulary,-1.702309,54.653590,On or near Carisbrooke Crescent,E01020883,County Durham 056D,Anti-social behaviour,,
a2a5a6946830f70e75ad6688a3f5c8eaef4949a9d63d5665b7f856f030b766f8,2021-05,Durham Constabulary,Durham Constabulary,-1.700102,54.654456,On or near Woodhouse Lane,E01020883,County Durham 056D,Criminal damage and arson,Unable to prosecute suspect,
2267d2e69df398bd0eef2db0db35346a9c9dcd5475fb210a9debbdb8551f4fc4,2021-05,Durham Constabulary,Durham Constabulary,-1.703374,54.654195,On or near Stirling Close,E01020883,County Durham 056D,Shoplifting,Unable to prosecute suspect,
,2021-05,Durham Constabulary,Durham Constabulary,-1.676535,54.653488,On or near James Street,E01020886,County Durham 056E,Anti-social behaviour,,
,2021-05,Durham Constabulary,Durham Constabulary,-1.674833,54.655155,On or near Cradock Street,E01020886,County Durham 056E,Anti-social behaviour,,
,2021-05,Durham Constabulary,Durham Constabulary,-1.675837,54.655589,On or near Linden Road,E01020886,County Durham 056E,Anti-social behaviour,,
,2021-05,Durham Constabulary,Durham Constabulary,-1.676146,54.653739,On or near Fleet Street,E01020886,County Durham 056E,Anti-social behaviour,,
,2021-05,Durham Constabulary,Durham Constabulary,-1.676535,54.653488,On or near James Street,E01020886,County Durham 056E,Anti-social behaviour,,
,2021-05,Durham Constabulary,Durham Constabulary,-1.674659,54.655604,On or near Elm Terrace,E01020886,County Durham 056E,Anti-social behaviour,,
,2021-05,Durham Constabulary,Durham Constabulary,-1.675246,54.655785,On or near Beech Road,E01020886,County Durham 056E,Anti-social behaviour,,
8269b7db8bec3b0ecd7ffbd8fbfac0d9478ef3153029fc432db613446dba0a94,2021-05,Durham Constabulary,Durham Constabulary,-1.676535,54.653488,On or near James Street,E01020886,County Durham 056E,Criminal damage and arson,Investigation complete; no suspect identified,
cf07a55d23fc762598a62b57752151780b312e97f58efee2206bf9fede76159c,2021-05,Durham Constabulary,Durham Constabulary,-1.676146,54.653739,On or near Fleet Street,E01020886,County Durham 056E,Criminal damage and arson,Investigation complete; no suspect identified,
7ec9e83b66ef11b19358b0309dae00f5b94ab526c1863a48bde3e6036402b986,2021-05,Durham Constabulary,Durham Constabulary,-1.675837,54.655589,On or near Linden Road,E01020886,County Durham 056E,Criminal damage and arson,Unable to prosecute suspect,
0941ec968423c263d4d460713d83b495b429ae16a48670c263a1fbcda5454ee9,2021-05,Durham Constabulary,Durham Constabulary,-1.674018,54.656213,On or near Cedar Road,E01020886,County Durham 056E,Criminal damage and arson,Investigation complete; no suspect identified,
93051cc1b2fc0ba00cc3b5bc4312e7c72035ce478d0855ccdeca64a806b496e9,2021-05,Durham Constabulary,Durham Constabulary,-1.675837,54.655589,On or near Linden Road,E01020886,County Durham 056E,Criminal damage and arson,Offender given a caution,
475885b87665194405c3447663c77c75be6ba17459a122666d4aa133ead4d70b,2021-05,Durham Constabulary,Durham Constabulary,-1.676693,54.657020,On or near Newgate Street,E01020886,County Durham 056E,Possession of weapons,Court result unavailable,
588ffb90979c7a95720ef319c08b9291e894c362a2c12debd38879a51997ad36,2021-05,Durham Constabulary,Durham Constabulary,-1.673432,54.655906,On or near Hawthorn Road,E01020886,County Durham 056E,Public order,Local resolution,
4db04b881d96f02cebc7bffe4e2893852c3d474d5ab54f5784585b982c0c7796,2021-05,Durham Constabulary,Durham Constabulary,-1.677081,54.653112,On or near Alderson Street,E01020886,County Durham 056E,Public order,Offender given a caution,
fb2db253fbf7e5e0f41d12969482a5d1bcd789f661781ff42e89b13c8ffcdf8c,2021-05,Durham Constabulary,Durham Constabulary,-1.674018,54.656213,On or near Cedar Road,E01020886,County Durham 056E,Public order,Unable to prosecute suspect,
58a1c57ce6fcb4eb81111efaf58cd5190f1002310baa41de2d98c433057b2b0c,2021-05,Durham Constabulary,Durham Constabulary,-1.676870,54.654253,On or near Oaklea Terrace,E01020886,County Durham 056E,Vehicle crime,Investigation complete; no suspect identified,
45d74abf63ce430d96820bbeb98300d95993290c65b3de1e1ff430395490eacb,2021-05,Durham Constabulary,Durham Constabulary,-1.674659,54.655604,On or near Elm Terrace,E01020886,County Durham 056E,Vehicle crime,Investigation complete; no suspect identified,
8e9086205a970a09f9919dbe20afb9911d445c886c38a67be79fd0c8577a670c,2021-05,Durham Constabulary,Durham Constabulary,-1.675837,54.655589,On or near Linden Road,E01020886,County Durham 056E,Violence and sexual offences,Unable to prosecute suspect,
6e623337036066d5d8806cc0d22e987ffbe9e7ac94d85ebc76b849a1f8affa92,2021-05,Durham Constabulary,Durham Constabulary,-1.675837,54.655589,On or near Linden Road,E01020886,County Durham 056E,Violence and sexual offences,Unable to prosecute suspect,
,2021-05,Durham Constabulary,Durham Constabulary,-1.734388,54.666093,On or near High Queen Street,E01020882,County Durham 057A,Anti-social behaviour,,
,2021-05,Durham Constabulary,Durham Constabulary,-1.730297,54.663532,On or near St Pauls Gardens,E01020882,County Durham 057A,Anti-social behaviour,,
,2021-05,Durham Constabulary,Durham Constabulary,-1.708041,54.647538,On or near Greenfields Road,E01020882,County Durham 057A,Anti-social behaviour,,
fe78a8e0465efd3d4200d177185b0b461539142230c7133a0cd07a4968eccaf6,2021-05,Durham Constabulary,Durham Constabulary,-1.734388,54.666093,On or near High Queen Street,E01020882,County Durham 057A,Criminal damage and arson,Unable to prosecute suspect,
0f83bf69f8cce56e385d94c36b5c2a88e65842032f3ccc8d60723c7de5f22f10,2021-05,Durham Constabulary,Durham Constabulary,-1.707386,54.665348,On or near Bede Close,E01020882,County Durham 057A,Drugs,Unable to prosecute suspect,
8d57447e86f1c9015c4d443e22b43be03e79136accc85e95213163193caa9d47,2021-05,Durham Constabulary,Durham Constabulary,-1.734388,54.666093,On or near High Queen Street,E01020882,County Durham 057A,Public order,Unable to prosecute suspect,
079c7c558500c9a48dbf273eff06bd6e3f2d178b96d64e5fb5cb6cd6175b9a07,2021-05,Durham Constabulary,Durham Constabulary,-1.734388,54.666093,On or near High Queen Street,E01020882,County Durham 057A,Violence and sexual offences,Unable to prosecute suspect,
718b927f45da7f836cb608e2f0c2267a036dc4c606e701aed7f53a758f913366,2021-05,Durham Constabulary,Durham Constabulary,-1.713284,54.660024,On or near Hallimond Road,E01020882,County Durham 057A,Violence and sexual offences,Unable to prosecute suspect,
5ec9cb41c408c0b858b9c80cfd9becd44ca3c05ef2689edd0242d26bed73b454,2021-05,Durham Constabulary,Durham Constabulary,-1.735315,54.664289,On or near Park Road,E01020882,County Durham 057A,Violence and sexual offences,Unable to prosecute suspect,
61914698fdba7da0492471c5168cf7485881031278816d05eb1dbe7b41cc0c94,2021-05,Durham Constabulary,Durham Constabulary,-1.717064,54.660347,On or near Three Lane Ends,E01020882,County Durham 057A,Other crime,Awaiting court outcome,
,2021-05,Durham Constabulary,Durham Constabulary,-1.693373,54.687735,On or near Railway Terrace,E01020888,County Durham 057B,Anti-social behaviour,,
,2021-05,Durham Constabulary,Durham Constabulary,-1.708785,54.692994,On or near Helmington Square,E01020888,County Durham 057B,Anti-social behaviour,,
,2021-05,Durham Constabulary,Durham Constabulary,-1.708785,54.692994,On or near Helmington Square,E01020888,County Durham 057B,Anti-social behaviour,,
,2021-05,Durham Constabulary,Durham Constabulary,-1.710367,54.693124,On or near Chapel Street,E01020888,County Durham 057B,Anti-social behaviour,,
,2021-05,Durham Constabulary,Durham Constabulary,-1.706837,54.692181,On or near West View,E01020888,County Durham 057B,Anti-social behaviour,,
,2021-05,Durham Constabulary,Durham Constabulary,-1.710367,54.693124,On or near Chapel Street,E01020888,County Durham 057B,Anti-social behaviour,,
338d7710656d22efe7ff01f6ac009eed2c4012fbe0170a4ef976c56753033af0,2021-05,Durham Constabulary,Durham Constabulary,-1.693373,54.687735,On or near Railway Terrace,E01020888,County Durham 057B,Public order,Court result unavailable,
1124e3b2015591b017b9d49187a015ad384aa89623038db623072e29c240a9bf,2021-05,Durham Constabulary,Durham Constabulary,-1.709166,54.685303,On or near Holme Dene,E01020888,County Durham 057B,Violence and sexual offences,Investigation complete; no suspect identified,
37050a2877a220788946dc7469fd10ef22f51c2fe725dd95021242271cd30ddf,2021-05,Durham Constabulary,Durham Constabulary,-1.706837,54.692181,On or near West View,E01020888,County Durham 057B,Violence and sexual offences,Unable to prosecute suspect,
,2021-05,Durham Constabulary,Durham Constabulary,-1.718709,54.633157,On or near Station Road,E01020895,County Durham 057C,Anti-social behaviour,,
,2021-05,Durham Constabulary,Durham Constabulary,-1.718709,54.633157,On or near Station Road,E01020895,County Durham 057C,Anti-social behaviour,,
,2021-05,Durham Constabulary,Durham Constabulary,-1.724881,54.632246,On or near Eden Grove,E01020895,County Durham 057C,Anti-social behaviour,,
,2021-05,Durham Constabulary,Durham Constabulary,-1.720516,54.631670,On or near A68,E01020895,County Durham 057C,Anti-social behaviour,,
,2021-05,Durham Constabulary,Durham Constabulary,-1.718709,54.633157,On or near Station Road,E01020895,County Durham 057C,Anti-social behaviour,,
,2021-05,Durham Constabulary,Durham Constabulary,-1.720516,54.631670,On or near A68,E01020895,County Durham 057C,Anti-social behaviour,,
,2021-05,Durham Constabulary,Durham Constabulary,-1.718709,54.633157,On or near Station Road,E01020895,County Durham 057C,Anti-social behaviour,,
,2021-05,Durham Constabulary,Durham Constabulary,-1.718709,54.633157,On or near Station Road,E01020895,County Durham 057C,Anti-social behaviour,,
,2021-05,Durham Constabulary,Durham Constabulary,-1.720516,54.631670,On or near A68,E01020895,County Durham 057C,Anti-social behaviour,,
,2021-05,Durham Constabulary,Durham Constabulary,-1.719621,54.633429,On or near Station View,E01020895,County Durham 057C,Anti-social behaviour,,
,2021-05,Durham Constabulary,Durham Constabulary,-1.722068,54.631296,On or near Front Street,E01020895,County Durham 057C,Anti-social behaviour,,
,2021-05,Durham Constabulary,Durham Constabulary,-1.718709,54.633157,On or near Station Road,E01020895,County Durham 057C,Anti-social behaviour,,
9a5bd87d1b86eb682f08d460a093486dd873a97a06fbb64dbf6c07eb1bd3e660,2021-05,Durham Constabulary,Durham Constabulary,-1.719560,54.631048,On or near Chapel Street,E01020895,County Durham 057C,Criminal damage and arson,Unable to prosecute suspect,
90c060e582289a57e1da47abc97ebae9ca1507245a2093ea4b0f7d9add8d2895,2021-05,Durham Constabulary,Durham Constabulary,-1.724881,54.632246,On or near Eden Grove,E01020895,County Durham 057C,Criminal damage and arson,Investigation complete; no suspect identified,
a71c768d7904e281a416455bee3bf11ae08403b08ac27bb3972c59b981df4c27,2021-05,Durham Constabulary,Durham Constabulary,-1.722406,54.631701,On or near Staindrop Road,E01020895,County Durham 057C,Criminal damage and arson,Investigation complete; no suspect identified,
4034dd0c8c4a3a093c34c970ecee78afe5b312df6c884bf280bb8e083b6533a9,2021-05,Durham Constabulary,Durham Constabulary,-1.722406,54.631701,On or near Staindrop Road,E01020895,County Durham 057C,Criminal damage and arson,Investigation complete; no suspect identified,
283eb021ac324d4161e801b32f481163b82d83c64d01c4fa2973119a70294546,2021-05,Durham Constabulary,Durham Constabulary,-1.718709,54.633157,On or near Station Road,E01020895,County Durham 057C,Drugs,Formal action is not in the public interest,
f4816be773917f7ae290f66310cbee480c1af94456371c9166ba793f370e6566,2021-05,Durham Constabulary,Durham Constabulary,-1.715603,54.632027,On or near Oakley Green,E01020895,County Durham 057C,Public order,Investigation complete; no suspect identified,
b6126d2193dd6a1b93e8e54d84fc211497f6dad50c5dabaa9d9f40b67ddc66f6,2021-05,Durham Constabulary,Durham Constabulary,-1.712614,54.634069,On or near Bainbridge Court,E01020895,County Durham 057C,Public order,Unable to prosecute suspect,
02d5e8d6204f5614b23fd060657697a61198d01d7c2174fc1bcef69318db8dc1,2021-05,Durham Constabulary,Durham Constabulary,-1.717531,54.633281,On or near Arnold Street,E01020895,County Durham 057C,Public order,Unable to prosecute suspect,
e1a2e141da87f89dc056567c264b7a283a1ec19868ae794c9b207e55af2959d4,2021-05,Durham Constabulary,Durham Constabulary,-1.718709,54.633157,On or near Station Road,E01020895,County Durham 057C,Shoplifting,Court result unavailable,
b0c5bf0b331966a12c740b4a3fd915ad7e5d0efca935409142e3c7cfd6ee9878,2021-05,Durham Constabulary,Durham Constabulary,-1.715603,54.632027,On or near Oakley Green,E01020895,County Durham 057C,Vehicle crime,Investigation complete; no suspect identified,
5dbca4434c5745c3480397e4bf9fd107cc588f1ed255d1d90ba7b3b3c699dd29,2021-05,Durham Constabulary,Durham Constabulary,-1.713754,54.635033,On or near South View,E01020895,County Durham 057C,Violence and sexual offences,Unable to prosecute suspect,
9cd348ce575f27349a0260e224a51e26f3e5f75a18255c42759e875ae96ceece,2021-05,Durham Constabulary,Durham Constabulary,-1.714574,54.633004,On or near Sycamore Grove,E01020895,County Durham 057C,Violence and sexual offences,Investigation complete; no suspect identified,
092553249072253164772b3fc73e36d727c73f5651c9bd525544700f23041c50,2021-05,Durham Constabulary,Durham Constabulary,-1.720327,54.629818,On or near Oakley Manor,E01020895,County Durham 057C,Violence and sexual offences,Investigation complete; no suspect identified,
192357d65d48766ff7b1887b42b8f0cd701be222e0b0c792969ae6a537cfa097,2021-05,Durham Constabulary,Durham Constabulary,-1.719560,54.631048,On or near Chapel Street,E01020895,County Durham 057C,Violence and sexual offences,Unable to prosecute suspect,
f5b8465a87919588b079c58e83590684a05401affe56cb800834c428301d2009,2021-05,Durham Constabulary,Durham Constabulary,-1.719560,54.631048,On or near Chapel Street,E01020895,County Durham 057C,Violence and sexual offences,Unable to prosecute suspect,
d519865d3b2f316cd29c8610b40b9c1bfdd546f279cdf081e09c592e91053c56,2021-05,Durham Constabulary,Durham Constabulary,-1.717531,54.633281,On or near Arnold Street,E01020895,County Durham 057C,Violence and sexual offences,Unable to prosecute suspect,
81f3af86dba0c90927fa3d245b7a7636e81a0159f1945b4f580799b50fa38d42,2021-05,Durham Constabulary,Durham Constabulary,-1.717531,54.633281,On or near Arnold Street,E01020895,County Durham 057C,Violence and sexual offences,Unable to prosecute suspect,
0ef1badaafb3ff266eba1e81d1ea728acb80140aabae5f1f72cef5c9ba95e85e,2021-05,Durham Constabulary,Durham Constabulary,-1.713754,54.635033,On or near South View,E01020895,County Durham 057C,Violence and sexual offences,Unable to prosecute suspect,
809a15ca81ae2a0a2d44c7a6da3e58ab0efa3d6730466cd140894c50b9855113,2021-05,Durham Constabulary,Durham Constabulary,-1.718709,54.633157,On or near Station Road,E01020895,County Durham 057C,Other crime,Investigation complete; no suspect identified,
,2021-05,Durham Constabulary,Durham Constabulary,-1.727648,54.628397,On or near Robson Road,E01020896,County Durham 057D,Anti-social behaviour,,
38843a9c5afdd3b78bd606936a86a2db5f7febc912ac690d6d5c22ab7a86ddf0,2021-05,Durham Constabulary,Durham Constabulary,-1.731655,54.629116,On or near Copeland Lane,E01020896,County Durham 057D,Criminal damage and arson,Investigation complete; no suspect identified,
7de1afd984afeb45abecc8c9d8fc1683f80b4a2da705ce482e619dfe0a2ced01,2021-05,Durham Constabulary,Durham Constabulary,-1.725254,54.629722,On or near Staindrop Road,E01020896,County Durham 057D,Violence and sexual offences,Unable to prosecute suspect,
,2021-05,Durham Constabulary,Durham Constabulary,-1.717502,54.637360,On or near Boyden Close,E01020897,County Durham 057E,Anti-social behaviour,,
,2021-05,Durham Constabulary,Durham Constabulary,-1.701887,54.639354,On or near Primrose Gardens,E01020897,County Durham 057E,Anti-social behaviour,,
,2021-05,Durham Constabulary,Durham Constabulary,-1.701887,54.639354,On or near Primrose Gardens,E01020897,County Durham 057E,Anti-social behaviour,,
,2021-05,Durham Constabulary,Durham Constabulary,-1.686189,54.637616,On or near West Auckland Road,E01020897,County Durham 057E,Anti-social behaviour,,
,2021-05,Durham Constabulary,Durham Constabulary,-1.716188,54.634751,On or near Station Road,E01020897,County Durham 057E,Anti-social behaviour,,
,2021-05,Durham Constabulary,Durham Constabulary,-1.701887,54.639354,On or near Primrose Gardens,E01020897,County Durham 057E,Anti-social behaviour,,
,2021-05,Durham Constabulary,Durham Constabulary,-1.701887,54.639354,On or near Primrose Gardens,E01020897,County Durham 057E,Anti-social behaviour,,
,2021-05,Durham Constabulary,Durham Constabulary,-1.701887,54.639354,On or near Primrose Gardens,E01020897,County Durham 057E,Anti-social behaviour,,
,2021-05,Durham Constabulary,Durham Constabulary,-1.700653,54.638488,On or near Musgrave Street,E01020897,County Durham 057E,Anti-social behaviour,,
739381aa1338f8bd1106162bc877a2905787c93a18deb053d9632b00146b3c54,2021-05,Durham Constabulary,Durham Constabulary,-1.716188,54.634751,On or near Station Road,E01020897,County Durham 057E,Burglary,Investigation complete; no suspect identified,
9576cbab1310d3bd56bd0bd86a9dee8e0fc01e90a1113de51c0584199c4eba92,2021-05,Durham Constabulary,Durham Constabulary,-1.686189,54.637616,On or near West Auckland Road,E01020897,County Durham 057E,Criminal damage and arson,Local resolution,
48187aa18549f57490d65a9e6b7563cb6e70062b0e906f475b3848d0461fa14a,2021-05,Durham Constabulary,Durham Constabulary,-1.686189,54.637616,On or near West Auckland Road,E01020897,County Durham 057E,Other theft,Unable to prosecute suspect,
9501468fbf17821f7797e143e7e136aa5f3818990466182dc33e1837fda8513a,2021-05,Durham Constabulary,Durham Constabulary,-1.701887,54.639354,On or near Primrose Gardens,E01020897,County Durham 057E,Other theft,Court result unavailable,
709f3745eccf91b9e5f06b040e82644682f5ec79ad591edf61e03bb1339812f8,2021-05,Durham Constabulary,Durham Constabulary,-1.705121,54.635570,On or near Warner Avenue,E01020897,County Durham 057E,Public order,Unable to prosecute suspect,
063dd6209f03000d944e680988caf175b544599836f9e1d7e5b91bbfebcd9d45,2021-05,Durham Constabulary,Durham Constabulary,-1.714010,54.636139,On or near Tintern Road,E01020897,County Durham 057E,Public order,Unable to prosecute suspect,
f7bd272e995c1c01d51aaff629755c0245aaca93973c795a09ae3a75d874aebe,2021-05,Durham Constabulary,Durham Constabulary,-1.700653,54.638488,On or near Musgrave Street,E01020897,County Durham 057E,Shoplifting,Investigation complete; no suspect identified,
a2c11311df620adc6949dc46933ff31b57c244a06f545f7e0ac929b818e32143,2021-05,Durham Constabulary,Durham Constabulary,-1.701887,54.639354,On or near Primrose Gardens,E01020897,County Durham 057E,Shoplifting,Investigation complete; no suspect identified,
0c26cccf20650eb1e5e09aabb3facd348d99c8a132a3006e4b86648b48ea5fd6,2021-05,Durham Constabulary,Durham Constabulary,-1.701887,54.639354,On or near Primrose Gardens,E01020897,County Durham 057E,Shoplifting,Investigation complete; no suspect identified,
e42ba96997fc98a4fa32aa81ee7329e1b9f2a9ee4dc4ce9d8fa233e13ff18004,2021-05,Durham Constabulary,Durham Constabulary,-1.701887,54.639354,On or near Primrose Gardens,E01020897,County Durham 057E,Shoplifting,Investigation complete; no suspect identified,
edca7665e1e10bbddfd5f78fd3eddd638bee4f54c63dbb915c9973d93281d321,2021-05,Durham Constabulary,Durham Constabulary,-1.701887,54.639354,On or near Primrose Gardens,E01020897,County Durham 057E,Shoplifting,Investigation complete; no suspect identified,
6852c6c83c22eeec573c7a449b5e3ec9770c4886d737e4b98894a35b0219f549,2021-05,Durham Constabulary,Durham Constabulary,-1.700653,54.638488,On or near Musgrave Street,E01020897,County Durham 057E,Shoplifting,Investigation complete; no suspect identified,
2fc136e8bf7f57c8293c98e8ae035a091e87dcd19cb18dfe2f65ee0beb473ac4,2021-05,Durham Constabulary,Durham Constabulary,-1.711992,54.636718,On or near Melrose Drive,E01020897,County Durham 057E,Violence and sexual offences,Unable to prosecute suspect,
824952eb1bc21b6ca94e8bee9ffbfdd8c64b64f3679fa5c59503525c05ab4d0b,2021-05,Durham Constabulary,Durham Constabulary,-1.705121,54.635570,On or near Warner Avenue,E01020897,County Durham 057E,Violence and sexual offences,Unable to prosecute suspect,
1d14dcafb01a229d26e02fb820387b93ca93100ab305ea956e4fb64ad07d506e,2021-05,Durham Constabulary,Durham Constabulary,-1.717502,54.637360,On or near Boyden Close,E01020897,County Durham 057E,Violence and sexual offences,Unable to prosecute suspect,
22e85234e58c2db04cb8bd3af09d7237f9b37aa24b91b3a129364920ebfbf28b,2021-05,Durham Constabulary,Durham Constabulary,-1.705121,54.635570,On or near Warner Avenue,E01020897,County Durham 057E,Violence and sexual offences,Unable to prosecute suspect,
02343c0fbc8f3629ed5286e97286af59e442a327d7362bb2529ee4eeb43c53aa,2021-05,Durham Constabulary,Durham Constabulary,-1.706152,54.638645,On or near Blythe Avenue,E01020897,County Durham 057E,Violence and sexual offences,Unable to prosecute suspect,
a7742e03fb4356e5619f328a19b1977fcf334d72d79ffbf0583309954eb6be53,2021-05,Durham Constabulary,Durham Constabulary,-1.718088,54.637748,On or near Bishops Court,E01020897,County Durham 057E,Violence and sexual offences,Investigation complete; no suspect identified,
a2232f15361d8ff50d6d1c030ea61f8e8c1fd5f6b31b1d809f9b1e4b184a2001,2021-05,Durham Constabulary,Durham Constabulary,-1.701887,54.639354,On or near Primrose Gardens,E01020897,County Durham 057E,Violence and sexual offences,Investigation complete; no suspect identified,
cfbf4d1c219e83de0bcef76942d1ebf7cb1d218318a977483dd5358cb643bb4a,2021-05,Durham Constabulary,Durham Constabulary,-1.705282,54.634752,On or near Elliott Way,E01020897,County Durham 057E,Violence and sexual offences,Unable to prosecute suspect,
c0292a86af21494b75a6b9ca61830dd5a8a1e30f7b05478d6742e605fea70298,2021-05,Durham Constabulary,Durham Constabulary,-1.686189,54.637616,On or near West Auckland Road,E01020897,County Durham 057E,Violence and sexual offences,Unable to prosecute suspect,
46643c04ed4f4f5c6ac2f0bdd45ede3d7396e6f334501090fed416bc2c498267,2021-05,Durham Constabulary,Durham Constabulary,-1.709554,54.637467,On or near Maben Avenue,E01020897,County Durham 057E,Violence and sexual offences,Status update unavailable,
28d3d03c27495b2182b803e29102bda0798a9ae67d0b039891ccbff012ef36dc,2021-05,Durham Constabulary,Durham Constabulary,-1.717564,54.635249,On or near Northbridge Park,E01020897,County Durham 057E,Violence and sexual offences,Unable to prosecute suspect,
73391343ba8b365eeaca60bd3b8ba088dcb4a0a908c1532420f27a24fbd4bc36,2021-05,Durham Constabulary,Durham Constabulary,-1.718088,54.637748,On or near Bishops Court,E01020897,County Durham 057E,Violence and sexual offences,Investigation complete; no suspect identified,
0f87a9bee740a5e7bbc5bc9ef34120f61fffdc0d4aad637b9eaee8f1e53f4838,2021-05,Durham Constabulary,Durham Constabulary,-1.717502,54.637360,On or near Boyden Close,E01020897,County Durham 057E,Violence and sexual offences,Unable to prosecute suspect,
3c53e62668e3b2b23826a86c4f62e59cb64115868e9e73a08ee89248468fd449,2021-05,Durham Constabulary,Durham Constabulary,-1.714508,54.635754,On or near Byland Close,E01020897,County Durham 057E,Violence and sexual offences,Investigation complete; no suspect identified,
42762ca7dda7be633057cc8b222dfa4c4a0e7fb957825a137fa7b46519708217,2021-05,Durham Constabulary,Durham Constabulary,-1.711992,54.636718,On or near Melrose Drive,E01020897,County Durham 057E,Violence and sexual offences,Unable to prosecute suspect,
53b3a5666cd8eb1a85f698577c644a8d29f4c8eecd3f02a9d55a5e2c2788f9f3,2021-05,Durham Constabulary,Durham Constabulary,-1.714010,54.636139,On or near Tintern Road,E01020897,County Durham 057E,Other crime,Unable to prosecute suspect,
f97d5c8284568843be1d9620c0012ef36a03815e269c6e141ad0999a9e223dbc,2021-05,Durham Constabulary,Durham Constabulary,-1.686189,54.637616,On or near West Auckland Road,E01020897,County Durham 057E,Other crime,Unable to prosecute suspect,
,2021-05,Durham Constabulary,Durham Constabulary,-1.676858,54.646066,On or near Aldhun Close,E01020884,County Durham 058A,Anti-social behaviour,,
22e6082e34a30a0e16a1427696151fedf458d03020b35cc998d8299c43ea8997,2021-05,Durham Constabulary,Durham Constabulary,-1.674554,54.647291,On or near Sports/Recreation Area,E01020884,County Durham 058A,Criminal damage and arson,Unable to prosecute suspect,
cf16d457165341adf588bf9cc4126b91adfb4d434923e9dcfbc9ee8967edbf4b,2021-05,Durham Constabulary,Durham Constabulary,-1.677822,54.653420,On or near Cockton Hill Road,E01020884,County Durham 058A,Criminal damage and arson,Investigation complete; no suspect identified,
73190c166742a2a026bb3008e2b0ed41fb3902e6f0a85f1f911e06a4fd468739,2021-05,Durham Constabulary,Durham Constabulary,-1.678338,54.650968,On or near Morland Street,E01020884,County Durham 058A,Criminal damage and arson,Investigation complete; no suspect identified,
31219a0038f8b24e521c7dae1fb666f8b975dac61072a78291160e7c2b7b11c5,2021-05,Durham Constabulary,Durham Constabulary,-1.676743,54.654702,On or near Waddington Street,E01020884,County Durham 058A,Criminal damage and arson,Investigation complete; no suspect identified,
456292f280f7d9d74eb59586d81e1056831e4ec9a9f26177ee4a6d86683f3445,2021-05,Durham Constabulary,Durham Constabulary,-1.677822,54.653420,On or near Cockton Hill Road,E01020884,County Durham 058A,Drugs,Formal action is not in the public interest,
1f1286e3d3d6c8b1dfa374ed9f8a1f884329f2b720a105beab0952fb1a0aef27,2021-05,Durham Constabulary,Durham Constabulary,-1.677822,54.653420,On or near Cockton Hill Road,E01020884,County Durham 058A,Other theft,Investigation complete; no suspect identified,
d9c55640e3eb69bd3102170510d3fde21d869093dfe8378918b9c0b9be9e0a4f,2021-05,Durham Constabulary,Durham Constabulary,-1.677822,54.653420,On or near Cockton Hill Road,E01020884,County Durham 058A,Public order,Investigation complete; no suspect identified,
d20ede2b0cb18ec8d933408d68cc62457ca825b07f2582a0282433a9a9d04a3c,2021-05,Durham Constabulary,Durham Constabulary,-1.677930,54.649610,On or near Clifford Avenue,E01020884,County Durham 058A,Public order,Unable to prosecute suspect,
2cf0548604ec641362ac3a2d10976097e13eae06ca51213535ab34e391a63d49,2021-05,Durham Constabulary,Durham Constabulary,-1.678512,54.650510,On or near Petrol Station,E01020884,County Durham 058A,Shoplifting,Investigation complete; no suspect identified,
5b3c396a0477e28149b504ba3f7fb04778f717f57c8a6312e6d370073bf39e09,2021-05,Durham Constabulary,Durham Constabulary,-1.677822,54.653420,On or near Cockton Hill Road,E01020884,County Durham 058A,Shoplifting,Investigation complete; no suspect identified,
00c674ccb6dd0303529e404d48eb08859ada5a7a069365fcf1c7f277be24e256,2021-05,Durham Constabulary,Durham Constabulary,-1.674554,54.647291,On or near Sports/Recreation Area,E01020884,County Durham 058A,Theft from the person,Unable to prosecute suspect,
77cdbcc8fe3c1dd9ac3ff4e3ed68684029d09b73b8ea0cab8b8d25738eafbfcb,2021-05,Durham Constabulary,Durham Constabulary,-1.676743,54.654702,On or near Waddington Street,E01020884,County Durham 058A,Theft from the person,Investigation complete; no suspect identified,
3bb3ed3eb2ac6fe5cec24b4dda31a72b8bc0d08fc9f776e1d62ee844a8dd7fa7,2021-05,Durham Constabulary,Durham Constabulary,-1.677572,54.651783,On or near Caroline Street,E01020884,County Durham 058A,Vehicle crime,Court result unavailable,
8865adc2a80f3d35839ba35f069016d1b8d559953a76c9d57bcd819b844818a2,2021-05,Durham Constabulary,Durham Constabulary,-1.677572,54.651783,On or near Caroline Street,E01020884,County Durham 058A,Vehicle crime,Investigation complete; no suspect identified,
411409008f8addc5b37bdc6d2cf554011e7ba6c751c42b21d52574bf3aa2dfd5,2021-05,Durham Constabulary,Durham Constabulary,-1.679953,54.646604,On or near Watling Road,E01020884,County Durham 058A,Violence and sexual offences,Unable to prosecute suspect,
58c92226ab8dae84b897075027249ce816d930f5917f488c29d9ccba2c9ae395,2021-05,Durham Constabulary,Durham Constabulary,-1.677833,54.650050,On or near St Andrew'S Road,E01020884,County Durham 058A,Violence and sexual offences,Unable to prosecute suspect,
fa3a4a1dd27023d664b66ff0bd38a6b5fbade01ebb0ce903a1837506ebce3457,2021-05,Durham Constabulary,Durham Constabulary,-1.676743,54.654702,On or near Waddington Street,E01020884,County Durham 058A,Violence and sexual offences,Unable to prosecute suspect,
6b6f69d5a9d52724b500d4d6bf4eabc69166fd5c4b5b6eb531ba31e1f633058d,2021-05,Durham Constabulary,Durham Constabulary,-1.678338,54.650968,On or near Morland Street,E01020884,County Durham 058A,Violence and sexual offences,Investigation complete; no suspect identified,
0c770581726e9801cec75d9d7117a290e9e172c7179c19683daa72b34064a737,2021-05,Durham Constabulary,Durham Constabulary,-1.677527,54.651523,On or near Seymour Street,E01020884,County Durham 058A,Violence and sexual offences,Unable to prosecute suspect,
545e78fa7f026fab7951b9f9321b5b1ce744b86f568c15eb184979ced92fdee8,2021-05,Durham Constabulary,Durham Constabulary,-1.677833,54.650050,On or near St Andrew'S Road,E01020884,County Durham 058A,Violence and sexual offences,Unable to prosecute suspect,
c68d9ed3b5310f29de86c7618a9d15ddda45fe42458cd03870fa0a94bb85dde5,2021-05,Durham Constabulary,Durham Constabulary,-1.678512,54.650510,On or near Petrol Station,E01020884,County Durham 058A,Violence and sexual offences,Unable to prosecute suspect,
dd055f6b1d57f381f81968f57b4d20dee2c24ab7c634a2e769bff24f93e3a43e,2021-05,Durham Constabulary,Durham Constabulary,-1.679953,54.646604,On or near Watling Road,E01020884,County Durham 058A,Violence and sexual offences,Unable to prosecute suspect,
366be334a4c59ac059856e96c092c5aee5f5ec6cfd841a796b31bc5272c356d6,2021-05,Durham Constabulary,Durham Constabulary,-1.677833,54.650050,On or near St Andrew'S Road,E01020884,County Durham 058A,Other crime,Further action is not in the public interest,
7b3047dab83d2699139c3c60dc56bb1a460d85cf473b21df244a4735e185ba6e,2021-05,Durham Constabulary,Durham Constabulary,-1.677833,54.650050,On or near St Andrew'S Road,E01020884,County Durham 058A,Other crime,Further action is not in the public interest,
,2021-05,Durham Constabulary,Durham Constabulary,-1.670724,54.651486,On or near St Catherines Way,E01020885,County Durham 058B,Anti-social behaviour,,
,2021-05,Durham Constabulary,Durham Constabulary,-1.672111,54.652497,On or near Taylor Road,E01020885,County Durham 058B,Anti-social behaviour,,
,2021-05,Durham Constabulary,Durham Constabulary,-1.674889,54.651929,On or near Orchard Court,E01020885,County Durham 058B,Anti-social behaviour,,
,2021-05,Durham Constabulary,Durham Constabulary,-1.675803,54.652021,On or near High Melbourne Street,E01020885,County Durham 058B,Anti-social behaviour,,
,2021-05,Durham Constabulary,Durham Constabulary,-1.671258,54.652575,On or near Thompson Road,E01020885,County Durham 058B,Anti-social behaviour,,
e4d4e3f16196278da12b2813fc0b7658e2022eeca6194d544dfac6f7fc83168f,2021-05,Durham Constabulary,Durham Constabulary,-1.676498,54.652275,On or near Arran Court,E01020885,County Durham 058B,Criminal damage and arson,Investigation complete; no suspect identified,
e3b179d78eeec3d9c050140c488d84cbc922c8276b384a46c604f34f81ad9149,2021-05,Durham Constabulary,Durham Constabulary,-1.669858,54.653191,On or near Hilton Road,E01020885,County Durham 058B,Criminal damage and arson,Unable to prosecute suspect,
9e8f401dc2c957f23282f5be3d12ff53fb9e7370fb27d2698f8718a62bcfdbae,2021-05,Durham Constabulary,Durham Constabulary,-1.669858,54.653191,On or near Hilton Road,E01020885,County Durham 058B,Criminal damage and arson,Unable to prosecute suspect,
16598d912d44c2e6267f6f69ca482b8dd626bc03c8fe91520a8ffd6ce224c915,2021-05,Durham Constabulary,Durham Constabulary,-1.671965,54.651274,On or near St Bedes Road,E01020885,County Durham 058B,Other theft,Unable to prosecute suspect,
e3fb5bd0b6a68b580f177efff4c3b88afa011f82f877aa0aaeb8a8e74327cad2,2021-05,Durham Constabulary,Durham Constabulary,-1.672413,54.649577,On or near Beechwood Drive,E01020885,County Durham 058B,Other theft,Unable to prosecute suspect,
3c3fce56a9bc85fcd4e591d69a7991bf7b1946efdfc2aceeda1f7ac86961608f,2021-05,Durham Constabulary,Durham Constabulary,-1.675734,54.649029,On or near Parking Area,E01020885,County Durham 058B,Public order,Investigation complete; no suspect identified,
c0074246ff9dc8feb2d9986393eace97c72e273de203a1c40bf80b7e96abd7e2,2021-05,Durham Constabulary,Durham Constabulary,-1.670914,54.651011,On or near St Aidans Drive,E01020885,County Durham 058B,Vehicle crime,Investigation complete; no suspect identified,
7fd640c1a94db35a026795297b0ec1b9e5e97df86a08917c118026c884daf590,2021-05,Durham Constabulary,Durham Constabulary,-1.675734,54.649029,On or near Parking Area,E01020885,County Durham 058B,Violence and sexual offences,Unable to prosecute suspect,
fe088b78e92cfe127d1747eaacf0bf2f907bcd4719f3b47c1eee4c0a5ccbcde3,2021-05,Durham Constabulary,Durham Constabulary,-1.676264,54.650540,On or near Peacock Court,E01020885,County Durham 058B,Violence and sexual offences,Unable to prosecute suspect,
a7aa8bc701f982bbba0043d25601220430d180a16ae01ac40656067374af3887,2021-05,Durham Constabulary,Durham Constabulary,-1.675734,54.649029,On or near Parking Area,E01020885,County Durham 058B,Violence and sexual offences,Status update unavailable,
,2021-05,Durham Constabulary,Durham Constabulary,-1.690844,54.640764,On or near Boddy Street,E01020907,County Durham 058C,Anti-social behaviour,,
,2021-05,Durham Constabulary,Durham Constabulary,-1.689794,54.640285,On or near Dent Street,E01020907,County Durham 058C,Anti-social behaviour,,
,2021-05,Durham Constabulary,Durham Constabulary,-1.690844,54.640764,On or near Boddy Street,E01020907,County Durham 058C,Anti-social behaviour,,
,2021-05,Durham Constabulary,Durham Constabulary,-1.690844,54.640764,On or near Boddy Street,E01020907,County Durham 058C,Anti-social behaviour,,
,2021-05,Durham Constabulary,Durham Constabulary,-1.690844,54.640764,On or near Boddy Street,E01020907,County Durham 058C,Anti-social behaviour,,
,2021-05,Durham Constabulary,Durham Constabulary,-1.690844,54.640764,On or near Boddy Street,E01020907,County Durham 058C,Anti-social behaviour,,
,2021-05,Durham Constabulary,Durham Constabulary,-1.690844,54.640764,On or near Boddy Street,E01020907,County Durham 058C,Anti-social behaviour,,
,2021-05,Durham Constabulary,Durham Constabulary,-1.690844,54.640764,On or near Boddy Street,E01020907,County Durham 058C,Anti-social behaviour,,
,2021-05,Durham Constabulary,Durham Constabulary,-1.690844,54.640764,On or near Boddy Street,E01020907,County Durham 058C,Anti-social behaviour,,
,2021-05,Durham Constabulary,Durham Constabulary,-1.683000,54.647358,On or near Abbey Road,E01020907,County Durham 058C,Anti-social behaviour,,
,2021-05,Durham Constabulary,Durham Constabulary,-1.690844,54.640764,On or near Boddy Street,E01020907,County Durham 058C,Anti-social behaviour,,
,2021-05,Durham Constabulary,Durham Constabulary,-1.690844,54.640764,On or near Boddy Street,E01020907,County Durham 058C,Anti-social behaviour,,
d5c0a837e7dc1949c20a6b3834fcc42f9f54f6e993e8a6fc489f19b9dd62035d,2021-05,Durham Constabulary,Durham Constabulary,-1.690844,54.640764,On or near Boddy Street,E01020907,County Durham 058C,Burglary,Court result unavailable,
02ac556b130b0f40c8a45ebbd62d8adef3601fb5530fa0af7601fd16da69e3be,2021-05,Durham Constabulary,Durham Constabulary,-1.689794,54.640285,On or near Dent Street,E01020907,County Durham 058C,Criminal damage and arson,Unable to prosecute suspect,
07c21dd6ddd56209036f714e4c01c091da757538d18d9844683d7efc8630ea87,2021-05,Durham Constabulary,Durham Constabulary,-1.681939,54.648263,On or near Waine Crescent,E01020907,County Durham 058C,Criminal damage and arson,Local resolution,
8365ef7841e8f6fd4409198aaec82e6db9fe1c447a0b58721408733f8a6d7515,2021-05,Durham Constabulary,Durham Constabulary,-1.681939,54.648263,On or near Waine Crescent,E01020907,County Durham 058C,Drugs,Court result unavailable,
d9b329e4736a3c8fc5b67698733749d015b7123b369d2d3f1f0c51ecf5d3ad11,2021-05,Durham Constabulary,Durham Constabulary,-1.690844,54.640764,On or near Boddy Street,E01020907,County Durham 058C,Shoplifting,Unable to prosecute suspect,
82a67b47fc8b9631b3b78ccf6e1aec4f179524cc67c2ad104a712f1daa2113dc,2021-05,Durham Constabulary,Durham Constabulary,-1.690844,54.640764,On or near Boddy Street,E01020907,County Durham 058C,Shoplifting,Court result unavailable,
987bd06dfc3fd9ffc86f1aad01505d47803810a60f82dd955c664bca538a05a3,2021-05,Durham Constabulary,Durham Constabulary,-1.690844,54.640764,On or near Boddy Street,E01020907,County Durham 058C,Shoplifting,Investigation complete; no suspect identified,
b50aac2e7ebe4cbdaa25ce1f7f66c29d36d65099708ee18e6ba6206f504afe7f,2021-05,Durham Constabulary,Durham Constabulary,-1.690844,54.640764,On or near Boddy Street,E01020907,County Durham 058C,Shoplifting,Investigation complete; no suspect identified,
2bd988d595140a84d64cff45ccaad060f474ca6c3a4f0fdb55548392839b48b2,2021-05,Durham Constabulary,Durham Constabulary,-1.690844,54.640764,On or near Boddy Street,E01020907,County Durham 058C,Shoplifting,Investigation complete; no suspect identified,
080b06f815b09f572981cf25385ae8cdb61049d4ea463bbd7b4df2162adcd2ca,2021-05,Durham Constabulary,Durham Constabulary,-1.690844,54.640764,On or near Boddy Street,E01020907,County Durham 058C,Shoplifting,Unable to prosecute suspect,
bfd618e2dec13eb1737bea7db9a507e65902f56659fe722ec9175d6cd9ed4101,2021-05,Durham Constabulary,Durham Constabulary,-1.690844,54.640764,On or near Boddy Street,E01020907,County Durham 058C,Shoplifting,Local resolution,
7c5e8b13d8df687a72d05b684a79f5ac3a88912bb1b5493d0653da2df63ea10a,2021-05,Durham Constabulary,Durham Constabulary,-1.690844,54.640764,On or near Boddy Street,E01020907,County Durham 058C,Shoplifting,Court result unavailable,
712b11da1c1df3645851dc24cd03d77bdafbef360c7470d29abbb694c9aaa157,2021-05,Durham Constabulary,Durham Constabulary,-1.690844,54.640764,On or near Boddy Street,E01020907,County Durham 058C,Shoplifting,Investigation complete; no suspect identified,
15a440a080574cb087a18152655197af5cf3975a26830f94a93f26a45f945ef7,2021-05,Durham Constabulary,Durham Constabulary,-1.690844,54.640764,On or near Boddy Street,E01020907,County Durham 058C,Shoplifting,Court result unavailable,
2db9aa7fd6d4100380297987bfd4accb5f7d54496afe145488617945aee173c3,2021-05,Durham Constabulary,Durham Constabulary,-1.689794,54.640285,On or near Dent Street,E01020907,County Durham 058C,Shoplifting,Court result unavailable,
39558c7f20719a11eb86623a226fcf821d252c381e7dbfb3630632e2cf6c0a52,2021-05,Durham Constabulary,Durham Constabulary,-1.690844,54.640764,On or near Boddy Street,E01020907,County Durham 058C,Shoplifting,Investigation complete; no suspect identified,
5b3a2c60b2028c3ddb7128779159a5b804d130b55ba59b3e84feaebc60b5ae19,2021-05,Durham Constabulary,Durham Constabulary,-1.690844,54.640764,On or near Boddy Street,E01020907,County Durham 058C,Shoplifting,Court result unavailable,
a78452e36ea658e4a13149f537e84c3e51d5eb33ef9e5e6df2c98e42a265b39f,2021-05,Durham Constabulary,Durham Constabulary,-1.690844,54.640764,On or near Boddy Street,E01020907,County Durham 058C,Shoplifting,Court result unavailable,
20073cd48e36556b45299c706fdab6799dfe3c5ada1d1270ff29db2468584c8f,2021-05,Durham Constabulary,Durham Constabulary,-1.690844,54.640764,On or near Boddy Street,E01020907,County Durham 058C,Shoplifting,Investigation complete; no suspect identified,
94439c998e1704f13c8619003dcb8f59abd7dc4bd114acf5410d3daeb8058b61,2021-05,Durham Constabulary,Durham Constabulary,-1.690844,54.640764,On or near Boddy Street,E01020907,County Durham 058C,Shoplifting,Investigation complete; no suspect identified,
f014bbd64b6a3f7fe3688dc3ff1a129d61159e938ea0e3a3aed94c9b27e64601,2021-05,Durham Constabulary,Durham Constabulary,-1.690732,54.641240,On or near Dilks Street,E01020907,County Durham 058C,Violence and sexual offences,Unable to prosecute suspect,
5257ff7bc85807d71726826d3f598302644ba887892e6e0985ff0f3ac1b16228,2021-05,Durham Constabulary,Durham Constabulary,-1.683802,54.647756,On or near St Mary'S Close,E01020907,County Durham 058C,Violence and sexual offences,Unable to prosecute suspect,
2d9596986ad31a98964249f1546f1a21e027453a92c3e599ba37dc41a12a4011,2021-05,Durham Constabulary,Durham Constabulary,-1.690732,54.641240,On or near Dilks Street,E01020907,County Durham 058C,Violence and sexual offences,Unable to prosecute suspect,
ebce3f731ebc3615b005dd9f1fae494d9fb46f5da216da6b05b2237131ef2f72,2021-05,Durham Constabulary,Durham Constabulary,-1.690732,54.641240,On or near Dilks Street,E01020907,County Durham 058C,Violence and sexual offences,Unable to prosecute suspect,
8ee9ec9f0d7dba39ccf2c73a9d223bb70f35ebdb8ec1220fe6fa52898ea9e064,2021-05,Durham Constabulary,Durham Constabulary,-1.690844,54.640764,On or near Boddy Street,E01020907,County Durham 058C,Violence and sexual offences,Investigation complete; no suspect identified,
a6cce5082a1357937d1e09b3202fa9876eb99a4df769c9378f5ce6a6d085dea6,2021-05,Durham Constabulary,Durham Constabulary,-1.684304,54.644998,On or near Cosgrove Avenue,E01020907,County Durham 058C,Violence and sexual offences,Unable to prosecute suspect,
7547e0baa4c1eef250205a5ba50dc0c388b7970d2be69de9d05a9c0d5edc7c7b,2021-05,Durham Constabulary,Durham Constabulary,-1.690844,54.640764,On or near Boddy Street,E01020907,County Durham 058C,Violence and sexual offences,Unable to prosecute suspect,
5fd4e5c265b2909dfe8f7c85995bf4c1d84130331619fc5019b71d6fa93a9201,2021-05,Durham Constabulary,Durham Constabulary,-1.683802,54.647756,On or near St Mary'S Close,E01020907,County Durham 058C,Violence and sexual offences,Unable to prosecute suspect,
71fec934d34cc8269d37a634d71424d5e942ebd0534d5308087d54b73b7e8399,2021-05,Durham Constabulary,Durham Constabulary,-1.681939,54.648263,On or near Waine Crescent,E01020907,County Durham 058C,Violence and sexual offences,Court result unavailable,
b0fc8cf71d6616dfc8ca3d7cc15d3472f208a82cabe5c688363e5ac8ccb49578,2021-05,Durham Constabulary,Durham Constabulary,-1.684304,54.644998,On or near Cosgrove Avenue,E01020907,County Durham 058C,Violence and sexual offences,Unable to prosecute suspect,
4ea2b406fb681b73de02c65f3c655ef89a195aa3d6db6bcdda8a613978924c67,2021-05,Durham Constabulary,Durham Constabulary,-1.690732,54.641240,On or near Dilks Street,E01020907,County Durham 058C,Violence and sexual offences,Unable to prosecute suspect,
,2021-05,Durham Constabulary,Durham Constabulary,-1.701329,54.647854,On or near Blagden Grove,E01020908,County Durham 058D,Anti-social behaviour,,
,2021-05,Durham Constabulary,Durham Constabulary,-1.691833,54.647264,On or near Cheesmond Avenue,E01020908,County Durham 058D,Anti-social behaviour,,
,2021-05,Durham Constabulary,Durham Constabulary,-1.698378,54.646616,On or near Fairfield Court,E01020908,County Durham 058D,Anti-social behaviour,,
,2021-05,Durham Constabulary,Durham Constabulary,-1.686529,54.649884,On or near Irvin Avenue,E01020908,County Durham 058D,Anti-social behaviour,,
,2021-05,Durham Constabulary,Durham Constabulary,-1.695047,54.646454,On or near Weardale Drive,E01020908,County Durham 058D,Anti-social behaviour,,
4b138cd2f4bddb00248a56d1a588ec2656781902d34dbf73d14a6831662e5436,2021-05,Durham Constabulary,Durham Constabulary,-1.695753,54.647436,On or near Shipley Grove,E01020908,County Durham 058D,Other theft,Unable to prosecute suspect,
4fde73ad640fd241e1e5c30b77fa18de034e1fc2f12fcfda51646b114a7b5379,2021-05,Durham Constabulary,Durham Constabulary,-1.694952,54.650921,On or near Further/Higher Educational Building,E01020908,County Durham 058D,Violence and sexual offences,Action to be taken by another organisation,
4864fd40287bd87708efb1f04b3b8c51284a1f1ce3722cb5470396361de3bd68,2021-05,Durham Constabulary,Durham Constabulary,-1.687880,54.649483,On or near Murphy Crescent,E01020908,County Durham 058D,Violence and sexual offences,Further investigation is not in the public interest,
0bb18854e49117810f2ca3cd08425622289e3d727350dfd50fb0b15655f43569,2021-05,Durham Constabulary,Durham Constabulary,-1.695753,54.647436,On or near Shipley Grove,E01020908,County Durham 058D,Violence and sexual offences,Unable to prosecute suspect,
4292a1eb91e09fba52af77b8b6fc46af4278a59c0cd3d89c2a5efa8b51763d8c,2021-05,Durham Constabulary,Durham Constabulary,-1.695753,54.647436,On or near Shipley Grove,E01020908,County Durham 058D,Violence and sexual offences,Unable to prosecute suspect,
cb36e11943f7253c11ddf7814bf27093a6efff5a0ed7b22840ff8811a61ec1e2,2021-05,Durham Constabulary,Durham Constabulary,-1.695047,54.646454,On or near Weardale Drive,E01020908,County Durham 058D,Violence and sexual offences,Court result unavailable,
a372bd19198494d7b4032c0b2c4ba117335097df48f18e017203c37dd9922c6b,2021-05,Durham Constabulary,Durham Constabulary,-1.695047,54.646454,On or near Weardale Drive,E01020908,County Durham 058D,Violence and sexual offences,Court result unavailable,
,2021-05,Durham Constabulary,Durham Constabulary,-1.691571,54.643022,On or near Gudmunsen Avenue,E01020909,County Durham 058E,Anti-social behaviour,,
,2021-05,Durham Constabulary,Durham Constabulary,-1.691000,54.646822,On or near Taylor Square,E01020909,County Durham 058E,Anti-social behaviour,,
,2021-05,Durham Constabulary,Durham Constabulary,-1.692732,54.643186,On or near Snowdon Crescent,E01020909,County Durham 058E,Anti-social behaviour,,
,2021-05,Durham Constabulary,Durham Constabulary,-1.692732,54.643186,On or near Snowdon Crescent,E01020909,County Durham 058E,Anti-social behaviour,,
,2021-05,Durham Constabulary,Durham Constabulary,-1.690605,54.647746,On or near Kitchen Avenue,E01020909,County Durham 058E,Anti-social behaviour,,
,2021-05,Durham Constabulary,Durham Constabulary,-1.690639,54.645401,On or near Walker Drive,E01020909,County Durham 058E,Anti-social behaviour,,
,2021-05,Durham Constabulary,Durham Constabulary,-1.690639,54.645401,On or near Walker Drive,E01020909,County Durham 058E,Anti-social behaviour,,
,2021-05,Durham Constabulary,Durham Constabulary,-1.692732,54.643186,On or near Snowdon Crescent,E01020909,County Durham 058E,Anti-social behaviour,,
,2021-05,Durham Constabulary,Durham Constabulary,-1.692732,54.643186,On or near Snowdon Crescent,E01020909,County Durham 058E,Anti-social behaviour,,
,2021-05,Durham Constabulary,Durham Constabulary,-1.690605,54.647746,On or near Kitchen Avenue,E01020909,County Durham 058E,Anti-social behaviour,,
,2021-05,Durham Constabulary,Durham Constabulary,-1.694787,54.643911,On or near Ramsey Crescent,E01020909,County Durham 058E,Anti-social behaviour,,
,2021-05,Durham Constabulary,Durham Constabulary,-1.692732,54.643186,On or near Snowdon Crescent,E01020909,County Durham 058E,Anti-social behaviour,,
,2021-05,Durham Constabulary,Durham Constabulary,-1.692732,54.643186,On or near Snowdon Crescent,E01020909,County Durham 058E,Anti-social behaviour,,
,2021-05,Durham Constabulary,Durham Constabulary,-1.692732,54.643186,On or near Snowdon Crescent,E01020909,County Durham 058E,Anti-social behaviour,,
,2021-05,Durham Constabulary,Durham Constabulary,-1.694212,54.644116,On or near Richardson Avenue,E01020909,County Durham 058E,Anti-social behaviour,,
,2021-05,Durham Constabulary,Durham Constabulary,-1.687578,54.646435,On or near Douthwaite Road,E01020909,County Durham 058E,Anti-social behaviour,,
,2021-05,Durham Constabulary,Durham Constabulary,-1.688330,54.645449,On or near Lowther Road,E01020909,County Durham 058E,Anti-social behaviour,,
,2021-05,Durham Constabulary,Durham Constabulary,-1.691571,54.643022,On or near Gudmunsen Avenue,E01020909,County Durham 058E,Anti-social behaviour,,
,2021-05,Durham Constabulary,Durham Constabulary,-1.692732,54.643186,On or near Snowdon Crescent,E01020909,County Durham 058E,Anti-social behaviour,,
,2021-05,Durham Constabulary,Durham Constabulary,-1.687578,54.646435,On or near Douthwaite Road,E01020909,County Durham 058E,Anti-social behaviour,,
,2021-05,Durham Constabulary,Durham Constabulary,-1.687718,54.644369,On or near Price Avenue,E01020909,County Durham 058E,Anti-social behaviour,,
,2021-05,Durham Constabulary,Durham Constabulary,-1.687718,54.644369,On or near Price Avenue,E01020909,County Durham 058E,Anti-social behaviour,,
,2021-05,Durham Constabulary,Durham Constabulary,-1.692732,54.643186,On or near Snowdon Crescent,E01020909,County Durham 058E,Anti-social behaviour,,
235488afb00eb58618408b042d3bb0e4afeca6820caa1f97360ba2b2eee792b5,2021-05,Durham Constabulary,Durham Constabulary,-1.690605,54.647746,On or near Kitchen Avenue,E01020909,County Durham 058E,Burglary,Unable to prosecute suspect,
6760e3f64a7d4224c996e237aea3d298147acb7e8b7c94541a47795b35406587,2021-05,Durham Constabulary,Durham Constabulary,-1.687718,54.644369,On or near Price Avenue,E01020909,County Durham 058E,Criminal damage and arson,Investigation complete; no suspect identified,
18bcc30d5a6da9a104fbf7185c66f6d0ca903796119e9b030dd9d596cbbd8f82,2021-05,Durham Constabulary,Durham Constabulary,-1.691571,54.643022,On or near Gudmunsen Avenue,E01020909,County Durham 058E,Criminal damage and arson,Court result unavailable,
1f3a629625c598b2fb4f690024a248ed86b6835bc0157ea3e1a498439b4385ba,2021-05,Durham Constabulary,Durham Constabulary,-1.693254,54.643808,On or near Harrison Crescent,E01020909,County Durham 058E,Criminal damage and arson,Investigation complete; no suspect identified,
c398d3aa9a3561d44e85f49ac2a0108e2b3cd3d3497b998a5b96bb6edb2d5948,2021-05,Durham Constabulary,Durham Constabulary,-1.694212,54.644116,On or near Richardson Avenue,E01020909,County Durham 058E,Criminal damage and arson,Unable to prosecute suspect,
267a48aca652bce28c020715c6a802979725c942f772b684b304a549365186a7,2021-05,Durham Constabulary,Durham Constabulary,-1.691571,54.643022,On or near Gudmunsen Avenue,E01020909,County Durham 058E,Drugs,Formal action is not in the public interest,
d15365627833c98a70e3159b6a71f4af3bf7799745ae4120912878ed00c712e2,2021-05,Durham Constabulary,Durham Constabulary,-1.688330,54.645449,On or near Lowther Road,E01020909,County Durham 058E,Other theft,Unable to prosecute suspect,
4658fab5c49b1d399ae050f894bbf256a28fba8ad591d1a4b1997172d1e3d795,2021-05,Durham Constabulary,Durham Constabulary,-1.692071,54.644497,On or near Lusby Crescent,E01020909,County Durham 058E,Other theft,Unable to prosecute suspect,
7222c5f79c547e28c215dd55f50a742a1efe0dac1e6e18d59a2c924a81cbaf12,2021-05,Durham Constabulary,Durham Constabulary,-1.688330,54.645449,On or near Lowther Road,E01020909,County Durham 058E,Other theft,Unable to prosecute suspect,
aa592334f26d20e2e0b32cf59d925013a9f6aee1811c29b4673af20abed72644,2021-05,Durham Constabulary,Durham Constabulary,-1.685209,54.646241,On or near Proudfoot Drive,E01020909,County Durham 058E,Public order,Unable to prosecute suspect,
afbc1a6c2176b055718e28274258929bcc0e2180467d2952a7ec347b2bcb1a6a,2021-05,Durham Constabulary,Durham Constabulary,-1.685209,54.646241,On or near Proudfoot Drive,E01020909,County Durham 058E,Shoplifting,Investigation complete; no suspect identified,
6527d9e6f3566eaf022898807472eb61fa65e32ae781fb7cc5fa962a7e988a41,2021-05,Durham Constabulary,Durham Constabulary,-1.685209,54.646241,On or near Proudfoot Drive,E01020909,County Durham 058E,Shoplifting,Court result unavailable,
208dc7cd4cb6136ca749b4f73e99474955fb80b432c80d4a5f9ab0475a18fabe,2021-05,Durham Constabulary,Durham Constabulary,-1.692732,54.643186,On or near Snowdon Crescent,E01020909,County Durham 058E,Shoplifting,Investigation complete; no suspect identified,
9237b14e616fc689d64d201c6a2b92518bdc016c688636816bf6caf277a65804,2021-05,Durham Constabulary,Durham Constabulary,-1.692732,54.643186,On or near Snowdon Crescent,E01020909,County Durham 058E,Shoplifting,Investigation complete; no suspect identified,
c758dd0112ca4a51dd21bb5eb2eb25c7708dc1ac66d66339678d5e2ecf5585c3,2021-05,Durham Constabulary,Durham Constabulary,-1.692732,54.643186,On or near Snowdon Crescent,E01020909,County Durham 058E,Shoplifting,Investigation complete; no suspect identified,
7376899ad0ee69c92d227f2fb7cec73a615c5d6347d9b5ba0b943deed791b268,2021-05,Durham Constabulary,Durham Constabulary,-1.692732,54.643186,On or near Snowdon Crescent,E01020909,County Durham 058E,Shoplifting,Investigation complete; no suspect identified,
048d8c26b4e2ebaebb9f2c401b56dba3dcb6f34d3bf0c4c0d2d3807f16aabe23,2021-05,Durham Constabulary,Durham Constabulary,-1.692732,54.643186,On or near Snowdon Crescent,E01020909,County Durham 058E,Shoplifting,Court result unavailable,
d58c9bebee908cba4570d05fc1f3dc697a885c090da6b2fe1a53ff835d195a1f,2021-05,Durham Constabulary,Durham Constabulary,-1.692732,54.643186,On or near Snowdon Crescent,E01020909,County Durham 058E,Shoplifting,Investigation complete; no suspect identified,
0a6a75cf9791508704aa2278fdd3bafc54759908b1c0ab1674f374e04c3b2380,2021-05,Durham Constabulary,Durham Constabulary,-1.692732,54.643186,On or near Snowdon Crescent,E01020909,County Durham 058E,Vehicle crime,Unable to prosecute suspect,
72081f84d538c6f8ea2fdaf99f81c6455adbcb99b22b234cfde8e16704bfa786,2021-05,Durham Constabulary,Durham Constabulary,-1.687578,54.646435,On or near Douthwaite Road,E01020909,County Durham 058E,Violence and sexual offences,Court result unavailable,
79e98bf5c9416ca3c134c1c3ed13c24ef488f0cefdc6887ea43b4f91ac2e84e1,2021-05,Durham Constabulary,Durham Constabulary,-1.691093,54.644773,On or near Brusselton View,E01020909,County Durham 058E,Violence and sexual offences,Investigation complete; no suspect identified,
bfbf26af8dd78a520564ed444568ea651a86750f0206dd11360c04c07bf9fea6,2021-05,Durham Constabulary,Durham Constabulary,-1.692732,54.643186,On or near Snowdon Crescent,E01020909,County Durham 058E,Violence and sexual offences,Investigation complete; no suspect identified,
89bd59fe7d8dc4e220428bfe424025b5d1e758312cabb015153120bdfe96df6c,2021-05,Durham Constabulary,Durham Constabulary,-1.692732,54.643186,On or near Snowdon Crescent,E01020909,County Durham 058E,Violence and sexual offences,Action to be taken by another organisation,
8704ec93134f715f4870e7948f9e3e9698ede77ff03fb74bec4b79522096d214,2021-05,Durham Constabulary,Durham Constabulary,-1.690605,54.647746,On or near Kitchen Avenue,E01020909,County Durham 058E,Violence and sexual offences,Unable to prosecute suspect,
fd0daa35101f82e54dc933d34443bf72075fe24c7b46a2472dd5b59b180831f6,2021-05,Durham Constabulary,Durham Constabulary,-1.691000,54.646822,On or near Taylor Square,E01020909,County Durham 058E,Violence and sexual offences,Action to be taken by another organisation,
189239e80f0a59bccabc72e1dc2326c9e15e1031fe10e2705cdc743c564e25c9,2021-05,Durham Constabulary,Durham Constabulary,-1.694212,54.644116,On or near Richardson Avenue,E01020909,County Durham 058E,Violence and sexual offences,Unable to prosecute suspect,
3c1c4605596e02b39d5ed742f3daa156ef192249c432cc77ae2c705bf0b92731,2021-05,Durham Constabulary,Durham Constabulary,-1.687718,54.644369,On or near Price Avenue,E01020909,County Durham 058E,Violence and sexual offences,Local resolution,
c9d6c7780da1924d307e670a3f7980c711da8d336be47de8cae29e103cd4d9e0,2021-05,Durham Constabulary,Durham Constabulary,-1.691000,54.646822,On or near Taylor Square,E01020909,County Durham 058E,Violence and sexual offences,Action to be taken by another organisation,
2ee347a5acd7d6cb50fa86bdf0f45245b1b0cf13b12a27c17152bb7731385127,2021-05,Durham Constabulary,Durham Constabulary,-1.692071,54.644497,On or near Lusby Crescent,E01020909,County Durham 058E,Violence and sexual offences,Unable to prosecute suspect,
bb90d9f577d7e1eb05087689d76e2b4e8f312db1488cc14a9e4a6fd6f73fdf44,2021-05,Durham Constabulary,Durham Constabulary,-1.685209,54.646241,On or near Proudfoot Drive,E01020909,County Durham 058E,Violence and sexual offences,Unable to prosecute suspect,
b8381e39ef026799b20dbbeed1ed9adc7eda502821c169416dd549074657d890,2021-05,Durham Constabulary,Durham Constabulary,-1.688330,54.645449,On or near Lowther Road,E01020909,County Durham 058E,Violence and sexual offences,Unable to prosecute suspect,
,2021-05,Durham Constabulary,Durham Constabulary,-1.647693,54.626376,On or near Chapel Street,E01020801,County Durham 059A,Anti-social behaviour,,
,2021-05,Durham Constabulary,Durham Constabulary,-1.646485,54.630030,On or near Sports/Recreation Area,E01020801,County Durham 059A,Anti-social behaviour,,
,2021-05,Durham Constabulary,Durham Constabulary,-1.647693,54.626376,On or near Chapel Street,E01020801,County Durham 059A,Anti-social behaviour,,
,2021-05,Durham Constabulary,Durham Constabulary,-1.649584,54.629877,On or near Drybourne Avenue,E01020801,County Durham 059A,Anti-social behaviour,,
,2021-05,Durham Constabulary,Durham Constabulary,-1.651373,54.630745,On or near Granville Avenue,E01020801,County Durham 059A,Anti-social behaviour,,
,2021-05,Durham Constabulary,Durham Constabulary,-1.646485,54.630030,On or near Sports/Recreation Area,E01020801,County Durham 059A,Anti-social behaviour,,
d3943162f728229a42ee00dd715b758846d8b56c6a6e1efb4fe03466d562db75,2021-05,Durham Constabulary,Durham Constabulary,-1.644174,54.628549,On or near St John'S Road,E01020801,County Durham 059A,Criminal damage and arson,Investigation complete; no suspect identified,
22decd7138c93ed8264620b8f30b0b8b3e7077a56f1c64fb784081820c57af00,2021-05,Durham Constabulary,Durham Constabulary,-1.644174,54.628549,On or near St John'S Road,E01020801,County Durham 059A,Criminal damage and arson,Investigation complete; no suspect identified,
2ef8eb5fa43d8fed6672c62f32b734b085804410ccb879dc0a3c8b2b46b21dd7,2021-05,Durham Constabulary,Durham Constabulary,-1.652901,54.631441,On or near Salisbury Terrace,E01020801,County Durham 059A,Criminal damage and arson,Investigation complete; no suspect identified,
0c8aaf90c5e1c7e97d1518e66fc64178ca6049a58bbf6bf400c0d89dee534668,2021-05,Durham Constabulary,Durham Constabulary,-1.652901,54.631441,On or near Salisbury Terrace,E01020801,County Durham 059A,Criminal damage and arson,Investigation complete; no suspect identified,
77842b489b404664b99245396d4a46f97ff6b91e20d6c9c40aaa6bcd1c81c76e,2021-05,Durham Constabulary,Durham Constabulary,-1.653177,54.631729,On or near George Street,E01020801,County Durham 059A,Criminal damage and arson,Investigation complete; no suspect identified,
bb0423bd19bce32b57a50f150cd4eda69a3d44bbab20406475b1d535f5ba30a1,2021-05,Durham Constabulary,Durham Constabulary,-1.651394,54.628300,On or near Byerley Road,E01020801,County Durham 059A,Criminal damage and arson,Local resolution,
e3557fab47184c1958fb6019cbe5a4aee2beab36cedf39578bb18e7c6c6fd88b,2021-05,Durham Constabulary,Durham Constabulary,-1.647693,54.626376,On or near Chapel Street,E01020801,County Durham 059A,Drugs,Status update unavailable,
c40d09d766c958ecad8b1973198bd943008251da1ffa556d3a4b8786205e8ad6,2021-05,Durham Constabulary,Durham Constabulary,-1.653177,54.631729,On or near George Street,E01020801,County Durham 059A,Violence and sexual offences,Unable to prosecute suspect,
542928eebac6d8d9abc50815157ea85864f9d51dd6d2a7db9dbd7c474f5b4a09,2021-05,Durham Constabulary,Durham Constabulary,-1.642757,54.629453,On or near Hackworth Street,E01020801,County Durham 059A,Violence and sexual offences,Investigation complete; no suspect identified,
5c4d751c43b06b37281244e6ef024655f0f85ec140b57665fe528c248da24dbc,2021-05,Durham Constabulary,Durham Constabulary,-1.653177,54.631729,On or near George Street,E01020801,County Durham 059A,Violence and sexual offences,Unable to prosecute suspect,
fff0a03afd0bca36185ff5aa190d8622414685527bb14828cd35315b2732c9d4,2021-05,Durham Constabulary,Durham Constabulary,-1.653177,54.631729,On or near George Street,E01020801,County Durham 059A,Violence and sexual offences,Unable to prosecute suspect,
7c1fc878f5e19a1164d2367f90ba2a2255471ebe8a0a801ece2492ae5a7f5207,2021-05,Durham Constabulary,Durham Constabulary,-1.644174,54.628549,On or near St John'S Road,E01020801,County Durham 059A,Violence and sexual offences,Action to be taken by another organisation,
5844c9f80273929e24b1e5280c0bd42898bc05cec3b1fa76eb4c90a80d2e35ee,2021-05,Durham Constabulary,Durham Constabulary,-1.650865,54.628658,On or near Ruskin Avenue,E01020801,County Durham 059A,Violence and sexual offences,Unable to prosecute suspect,
47198f4b73ffacc7c986869c094ca83ee795c2a26c519354a2edc049a9379e2f,2021-05,Durham Constabulary,Durham Constabulary,-1.653177,54.631729,On or near George Street,E01020801,County Durham 059A,Violence and sexual offences,Unable to prosecute suspect,
aac43a3a61756a1062f01eaefc9b87ac3529ca46672079ac81c0c659c0d7671d,2021-05,Durham Constabulary,Durham Constabulary,-1.653177,54.631729,On or near George Street,E01020801,County Durham 059A,Violence and sexual offences,Unable to prosecute suspect,
1bd0f2c35b66cea3b24a8b1cab2e7b1a92332dfedf59e57444d9becfe3960aae,2021-05,Durham Constabulary,Durham Constabulary,-1.650865,54.628658,On or near Ruskin Avenue,E01020801,County Durham 059A,Violence and sexual offences,Local resolution,
21463b2bf3a9d00c7136a4e9459f65246b3b784b0e1190732babd7752a95464c,2021-05,Durham Constabulary,Durham Constabulary,-1.653177,54.631729,On or near George Street,E01020801,County Durham 059A,Violence and sexual offences,Unable to prosecute suspect,
cb9a6177ce2ba51361a34bb042d3476e6a155844b7c053c9093e963347148815,2021-05,Durham Constabulary,Durham Constabulary,-1.649869,54.627406,On or near Byerley Road,E01020801,County Durham 059A,Violence and sexual offences,Unable to prosecute suspect,
509ea40d7ea7c781d92ad6d080e9dfb3831ff1a2a4e1a56d31dc2e615cd933dc,2021-05,Durham Constabulary,Durham Constabulary,-1.653177,54.631729,On or near George Street,E01020801,County Durham 059A,Violence and sexual offences,Unable to prosecute suspect,
c8deec08f1496b39f71d3665874dd65344beaa59ae0ea3d9d69c747ed354a25a,2021-05,Durham Constabulary,Durham Constabulary,-1.649869,54.627406,On or near Byerley Road,E01020801,County Durham 059A,Violence and sexual offences,Unable to prosecute suspect,
ec6d26aede10646872cf13d0466e5b75186ecbc311486cc37e2335868d209233,2021-05,Durham Constabulary,Durham Constabulary,-1.652864,54.632169,On or near Harker Street,E01020801,County Durham 059A,Violence and sexual offences,Unable to prosecute suspect,
39ee6b664f9b4031862cd7a06118224e5f4f475e14411fc8a3de62d13a354410,2021-05,Durham Constabulary,Durham Constabulary,-1.649869,54.627406,On or near Byerley Road,E01020801,County Durham 059A,Violence and sexual offences,Unable to prosecute suspect,
47f035bba536560a63ed7a807bde2e82834d628140617402f2e56c54d4992d8f,2021-05,Durham Constabulary,Durham Constabulary,-1.653044,54.631010,On or near Freville Street,E01020801,County Durham 059A,Other crime,Status update unavailable,
,2021-05,Durham Constabulary,Durham Constabulary,-1.646052,54.624591,On or near Scott Street,E01020802,County Durham 059B,Anti-social behaviour,,
,2021-05,Durham Constabulary,Durham Constabulary,-1.646052,54.624591,On or near Scott Street,E01020802,County Durham 059B,Anti-social behaviour,,
,2021-05,Durham Constabulary,Durham Constabulary,-1.646052,54.624591,On or near Scott Street,E01020802,County Durham 059B,Anti-social behaviour,,
,2021-05,Durham Constabulary,Durham Constabulary,-1.656386,54.633284,On or near Waterloo Terrace,E01020802,County Durham 059B,Anti-social behaviour,,
,2021-05,Durham Constabulary,Durham Constabulary,-1.655281,54.632122,On or near Clarendon Court,E01020802,County Durham 059B,Anti-social behaviour,,
,2021-05,Durham Constabulary,Durham Constabulary,-1.644136,54.625862,On or near Station Street,E01020802,County Durham 059B,Anti-social behaviour,,
,2021-05,Durham Constabulary,Durham Constabulary,-1.646052,54.624591,On or near Scott Street,E01020802,County Durham 059B,Anti-social behaviour,,
,2021-05,Durham Constabulary,Durham Constabulary,-1.646052,54.624591,On or near Scott Street,E01020802,County Durham 059B,Anti-social behaviour,,
,2021-05,Durham Constabulary,Durham Constabulary,-1.644364,54.624479,On or near Woodland View,E01020802,County Durham 059B,Anti-social behaviour,,
,2021-05,Durham Constabulary,Durham Constabulary,-1.656900,54.632944,On or near Princes Street,E01020802,County Durham 059B,Anti-social behaviour,,
,2021-05,Durham Constabulary,Durham Constabulary,-1.642561,54.623467,On or near Adamson Street,E01020802,County Durham 059B,Anti-social behaviour,,
,2021-05,Durham Constabulary,Durham Constabulary,-1.656900,54.632944,On or near Princes Street,E01020802,County Durham 059B,Anti-social behaviour,,
,2021-05,Durham Constabulary,Durham Constabulary,-1.656900,54.632944,On or near Princes Street,E01020802,County Durham 059B,Anti-social behaviour,,
,2021-05,Durham Constabulary,Durham Constabulary,-1.656900,54.632944,On or near Princes Street,E01020802,County Durham 059B,Anti-social behaviour,,
,2021-05,Durham Constabulary,Durham Constabulary,-1.646052,54.624591,On or near Scott Street,E01020802,County Durham 059B,Anti-social behaviour,,
,2021-05,Durham Constabulary,Durham Constabulary,-1.656900,54.632944,On or near Princes Street,E01020802,County Durham 059B,Anti-social behaviour,,
,2021-05,Durham Constabulary,Durham Constabulary,-1.656900,54.632944,On or near Princes Street,E01020802,County Durham 059B,Anti-social behaviour,,
,2021-05,Durham Constabulary,Durham Constabulary,-1.646052,54.624591,On or near Scott Street,E01020802,County Durham 059B,Anti-social behaviour,,
,2021-05,Durham Constabulary,Durham Constabulary,-1.644311,54.625269,On or near Magnet Street,E01020802,County Durham 059B,Anti-social behaviour,,
,2021-05,Durham Constabulary,Durham Constabulary,-1.646052,54.624591,On or near Scott Street,E01020802,County Durham 059B,Anti-social behaviour,,
,2021-05,Durham Constabulary,Durham Constabulary,-1.646236,54.622920,On or near Primrose Drive,E01020802,County Durham 059B,Anti-social behaviour,,
,2021-05,Durham Constabulary,Durham Constabulary,-1.646052,54.624591,On or near Scott Street,E01020802,County Durham 059B,Anti-social behaviour,,
,2021-05,Durham Constabulary,Durham Constabulary,-1.656386,54.633284,On or near Waterloo Terrace,E01020802,County Durham 059B,Anti-social behaviour,,
,2021-05,Durham Constabulary,Durham Constabulary,-1.656900,54.632944,On or near Princes Street,E01020802,County Durham 059B,Anti-social behaviour,,
df3dfaff1e577a18c7b2ce9b3536ed6054b6dde5f880e2bdd29070466e4124dd,2021-05,Durham Constabulary,Durham Constabulary,-1.644136,54.625862,On or near Station Street,E01020802,County Durham 059B,Criminal damage and arson,Investigation complete; no suspect identified,
b40fac890592ef5b74cbd2b604872e6b206b91ee08076c95c0b8e0c85a165fd2,2021-05,Durham Constabulary,Durham Constabulary,-1.640785,54.622931,On or near Thomas Street,E01020802,County Durham 059B,Criminal damage and arson,Investigation complete; no suspect identified,
2398bc7de039a1798737355724b2ad0ffff21412757f62073a00305752213db3,2021-05,Durham Constabulary,Durham Constabulary,-1.644136,54.625862,On or near Station Street,E01020802,County Durham 059B,Criminal damage and arson,Investigation complete; no suspect identified,
77125c4dffdc968d6e939fe22b08bcb3be5b4dac7e0c3d6e5607185aea16060a,2021-05,Durham Constabulary,Durham Constabulary,-1.644278,54.627282,On or near Alma Road,E01020802,County Durham 059B,Criminal damage and arson,Local resolution,
102a05b11306b93471fee1c70eadca3bf5590521a7c0ad55674c135f9fb90c87,2021-05,Durham Constabulary,Durham Constabulary,-1.656900,54.632944,On or near Princes Street,E01020802,County Durham 059B,Criminal damage and arson,Investigation complete; no suspect identified,
6a7221065b66d65d4ec4fa1220d573db34d1529da66508ec817d0f0a9f3af33c,2021-05,Durham Constabulary,Durham Constabulary,-1.644278,54.627282,On or near Alma Road,E01020802,County Durham 059B,Criminal damage and arson,Investigation complete; no suspect identified,
246735f9beacb17f6295485e9564c24fe69da779d71f3e6807f927b32b836762,2021-05,Durham Constabulary,Durham Constabulary,-1.639104,54.620320,On or near Petrol Station,E01020802,County Durham 059B,Criminal damage and arson,Investigation complete; no suspect identified,
6bb5bb602a606b4ec6667795b9e51ac2500a69d025bcb20604c4705e97af2bb3,2021-05,Durham Constabulary,Durham Constabulary,-1.642036,54.623294,On or near Bouch Street,E01020802,County Durham 059B,Criminal damage and arson,Unable to prosecute suspect,
2338651f2a000ad200c7894f351497202cb1fa4a3305847a0998856b1f8bcd59,2021-05,Durham Constabulary,Durham Constabulary,-1.642249,54.627267,On or near Wylam Close,E01020802,County Durham 059B,Drugs,Local resolution,
69721f802d494cef9bb1c211f04c62ccd0938120259707591491f107b6500f05,2021-05,Durham Constabulary,Durham Constabulary,-1.639610,54.622703,On or near Walter Street,E01020802,County Durham 059B,Other theft,Investigation complete; no suspect identified,
2b764f2fe43c9912a64d0d768153f38c3a40af6c788ad766145a23ef326a49bc,2021-05,Durham Constabulary,Durham Constabulary,-1.646052,54.624591,On or near Scott Street,E01020802,County Durham 059B,Public order,Unable to prosecute suspect,
20723e967cbfe11766475df352f6bfecc428d30d11d818418d102950fe0d380a,2021-05,Durham Constabulary,Durham Constabulary,-1.640842,54.623516,On or near Redworth Road,E01020802,County Durham 059B,Vehicle crime,Investigation complete; no suspect identified,
bfa03208fde9e384252d3f850082a4a2ae0cd90201d27bf3c1c96e09fbeb483a,2021-05,Durham Constabulary,Durham Constabulary,-1.643497,54.624512,On or near Beresford Street,E01020802,County Durham 059B,Vehicle crime,Unable to prosecute suspect,
68dd63c488141281ca29db69158f6ae7b9354be46d90a11e07a0159b9fad1009,2021-05,Durham Constabulary,Durham Constabulary,-1.640785,54.622931,On or near Thomas Street,E01020802,County Durham 059B,Violence and sexual offences,Offender given a caution,
6591d3f878a635c9e6f74ea1d98005ee17e41970acc5b7ea8ec63fa215ab8a55,2021-05,Durham Constabulary,Durham Constabulary,-1.646052,54.624591,On or near Scott Street,E01020802,County Durham 059B,Violence and sexual offences,Unable to prosecute suspect,
41cd11d6417f3ea62e495df7b0f971df4d31fd204f5e5cca8656719700278400,2021-05,Durham Constabulary,Durham Constabulary,-1.643152,54.626713,On or near Soho Street,E01020802,County Durham 059B,Violence and sexual offences,Unable to prosecute suspect,
198ab69d0a406ab4ff25f6d22c3619d5cdc00d2e31cd416f161744201e5055ab,2021-05,Durham Constabulary,Durham Constabulary,-1.646052,54.624591,On or near Scott Street,E01020802,County Durham 059B,Violence and sexual offences,Court result unavailable,
671da685f744694afacf7610b1d033882decc355148d95c0fc47a482d9028ba1,2021-05,Durham Constabulary,Durham Constabulary,-1.647237,54.623597,On or near Celandine Way,E01020802,County Durham 059B,Violence and sexual offences,Investigation complete; no suspect identified,
3304a2c33a3e89adf979c589f7100afe79e7fbf20508a1a9770e8ffea26eb53b,2021-05,Durham Constabulary,Durham Constabulary,-1.646570,54.627361,On or near Middleton Road,E01020802,County Durham 059B,Violence and sexual offences,Unable to prosecute suspect,
62eb1bcbbe00fa2ad9de59498fb02955dd3cd8bf47ece342b91c1e68218af361,2021-05,Durham Constabulary,Durham Constabulary,-1.646052,54.624591,On or near Scott Street,E01020802,County Durham 059B,Violence and sexual offences,Unable to prosecute suspect,
cc1077ac30f33b114d2ee30228735fe8d8a7b370f7f124c356f9b584fb467af1,2021-05,Durham Constabulary,Durham Constabulary,-1.639610,54.622703,On or near Walter Street,E01020802,County Durham 059B,Violence and sexual offences,Unable to prosecute suspect,
034eff3b9fcd5334c1b085a874fa6770726d2e8d6b2ba9449d57c6998731f295,2021-05,Durham Constabulary,Durham Constabulary,-1.646570,54.627361,On or near Middleton Road,E01020802,County Durham 059B,Violence and sexual offences,Investigation complete; no suspect identified,
dbf9d5f5e9c3da6e5ba76a10b26c1646e5f6da687136277615bf9e95e810946e,2021-05,Durham Constabulary,Durham Constabulary,-1.643152,54.626713,On or near Soho Street,E01020802,County Durham 059B,Violence and sexual offences,Unable to prosecute suspect,
7f2d6f22b2677028c213809bf5e3afae4fe23fbff944c91dc1f7c12d1b19464d,2021-05,Durham Constabulary,Durham Constabulary,-1.640842,54.623516,On or near Redworth Road,E01020802,County Durham 059B,Other crime,Unable to prosecute suspect,
,2021-05,Durham Constabulary,Durham Constabulary,-1.641113,54.642020,On or near Eldon Bank,E01020838,County Durham 059C,Anti-social behaviour,,
,2021-05,Durham Constabulary,Durham Constabulary,-1.641113,54.642020,On or near Eldon Bank,E01020838,County Durham 059C,Anti-social behaviour,,
,2021-05,Durham Constabulary,Durham Constabulary,-1.644462,54.634562,On or near Robson Street,E01020838,County Durham 059C,Anti-social behaviour,,
,2021-05,Durham Constabulary,Durham Constabulary,-1.641113,54.642020,On or near Eldon Bank,E01020838,County Durham 059C,Anti-social behaviour,,
,2021-05,Durham Constabulary,Durham Constabulary,-1.652341,54.635358,On or near Thornhill Gardens,E01020838,County Durham 059C,Anti-social behaviour,,
,2021-05,Durham Constabulary,Durham Constabulary,-1.641113,54.642020,On or near Eldon Bank,E01020838,County Durham 059C,Anti-social behaviour,,
,2021-05,Durham Constabulary,Durham Constabulary,-1.648658,54.633038,On or near Parking Area,E01020838,County Durham 059C,Anti-social behaviour,,
,2021-05,Durham Constabulary,Durham Constabulary,-1.640034,54.644812,On or near Close House,E01020838,County Durham 059C,Anti-social behaviour,,
,2021-05,Durham Constabulary,Durham Constabulary,-1.641113,54.642020,On or near Eldon Bank,E01020838,County Durham 059C,Anti-social behaviour,,
,2021-05,Durham Constabulary,Durham Constabulary,-1.646187,54.634001,On or near Church Street,E01020838,County Durham 059C,Anti-social behaviour,,
,2021-05,Durham Constabulary,Durham Constabulary,-1.647098,54.634300,On or near Association Street,E01020838,County Durham 059C,Anti-social behaviour,,
,2021-05,Durham Constabulary,Durham Constabulary,-1.649350,54.633624,On or near Dean Street,E01020838,County Durham 059C,Anti-social behaviour,,
f8b1d922f71e9a0a666ea4c51e846281eef09c21b5dffb2f998d5a4bb7fb9ad2,2021-05,Durham Constabulary,Durham Constabulary,-1.640764,54.635854,On or near Foundry Street,E01020838,County Durham 059C,Burglary,Investigation complete; no suspect identified,
3ab53040ed0a244205d8f17b87e0491169f4660bcd2d3e0933dea50f5854937c,2021-05,Durham Constabulary,Durham Constabulary,-1.640764,54.635854,On or near Foundry Street,E01020838,County Durham 059C,Burglary,Investigation complete; no suspect identified,
b91a6caa5a114ed81f31a97739a3ad4e7668fe70cc37876ae54addcd27f130de,2021-05,Durham Constabulary,Durham Constabulary,-1.639574,54.644253,On or near Main Road,E01020838,County Durham 059C,Burglary,Investigation complete; no suspect identified,
804d60d1cb583d58d0d07d51839d08f46977c4b1c3314e65c96f4cf3afb10f22,2021-05,Durham Constabulary,Durham Constabulary,-1.648577,54.633460,On or near Primitive Street,E01020838,County Durham 059C,Criminal damage and arson,Court result unavailable,
25f97019b98a5d74a86b9dab812e1dcf2f08c791784f4be3cb99c3d44ff2bb0a,2021-05,Durham Constabulary,Durham Constabulary,-1.647846,54.633862,On or near Parking Area,E01020838,County Durham 059C,Criminal damage and arson,Investigation complete; no suspect identified,
4c93ab96e80a7555d7740558bf6f1866c9f001223d365c7941c44d398a9eef9c,2021-05,Durham Constabulary,Durham Constabulary,-1.646611,54.644103,On or near High Street,E01020838,County Durham 059C,Criminal damage and arson,Investigation complete; no suspect identified,
353896a349049edef952145445c4b31bb03ce67bb2785672322c71953283cf17,2021-05,Durham Constabulary,Durham Constabulary,-1.646611,54.644103,On or near High Street,E01020838,County Durham 059C,Criminal damage and arson,Investigation complete; no suspect identified,
eb8e4a7206c8c78e10f59295ff18a5df014455a915d93275ee6b69e8ae0f38d9,2021-05,Durham Constabulary,Durham Constabulary,-1.639574,54.644253,On or near Main Road,E01020838,County Durham 059C,Criminal damage and arson,Investigation complete; no suspect identified,
359ddeec4ab3e1ea6c3a73bfdef1ceca967bb7a5e33600cb388a26eed759dc69,2021-05,Durham Constabulary,Durham Constabulary,-1.652616,54.634028,On or near Albion Avenue,E01020838,County Durham 059C,Criminal damage and arson,Court result unavailable,
b3ae2325f38c0dbbe74ecbe2764b3edaa75e96d0b8326d034074287111f2fb2f,2021-05,Durham Constabulary,Durham Constabulary,-1.649350,54.633624,On or near Dean Street,E01020838,County Durham 059C,Criminal damage and arson,Investigation complete; no suspect identified,
c6f421c6bac5addbc945f1d2596c6b7161cfd455a3b8be0af6fb1a838dcffd43,2021-05,Durham Constabulary,Durham Constabulary,-1.640034,54.644812,On or near Close House,E01020838,County Durham 059C,Criminal damage and arson,Investigation complete; no suspect identified,
b72d57e9192ead9002310174eb911b6824af4e1709673c05e699146aaa9ca35d,2021-05,Durham Constabulary,Durham Constabulary,-1.640034,54.644812,On or near Close House,E01020838,County Durham 059C,Criminal damage and arson,Unable to prosecute suspect,
d6174451324b1d3c371fd2ab3bf355cb4ff31289a33967c8c4afc44218f65caf,2021-05,Durham Constabulary,Durham Constabulary,-1.644462,54.634562,On or near Robson Street,E01020838,County Durham 059C,Other theft,Local resolution,
f5b4f0c10488991bc9192f48d5aa0321cf00e76a6d7fd52f9797486e60fd1f74,2021-05,Durham Constabulary,Durham Constabulary,-1.652616,54.634028,On or near Albion Avenue,E01020838,County Durham 059C,Other theft,Investigation complete; no suspect identified,
83319d9516fadc76475fbaa24bf8a61f689c183a672b02653ed07b777ace8b15,2021-05,Durham Constabulary,Durham Constabulary,-1.639574,54.644253,On or near Main Road,E01020838,County Durham 059C,Other theft,Investigation complete; no suspect identified,
212b88a03dadb4528eef7eaf6f3daa33287f226b0c732e01a263952215b9e207,2021-05,Durham Constabulary,Durham Constabulary,-1.647098,54.634300,On or near Association Street,E01020838,County Durham 059C,Public order,Unable to prosecute suspect,
3204759bbf3e5c1ba5bb8d06d7da94a30a90c80d70e519543a9309fbcbd14dc2,2021-05,Durham Constabulary,Durham Constabulary,-1.647098,54.634300,On or near Association Street,E01020838,County Durham 059C,Public order,Unable to prosecute suspect,
02daf4710b7f3b04d2d1b277ff89b9f4e66e41912f0f6440c64ffcf76bee6bce,2021-05,Durham Constabulary,Durham Constabulary,-1.647098,54.634300,On or near Association Street,E01020838,County Durham 059C,Public order,Court result unavailable,
3ca382508a05a25bf78ad6dfbd54ad8c2be831020c6cb02efbc05afdeab22bd6,2021-05,Durham Constabulary,Durham Constabulary,-1.647844,54.634051,On or near Parking Area,E01020838,County Durham 059C,Public order,Investigation complete; no suspect identified,
c6f1bed041e2ee3dfbb5afabca7b870f6be96c21c51649e0ffc773013f75267e,2021-05,Durham Constabulary,Durham Constabulary,-1.647844,54.634051,On or near Parking Area,E01020838,County Durham 059C,Public order,Unable to prosecute suspect,
550b7d606f3d206dd48f6ca6e1f55ea242be8ec75776908ca5a2090b9d31ca76,2021-05,Durham Constabulary,Durham Constabulary,-1.640034,54.644812,On or near Close House,E01020838,County Durham 059C,Public order,Further action is not in the public interest,
cc9ba5901a2157eb34d72b638c7c0c7cf8d1446204f73e23ac1b1f085e14ef65,2021-05,Durham Constabulary,Durham Constabulary,-1.647844,54.634051,On or near Parking Area,E01020838,County Durham 059C,Public order,Investigation complete; no suspect identified,
7203b1cd7195259e7bf286856fadd568874d8be9dc07b4b1ba250215beb12973,2021-05,Durham Constabulary,Durham Constabulary,-1.645410,54.634286,On or near Spencely Street,E01020838,County Durham 059C,Public order,Unable to prosecute suspect,
1430fbbb6dcbc1887dc5dfb13d5eb78fb7fc6f06b540699b1d093aad0858b595,2021-05,Durham Constabulary,Durham Constabulary,-1.652616,54.634028,On or near Albion Avenue,E01020838,County Durham 059C,Public order,Local resolution,
bb872881d1846c97709db6eef139f7626faf9fc536caea55446e1f5311159c2c,2021-05,Durham Constabulary,Durham Constabulary,-1.655260,54.636391,On or near Elm Road,E01020838,County Durham 059C,Public order,Court result unavailable,
9fea28ba1e95830281ca2606cc7e19004fa4ee06154174e722ac9856777d4568,2021-05,Durham Constabulary,Durham Constabulary,-1.647844,54.634051,On or near Parking Area,E01020838,County Durham 059C,Public order,Unable to prosecute suspect,
15a091f491731f60d56fa92e68e0eea5fc809ae78708730d6d736f9f66f22e91,2021-05,Durham Constabulary,Durham Constabulary,-1.644462,54.634562,On or near Robson Street,E01020838,County Durham 059C,Shoplifting,Court result unavailable,
0a0c204a12778d635e517b3e5f9d306cc5ccc493b1a2170d5763c5144254242e,2021-05,Durham Constabulary,Durham Constabulary,-1.650665,54.633834,On or near Sports/Recreation Area,E01020838,County Durham 059C,Shoplifting,Investigation complete; no suspect identified,
d87cb856542fee360ae531dfe7623bcdc83b0a9d8268525c418e1d59fde32788,2021-05,Durham Constabulary,Durham Constabulary,-1.639574,54.644253,On or near Main Road,E01020838,County Durham 059C,Vehicle crime,Investigation complete; no suspect identified,
7afafc57683a07c18dd6b05ba13f7f0c7a5a702819623f3811221d90a9d99527,2021-05,Durham Constabulary,Durham Constabulary,-1.655260,54.636391,On or near Elm Road,E01020838,County Durham 059C,Violence and sexual offences,Court result unavailable,
d7ecefa1245849a587b480b82cbf85f3e0c91ce86e906d160f1437d97a353306,2021-05,Durham Constabulary,Durham Constabulary,-1.649350,54.633624,On or near Dean Street,E01020838,County Durham 059C,Violence and sexual offences,Investigation complete; no suspect identified,
53875ff036642fabf031fcda7e2afc17e6990cfab833837ca692b116e66c3525,2021-05,Durham Constabulary,Durham Constabulary,-1.640034,54.644812,On or near Close House,E01020838,County Durham 059C,Violence and sexual offences,Investigation complete; no suspect identified,
9bb400217ebc31cbfdb2d85049e73fe11fce2bf0965aa817be9efbb14ce2e1ed,2021-05,Durham Constabulary,Durham Constabulary,-1.640034,54.644812,On or near Close House,E01020838,County Durham 059C,Violence and sexual offences,Unable to prosecute suspect,
b3684b21e5ffadf471d0be875ebaa0c98a95aa9e18c2149457901a96c6c9d54b,2021-05,Durham Constabulary,Durham Constabulary,-1.655260,54.636391,On or near Elm Road,E01020838,County Durham 059C,Violence and sexual offences,Court result unavailable,
48b4c49d526a0783aac094057a4350e0c66ea4baefb3ab826ee0c35b8ffb2158,2021-05,Durham Constabulary,Durham Constabulary,-1.645410,54.634286,On or near Spencely Street,E01020838,County Durham 059C,Violence and sexual offences,Investigation complete; no suspect identified,
e88f5612f7389f0a6075da2203c9626c533d79b447fdad37bbbb2924033b0011,2021-05,Durham Constabulary,Durham Constabulary,-1.647846,54.633862,On or near Parking Area,E01020838,County Durham 059C,Violence and sexual offences,Investigation complete; no suspect identified,
4d0e2e81e8267469cdf5782c98ef06f273c88446edf28173dd9cb96ad04a7784,2021-05,Durham Constabulary,Durham Constabulary,-1.646187,54.634001,On or near Church Street,E01020838,County Durham 059C,Violence and sexual offences,Further action is not in the public interest,
3a9bea6765202445229e855075110114da0a2ca6f642654600c07057d444db24,2021-05,Durham Constabulary,Durham Constabulary,-1.644462,54.634562,On or near Robson Street,E01020838,County Durham 059C,Violence and sexual offences,Court result unavailable,
8d1e6d3930d51444a3fe0df0319dbf1748a772e03b616216cc1b6775cd48e284,2021-05,Durham Constabulary,Durham Constabulary,-1.639574,54.644253,On or near Main Road,E01020838,County Durham 059C,Violence and sexual offences,Investigation complete; no suspect identified,
38ee0b61e3ce89c36796db4da00d0f3c15733b71e0b61eaea2e27a7fc2bd0836,2021-05,Durham Constabulary,Durham Constabulary,-1.648577,54.633460,On or near Primitive Street,E01020838,County Durham 059C,Violence and sexual offences,Court result unavailable,
eeb1c8b24dd90d9005d57f786a4f6601d3ae796dd2e06ef0591bfacb362434bc,2021-05,Durham Constabulary,Durham Constabulary,-1.646187,54.634001,On or near Church Street,E01020838,County Durham 059C,Violence and sexual offences,Further action is not in the public interest,
ed20370664d90a29ef476e5599f4b4e2dd566c6e0afc77bf896749cbb13008c6,2021-05,Durham Constabulary,Durham Constabulary,-1.647098,54.634300,On or near Association Street,E01020838,County Durham 059C,Violence and sexual offences,Unable to prosecute suspect,
797c74d2adc3b930ed3e3c0e454d7217ff8d2496285912994abb47019009bae0,2021-05,Durham Constabulary,Durham Constabulary,-1.639574,54.644253,On or near Main Road,E01020838,County Durham 059C,Violence and sexual offences,Unable to prosecute suspect,
,2021-05,Durham Constabulary,Durham Constabulary,-1.640849,54.635001,On or near Alexandra Street,E01020839,County Durham 059D,Anti-social behaviour,,
,2021-05,Durham Constabulary,Durham Constabulary,-1.655836,54.634226,On or near Auckland Terrace,E01020839,County Durham 059D,Anti-social behaviour,,
,2021-05,Durham Constabulary,Durham Constabulary,-1.648899,54.632113,On or near Police Station,E01020839,County Durham 059D,Anti-social behaviour,,
,2021-05,Durham Constabulary,Durham Constabulary,-1.654099,54.634446,On or near Auckland Wynd,E01020839,County Durham 059D,Anti-social behaviour,,
6740e1655c1255e04b0cc65816da13ad55bc49ec53dbffb7f1c5d73ed1ed8c00,2021-05,Durham Constabulary,Durham Constabulary,-1.650350,54.632728,On or near Quarry Street,E01020839,County Durham 059D,Criminal damage and arson,Status update unavailable,
3320aca964b300cd002517979e4bcaf4198ff10c6d7c3c52dc9e600d2cec6734,2021-05,Durham Constabulary,Durham Constabulary,-1.654099,54.634446,On or near Auckland Wynd,E01020839,County Durham 059D,Criminal damage and arson,Investigation complete; no suspect identified,
2819e24fbf87698b276561c5c9069574e5fe95d92463ac0d6cbcc79518e1dce1,2021-05,Durham Constabulary,Durham Constabulary,-1.655590,54.635852,On or near Elm Drive,E01020839,County Durham 059D,Criminal damage and arson,Local resolution,
d5bf78652febcded0081f4b0271a49fdec413964cb429e1c56a5bee9f3a66827,2021-05,Durham Constabulary,Durham Constabulary,-1.650350,54.632728,On or near Quarry Street,E01020839,County Durham 059D,Criminal damage and arson,Investigation complete; no suspect identified,
6a6b5bbc4c6ca2ce8edb7e53c4880fe5bbe937715cb7993a64cfc47ad6e430b9,2021-05,Durham Constabulary,Durham Constabulary,-1.643599,54.632286,On or near Windsor Terrace,E01020839,County Durham 059D,Criminal damage and arson,Investigation complete; no suspect identified,
703d2d95ce1a18053b0042b6bef5551c77d3dc1c30486bb5562235fe82dc0c68,2021-05,Durham Constabulary,Durham Constabulary,-1.650350,54.632728,On or near Quarry Street,E01020839,County Durham 059D,Criminal damage and arson,Investigation complete; no suspect identified,
4e77e439f4f67f4e2321766829c33865cccb821282495770eee79896b05dacfb,2021-05,Durham Constabulary,Durham Constabulary,-1.655836,54.634226,On or near Auckland Terrace,E01020839,County Durham 059D,Criminal damage and arson,Unable to prosecute suspect,
3d405510cf83f6fa31fc7cd655d3c3b589be7c2e2a81d5d149c4e00d23712761,2021-05,Durham Constabulary,Durham Constabulary,-1.648899,54.632113,On or near Police Station,E01020839,County Durham 059D,Criminal damage and arson,Unable to prosecute suspect,
49ab05ad4f38f78ed9a3541f710cb069451951fae16f2fe29cf2fe91b48f4029,2021-05,Durham Constabulary,Durham Constabulary,-1.650350,54.632728,On or near Quarry Street,E01020839,County Durham 059D,Criminal damage and arson,Investigation complete; no suspect identified,
126338e8c290f34751c61ccbdb4b520c3d78b0d86813628ab30f7e7bed26be7d,2021-05,Durham Constabulary,Durham Constabulary,-1.641723,54.634230,On or near Albert Street,E01020839,County Durham 059D,Possession of weapons,Further investigation is not in the public interest,
81f9464c3df733b24fd6bd3217eb3e94524ac76f40c5f6518389a47eb9fc3541,2021-05,Durham Constabulary,Durham Constabulary,-1.641526,54.633781,On or near South View,E01020839,County Durham 059D,Violence and sexual offences,Unable to prosecute suspect,
2299bbb2f56f9cc0a1231961cc4bf7207b86376bde6893779c78f88adce642c3,2021-05,Durham Constabulary,Durham Constabulary,-1.631671,54.634075,On or near Sports/Recreation Area,E01020839,County Durham 059D,Violence and sexual offences,Unable to prosecute suspect,
32a29553a4a10c43d9ae3a0ad2a67ce4dc2f777ae77f82e76200b159c75a953e,2021-05,Durham Constabulary,Durham Constabulary,-1.643599,54.632286,On or near Windsor Terrace,E01020839,County Durham 059D,Violence and sexual offences,Investigation complete; no suspect identified,
f9c49b228a029c66a02fd720814577e8b53d112b79f3b5d6bc9ffa830148ca59,2021-05,Durham Constabulary,Durham Constabulary,-1.651293,54.632856,On or near Cottage Road,E01020839,County Durham 059D,Violence and sexual offences,Unable to prosecute suspect,
148650b4b5c4850e6c703002ed3d48c5faa8395ec2cae02242f229104fc70054,2021-05,Durham Constabulary,Durham Constabulary,-1.655836,54.634226,On or near Auckland Terrace,E01020839,County Durham 059D,Violence and sexual offences,Court result unavailable,
8e354955b89f48330847097b6b743a426197c29f0f6294ea161ccc23b1fd7d11,2021-05,Durham Constabulary,Durham Constabulary,-1.654542,54.633441,On or near Garbutt Close,E01020839,County Durham 059D,Violence and sexual offences,Unable to prosecute suspect,
f29c4e24abce9ea92cd4a2aee8e2d70e653c471a5a4aeb0949348fe1eaf15fb3,2021-05,Durham Constabulary,Durham Constabulary,-1.641723,54.634230,On or near Albert Street,E01020839,County Durham 059D,Other crime,Further investigation is not in the public interest,
,2021-05,Durham Constabulary,Durham Constabulary,-1.637320,54.627639,On or near Sports/Recreation Area,E01020840,County Durham 059E,Anti-social behaviour,,
,2021-05,Durham Constabulary,Durham Constabulary,-1.637320,54.627639,On or near Sports/Recreation Area,E01020840,County Durham 059E,Anti-social behaviour,,
,2021-05,Durham Constabulary,Durham Constabulary,-1.633319,54.629892,On or near Hazeldale Avenue,E01020840,County Durham 059E,Anti-social behaviour,,
,2021-05,Durham Constabulary,Durham Constabulary,-1.633467,54.627205,On or near Linden Close,E01020840,County Durham 059E,Anti-social behaviour,,
,2021-05,Durham Constabulary,Durham Constabulary,-1.637320,54.627639,On or near Sports/Recreation Area,E01020840,County Durham 059E,Anti-social behaviour,,
,2021-05,Durham Constabulary,Durham Constabulary,-1.634317,54.625743,On or near Parking Area,E01020840,County Durham 059E,Anti-social behaviour,,
,2021-05,Durham Constabulary,Durham Constabulary,-1.634317,54.625743,On or near Parking Area,E01020840,County Durham 059E,Anti-social behaviour,,
,2021-05,Durham Constabulary,Durham Constabulary,-1.633943,54.627665,On or near Hilsdon Drive,E01020840,County Durham 059E,Anti-social behaviour,,
,2021-05,Durham Constabulary,Durham Constabulary,-1.633084,54.628543,On or near Tynedale Walk,E01020840,County Durham 059E,Anti-social behaviour,,
a25293304d5e93a1053a8e961745491323156e637ec12a8c5947abb0029a3ec6,2021-05,Durham Constabulary,Durham Constabulary,-1.630896,54.628941,On or near Spout Lane,E01020840,County Durham 059E,Criminal damage and arson,Investigation complete; no suspect identified,
76444885de2acd36c16818551024495b949accb985e27650f8cb0b7575125e25,2021-05,Durham Constabulary,Durham Constabulary,-1.637676,54.624216,On or near Dalton Crescent,E01020840,County Durham 059E,Criminal damage and arson,Investigation complete; no suspect identified,
6a070160d3e8c3de0303ce98453fc3d71e90cb463e81f515198eca2964c2cad1,2021-05,Durham Constabulary,Durham Constabulary,-1.637320,54.627639,On or near Sports/Recreation Area,E01020840,County Durham 059E,Criminal damage and arson,Unable to prosecute suspect,
d0c167d0103c4b60056f9016f8b0a242ddbff5f0016307790e16cff607b5e1f3,2021-05,Durham Constabulary,Durham Constabulary,-1.633943,54.627665,On or near Hilsdon Drive,E01020840,County Durham 059E,Criminal damage and arson,Unable to prosecute suspect,
66845d9d4a8af70a85a5e1ec45e59bd86939ab7833242a27fcd4b493c8ad72b1,2021-05,Durham Constabulary,Durham Constabulary,-1.635446,54.624209,On or near Dale Grove,E01020840,County Durham 059E,Criminal damage and arson,Investigation complete; no suspect identified,
7c05b7c9b6df026a643fefe0ebf263783f1d0d5d98ce2acdbf5b67bce259668b,2021-05,Durham Constabulary,Durham Constabulary,-1.628710,54.632601,On or near Baysdale Gardens,E01020840,County Durham 059E,Criminal damage and arson,Investigation complete; no suspect identified,
92d0a5b961fb2831523cb614929535da8a587b541f384e4d5eec96bd5dccc402,2021-05,Durham Constabulary,Durham Constabulary,-1.633742,54.629363,On or near Rosedale Crescent,E01020840,County Durham 059E,Violence and sexual offences,Court result unavailable,
2670aed74574166ab777bba1f4dfaa7e9e343d557811f1c81c845a638f76f570,2021-05,Durham Constabulary,Durham Constabulary,-1.631542,54.629428,On or near Teesdale Walk,E01020840,County Durham 059E,Violence and sexual offences,Unable to prosecute suspect,
b08d93475256da15ae54589e7ae6451210fa2202e1a37219c65d0f086d8561be,2021-05,Durham Constabulary,Durham Constabulary,-1.628710,54.632601,On or near Baysdale Gardens,E01020840,County Durham 059E,Violence and sexual offences,Court result unavailable,
904382c1012e42be0349794300b0604981ef9789885e1a68c8a872c6b659b895,2021-05,Durham Constabulary,Durham Constabulary,-1.637320,54.627639,On or near Sports/Recreation Area,E01020840,County Durham 059E,Violence and sexual offences,Unable to prosecute suspect,
5185a5f6cb1773a256392c0414ddba048bbc7f5c8b34086d2d6185cbc66b8768,2021-05,Durham Constabulary,Durham Constabulary,-1.630896,54.628941,On or near Spout Lane,E01020840,County Durham 059E,Violence and sexual offences,Unable to prosecute suspect,
6f2489d5ea3b5bae151879ce243cab1c25be30da9cb4a42b7bd285576c7c1b00,2021-05,Durham Constabulary,Durham Constabulary,-1.634317,54.625743,On or near Parking Area,E01020840,County Durham 059E,Violence and sexual offences,Investigation complete; no suspect identified,
02fac92983d4a6f8240a064353943cc0cda6296074dce3be1f8488ca07422af9,2021-05,Durham Constabulary,Durham Constabulary,-1.630896,54.628941,On or near Spout Lane,E01020840,County Durham 059E,Violence and sexual offences,Unable to prosecute suspect,
4af6654f774d6bcc021a445ecc3db1e0d08222909011df25337be1f65aeb2290,2021-05,Durham Constabulary,Durham Constabulary,-1.633742,54.629363,On or near Rosedale Crescent,E01020840,County Durham 059E,Violence and sexual offences,Court result unavailable,
,2021-05,Durham Constabulary,Durham Constabulary,-1.635139,54.630841,On or near Pine Tree Crescent,E01020841,County Durham 059F,Anti-social behaviour,,
,2021-05,Durham Constabulary,Durham Constabulary,-1.635131,54.629996,On or near Rowan Avenue,E01020841,County Durham 059F,Anti-social behaviour,,
,2021-05,Durham Constabulary,Durham Constabulary,-1.638096,54.631038,On or near Firtree,E01020841,County Durham 059F,Anti-social behaviour,,
,2021-05,Durham Constabulary,Durham Constabulary,-1.636474,54.630485,On or near Maple Avenue,E01020841,County Durham 059F,Anti-social behaviour,,
,2021-05,Durham Constabulary,Durham Constabulary,-1.638096,54.631038,On or near Firtree,E01020841,County Durham 059F,Anti-social behaviour,,
7dd24e0ef41cbdefb9cb36b75524aa79c8fc20296e3246ad749e839b49056255,2021-05,Durham Constabulary,Durham Constabulary,-1.642093,54.632650,On or near Ash Grove,E01020841,County Durham 059F,Burglary,Investigation complete; no suspect identified,
41da485f5ec76bf99059ef7efff6cc53c611967238b8c807ead3f05bb4e4f521,2021-05,Durham Constabulary,Durham Constabulary,-1.640187,54.630991,On or near Cedar Grove,E01020841,County Durham 059F,Criminal damage and arson,Investigation complete; no suspect identified,
61dfcf0c74df6c669a3924b09332a01be41900b67cc7925056dc0e6446f29058,2021-05,Durham Constabulary,Durham Constabulary,-1.642093,54.632650,On or near Ash Grove,E01020841,County Durham 059F,Criminal damage and arson,Investigation complete; no suspect identified,
ef05daefd6affce32cbc4fd12d82ec477ee3498625ea1424d8ff681fc1b2ee68,2021-05,Durham Constabulary,Durham Constabulary,-1.638096,54.631038,On or near Firtree,E01020841,County Durham 059F,Criminal damage and arson,Local resolution,
f7db2b8115ed162cff6bf3c87647f8ecfff09329420f33521d467fc5ff20e37b,2021-05,Durham Constabulary,Durham Constabulary,-1.632622,54.631651,On or near Lime Grove,E01020841,County Durham 059F,Criminal damage and arson,Offender given a caution,
c9a4d239099570f69df6b7064ca430a0463c3fffbf63aad7f16ef9339a7bf4da,2021-05,Durham Constabulary,Durham Constabulary,-1.635131,54.629996,On or near Rowan Avenue,E01020841,County Durham 059F,Criminal damage and arson,Status update unavailable,
9165fe0a6968552eb7ce6a136539eb2ee0376445f91bff5c8a24bf81fe438aa0,2021-05,Durham Constabulary,Durham Constabulary,-1.636209,54.632417,On or near Holly Hill,E01020841,County Durham 059F,Criminal damage and arson,Investigation complete; no suspect identified,
e29a43b1d49d8847ac0bcbefda011d186f75ed86aea7c43e5878f2800b7feb1a,2021-05,Durham Constabulary,Durham Constabulary,-1.636209,54.632417,On or near Holly Hill,E01020841,County Durham 059F,Criminal damage and arson,Investigation complete; no suspect identified,
978706e8245e1d41e8331e5272e51a220c9ab82e2f2d7fc1a3ff788e12e36ce9,2021-05,Durham Constabulary,Durham Constabulary,-1.640187,54.630991,On or near Cedar Grove,E01020841,County Durham 059F,Drugs,Court result unavailable,
ae4ea7c97d24fa9de1b8456219f5fa217f4099757a286196ede7d34af43f8553,2021-05,Durham Constabulary,Durham Constabulary,-1.636209,54.632417,On or near Holly Hill,E01020841,County Durham 059F,Public order,Investigation complete; no suspect identified,
2ad25fdcd6ad5f3bfb3e3b627b9e314855953090c480c27b8959da7a5ec9d379,2021-05,Durham Constabulary,Durham Constabulary,-1.635139,54.630841,On or near Pine Tree Crescent,E01020841,County Durham 059F,Public order,Court result unavailable,
f1529d8644884dd30ccf5c8b7047b6d33a55c8090c3a29b28aa756cb2c13d101,2021-05,Durham Constabulary,Durham Constabulary,-1.639688,54.631439,On or near Jubilee Road,E01020841,County Durham 059F,Public order,Court result unavailable,
8650ccb4950436695732481a755c391a6281b712df88c5d9689aa48ea030a75e,2021-05,Durham Constabulary,Durham Constabulary,-1.635139,54.630841,On or near Pine Tree Crescent,E01020841,County Durham 059F,Public order,Further action is not in the public interest,
f4b939bedfb466eb6c3398c6f87b847a79ad74827c2771cf6c8ddb8d11abbe5f,2021-05,Durham Constabulary,Durham Constabulary,-1.635131,54.629996,On or near Rowan Avenue,E01020841,County Durham 059F,Violence and sexual offences,Status update unavailable,
1a47db6326d37677de4b9b2a86a8dca1d2160c605c69eceeec9a8a880d4b57fc,2021-05,Durham Constabulary,Durham Constabulary,-1.640187,54.630991,On or near Cedar Grove,E01020841,County Durham 059F,Violence and sexual offences,Unable to prosecute suspect,
08bbce21b29ef3dacfaee1b957962a3ca1276ee8bf6381993fcade7cdbc9ead0,2021-05,Durham Constabulary,Durham Constabulary,-1.635139,54.630841,On or near Pine Tree Crescent,E01020841,County Durham 059F,Violence and sexual offences,Further action is not in the public interest,
b9bd52fb72ac7373961cc50a625b5ed6d3a1d3f5532325d42afca279f186d1a1,2021-05,Durham Constabulary,Durham Constabulary,-1.632622,54.631651,On or near Lime Grove,E01020841,County Durham 059F,Violence and sexual offences,Unable to prosecute suspect,
b6c4f49828fdee7fff57cdbbfc2410cd79bf930c29a8a5423cefb92bbe4aed77,2021-05,Durham Constabulary,Durham Constabulary,-1.635139,54.630841,On or near Pine Tree Crescent,E01020841,County Durham 059F,Violence and sexual offences,Unable to prosecute suspect,
d9b87ccf715ba9504e3a2baf8e8504ad0b6241c9daa8372fa696e704748a3c71,2021-05,Durham Constabulary,Durham Constabulary,-1.636209,54.632417,On or near Holly Hill,E01020841,County Durham 059F,Violence and sexual offences,Unable to prosecute suspect,
cf247b5fff0ae55969968332a9d883a586c9c6ca9547deed94929e7c558d697b,2021-05,Durham Constabulary,Durham Constabulary,-1.640187,54.630991,On or near Cedar Grove,E01020841,County Durham 059F,Violence and sexual offences,Unable to prosecute suspect,
199b1e925426737e5434738e8786b1687f05ed1da05e1e8951977559fa01d0c4,2021-05,Durham Constabulary,Durham Constabulary,-1.635139,54.630841,On or near Pine Tree Crescent,E01020841,County Durham 059F,Violence and sexual offences,Unable to prosecute suspect,
c1294b32ff6cbb295e8941dc87a1a14c95a4c4ce062cba8c8a002f09d90da9a4,2021-05,Durham Constabulary,Durham Constabulary,-1.635131,54.629996,On or near Rowan Avenue,E01020841,County Durham 059F,Violence and sexual offences,Unable to prosecute suspect,
31cfd8c19cd7f4baaed571ed47ec767d4d230136656a9dd9306f729826e46951,2021-05,Durham Constabulary,Durham Constabulary,-1.635139,54.630841,On or near Pine Tree Crescent,E01020841,County Durham 059F,Violence and sexual offences,Unable to prosecute suspect,
c7af2a25aad3615885de1d41ea31504c2b4bb9abf0067294c589db9d355d1940,2021-05,Durham Constabulary,Durham Constabulary,-1.640187,54.630991,On or near Cedar Grove,E01020841,County Durham 059F,Violence and sexual offences,Unable to prosecute suspect,
d0e52bdee982d78b4155581095785b1b056e8d7b315343f7d9541929fd4b30e8,2021-05,Durham Constabulary,Durham Constabulary,-1.636209,54.632417,On or near Holly Hill,E01020841,County Durham 059F,Violence and sexual offences,Unable to prosecute suspect,
bb59fb7d5f5d6392be9c1dc70498740824d2517d73bdfe5625e63724bb75d53a,2021-05,Durham Constabulary,Durham Constabulary,-1.638096,54.631038,On or near Firtree,E01020841,County Durham 059F,Violence and sexual offences,Court result unavailable,
a553e303764bd1483f060e40ef0d3b2271e82fdec26879ea2a731533211b7762,2021-05,Durham Constabulary,Durham Constabulary,-1.632622,54.631651,On or near Lime Grove,E01020841,County Durham 059F,Violence and sexual offences,Unable to prosecute suspect,
472c5979ab6c94e30888ce549775173ccdd2a922a9dc2e9d81411a10f9118b15,2021-05,Durham Constabulary,Durham Constabulary,-1.639533,54.629623,On or near Chestnut Close,E01020841,County Durham 059F,Violence and sexual offences,Investigation complete; no suspect identified,
27d670323d2ed0db1b28b17d172a0dee0cdf1d86e5c5cfcaff2c1976bea97d50,2021-05,Durham Constabulary,Durham Constabulary,-1.637952,54.629726,On or near Jasmine Avenue,E01020841,County Durham 059F,Violence and sexual offences,Unable to prosecute suspect,
,2021-05,Durham Constabulary,Durham Constabulary,-1.598621,54.625207,On or near Rookwood Hunt,E01020813,County Durham 060A,Anti-social behaviour,,
,2021-05,Durham Constabulary,Durham Constabulary,-1.593587,54.628408,On or near Russell Court,E01020813,County Durham 060A,Anti-social behaviour,,
cb8eba4f8633b3b42708d26e62f002255dbffba650c4e6bfbf78ad2ee92722ec,2021-05,Durham Constabulary,Durham Constabulary,-1.595356,54.626464,On or near Luttryngton Court,E01020813,County Durham 060A,Drugs,Status update unavailable,
e408baafbf8915044bd361f3f33fd3ba9b4df4ca35bd6a597c3c9f68dab3c02e,2021-05,Durham Constabulary,Durham Constabulary,-1.601645,54.624858,On or near The Meet,E01020813,County Durham 060A,Other theft,Investigation complete; no suspect identified,
d4a28d849f1ff5b40c3b1f7529bf0d54028cf884cebff302f50a5b21705c9d90,2021-05,Durham Constabulary,Durham Constabulary,-1.588694,54.628203,On or near Alverton Drive,E01020813,County Durham 060A,Violence and sexual offences,Offender given a caution,
b60cc14c116f3c162261f2cb5543e81d88915f5f75261b4f065073ee73874187,2021-05,Durham Constabulary,Durham Constabulary,-1.587199,54.630480,On or near Gamul Close,E01020813,County Durham 060A,Violence and sexual offences,Local resolution,
,2021-05,Durham Constabulary,Durham Constabulary,-1.592686,54.623965,On or near Meadowfield Way,E01020814,County Durham 060B,Anti-social behaviour,,
708cf1d31171fdeb616ad37c5d8675af40d30355635cff8109fad4f54a1ac0dc,2021-05,Durham Constabulary,Durham Constabulary,-1.586236,54.630729,On or near Lancelot Close,E01020814,County Durham 060B,Other theft,Unable to prosecute suspect,
a1367538bec3294a8b6e59093c011bf843a4b7aae54a4ffd0f18363214da1be0,2021-05,Durham Constabulary,Durham Constabulary,-1.587353,54.626050,On or near Bluebell Close,E01020814,County Durham 060B,Public order,Unable to prosecute suspect,
20255056d6448f27a89460b7f088320d8fc67d4ffcd05c5043e7c72d275d5d7b,2021-05,Durham Constabulary,Durham Constabulary,-1.587353,54.626050,On or near Bluebell Close,E01020814,County Durham 060B,Violence and sexual offences,Unable to prosecute suspect,
fb2a2020e2cd5a994560b69e6b0f071f60d391339c945f47e2232920340e8b04,2021-05,Durham Constabulary,Durham Constabulary,-1.592686,54.623965,On or near Meadowfield Way,E01020814,County Durham 060B,Violence and sexual offences,Unable to prosecute suspect,
39dac6e8f8c744f15e19157d0d15313e1466bb05f7090a4647381950e86c769d,2021-05,Durham Constabulary,Durham Constabulary,-1.587353,54.626050,On or near Bluebell Close,E01020814,County Durham 060B,Other crime,Unable to prosecute suspect,
,2021-05,Durham Constabulary,Durham Constabulary,-1.600473,54.621143,On or near Pedestrian Subway,E01020815,County Durham 060C,Anti-social behaviour,,
,2021-05,Durham Constabulary,Durham Constabulary,-1.600473,54.621143,On or near Pedestrian Subway,E01020815,County Durham 060C,Anti-social behaviour,,
,2021-05,Durham Constabulary,Durham Constabulary,-1.600473,54.621143,On or near Pedestrian Subway,E01020815,County Durham 060C,Anti-social behaviour,,
,2021-05,Durham Constabulary,Durham Constabulary,-1.599127,54.622594,On or near Fewston Close,E01020815,County Durham 060C,Anti-social behaviour,,
,2021-05,Durham Constabulary,Durham Constabulary,-1.599127,54.622594,On or near Fewston Close,E01020815,County Durham 060C,Anti-social behaviour,,
,2021-05,Durham Constabulary,Durham Constabulary,-1.610568,54.624608,On or near Walker'S Lane,E01020815,County Durham 060C,Anti-social behaviour,,
,2021-05,Durham Constabulary,Durham Constabulary,-1.597658,54.622364,On or near Stocks Green,E01020815,County Durham 060C,Anti-social behaviour,,
a0dc753004f4a05aff4e34520e8335fef4bde033d8b04d8c01311d4a0a69ab9b,2021-05,Durham Constabulary,Durham Constabulary,-1.600473,54.621143,On or near Pedestrian Subway,E01020815,County Durham 060C,Criminal damage and arson,Unable to prosecute suspect,
99da184045ce144694180913138ce3974b0569bd50830908cfa3677e0d27c345,2021-05,Durham Constabulary,Durham Constabulary,-1.599127,54.622594,On or near Fewston Close,E01020815,County Durham 060C,Drugs,Court result unavailable,
e844664054306dcd8a816f91cff23d8b90a2ddb5ef92e6ef55e4e659c52aa569,2021-05,Durham Constabulary,Durham Constabulary,-1.599127,54.622594,On or near Fewston Close,E01020815,County Durham 060C,Other theft,Unable to prosecute suspect,
8055c7a4915e043b6060edbb633b38cc7648f1c8654a1a48bdfa4862c211f0ab,2021-05,Durham Constabulary,Durham Constabulary,-1.599127,54.622594,On or near Fewston Close,E01020815,County Durham 060C,Violence and sexual offences,Unable to prosecute suspect,
cafa20a748a51c729c07900423b9d835468629766d554c4ccbc38e9698f7db03,2021-05,Durham Constabulary,Durham Constabulary,-1.611783,54.630391,On or near The Close,E01020815,County Durham 060C,Violence and sexual offences,Unable to prosecute suspect,
aa2889c966fe593c2811e51fab1ad10cef7f5014de7cd0ef951e67e771bc02d5,2021-05,Durham Constabulary,Durham Constabulary,-1.599127,54.622594,On or near Fewston Close,E01020815,County Durham 060C,Violence and sexual offences,Unable to prosecute suspect,
fda6a2f6db8af634a44116301bb353f52b7e8c55c41548bf0d077c6368a2e9d7,2021-05,Durham Constabulary,Durham Constabulary,-1.599127,54.622594,On or near Fewston Close,E01020815,County Durham 060C,Violence and sexual offences,Unable to prosecute suspect,
09f1ac8eff3dd7ebbec22115e405ea513bec7cf6aad6afa6e7b585ba89ad4a48,2021-05,Durham Constabulary,Durham Constabulary,-1.599127,54.622594,On or near Fewston Close,E01020815,County Durham 060C,Violence and sexual offences,Unable to prosecute suspect,
bdf4e1ade1843ba74110e8a197c4d004412f6d9a6dd9317d9384e10e2d84793c,2021-05,Durham Constabulary,Durham Constabulary,-1.597658,54.622364,On or near Stocks Green,E01020815,County Durham 060C,Violence and sexual offences,Unable to prosecute suspect,
,2021-05,Durham Constabulary,Durham Constabulary,-1.568887,54.632232,On or near Kirkham Close,E01020848,County Durham 060D,Anti-social behaviour,,
,2021-05,Durham Constabulary,Durham Constabulary,-1.567868,54.631932,On or near Beaumont Close,E01020848,County Durham 060D,Anti-social behaviour,,
,2021-05,Durham Constabulary,Durham Constabulary,-1.565843,54.628590,On or near Whitton Court,E01020848,County Durham 060D,Anti-social behaviour,,
,2021-05,Durham Constabulary,Durham Constabulary,-1.566910,54.631614,On or near Farnham Close,E01020848,County Durham 060D,Anti-social behaviour,,
,2021-05,Durham Constabulary,Durham Constabulary,-1.573627,54.629301,On or near Morrison Close,E01020848,County Durham 060D,Anti-social behaviour,,
3019e190744d6b2a4b782c8d52ca877ef04b84c3441f0534669d98f73181fe1f,2021-05,Durham Constabulary,Durham Constabulary,-1.569011,54.627847,On or near Foxton Close,E01020848,County Durham 060D,Public order,Unable to prosecute suspect,
24d25461d5a80338375669df09f0372a276c7cc17a8f2cc71da17daada7b4d7f,2021-05,Durham Constabulary,Durham Constabulary,-1.568806,54.634020,On or near Yarrow Court,E01020848,County Durham 060D,Public order,Unable to prosecute suspect,
0b1b41e6d7aa235d4e488407b4b2bf32d047847f235b4564f6326084d51be47a,2021-05,Durham Constabulary,Durham Constabulary,-1.565843,54.628590,On or near Whitton Court,E01020848,County Durham 060D,Violence and sexual offences,Unable to prosecute suspect,
2040e60eb26bdab5ba6d3f38f8c5620235634e00a5bd6e7e4795b0cccdbba834,2021-05,Durham Constabulary,Durham Constabulary,-1.567868,54.631932,On or near Beaumont Close,E01020848,County Durham 060D,Violence and sexual offences,Unable to prosecute suspect,
4b94456b3baef8925342530ca3beceed325a40c5ed08426be3e5ca14146ea5e6,2021-05,Durham Constabulary,Durham Constabulary,-1.573739,54.628906,On or near Agnew Way,E01020848,County Durham 060D,Violence and sexual offences,Unable to prosecute suspect,
7f356288df383a7307bec7d1d38312b09eb9a6355261ed55515f5853e648d14f,2021-05,Durham Constabulary,Durham Constabulary,-1.568887,54.632232,On or near Kirkham Close,E01020848,County Durham 060D,Violence and sexual offences,Unable to prosecute suspect,
fa43cb47e12aab23954128c23776b05a720be813044da6e0935fcad231d09e33,2021-05,Durham Constabulary,Durham Constabulary,-1.567868,54.631932,On or near Beaumont Close,E01020848,County Durham 060D,Violence and sexual offences,Unable to prosecute suspect,
,2021-05,Durham Constabulary,Durham Constabulary,-1.574526,54.633645,On or near Woodham Gate,E01020850,County Durham 060E,Anti-social behaviour,,
,2021-05,Durham Constabulary,Durham Constabulary,-1.574526,54.633645,On or near Woodham Gate,E01020850,County Durham 060E,Anti-social behaviour,,
,2021-05,Durham Constabulary,Durham Constabulary,-1.581816,54.629725,On or near Alan Gray Court,E01020850,County Durham 060E,Anti-social behaviour,,
,2021-05,Durham Constabulary,Durham Constabulary,-1.583667,54.633578,On or near Forster Close,E01020850,County Durham 060E,Anti-social behaviour,,
,2021-05,Durham Constabulary,Durham Constabulary,-1.583654,54.631807,On or near Ashtree Close,E01020850,County Durham 060E,Anti-social behaviour,,
,2021-05,Durham Constabulary,Durham Constabulary,-1.574526,54.633645,On or near Woodham Gate,E01020850,County Durham 060E,Anti-social behaviour,,
0236d253b33fc42429b36a0d4deb7bd8c500c6359f0ea1ed1c14b0db488d02fc,2021-05,Durham Constabulary,Durham Constabulary,-1.584060,54.634541,On or near Patenson Court,E01020850,County Durham 060E,Violence and sexual offences,Unable to prosecute suspect,
05345737371a959f30e6bd250651f9bdbbc33656dcf7555c389564bf260b0b8f,2021-05,Durham Constabulary,Durham Constabulary,-1.579460,54.635882,On or near Haslewood Road,E01020850,County Durham 060E,Violence and sexual offences,Unable to prosecute suspect,
5edbd2a4ec0f93f1a1ba962b6b312ad7d398ca9645928fda3ecb5b4809c2c403,2021-05,Durham Constabulary,Durham Constabulary,-1.584060,54.634541,On or near Patenson Court,E01020850,County Durham 060E,Violence and sexual offences,Unable to prosecute suspect,
69091a6014631bf232e6273034ace6d1cf257be791cbaaeab412d366da4aeb1f,2021-05,Durham Constabulary,Durham Constabulary,-1.572643,54.630079,On or near Stargate Close,E01020850,County Durham 060E,Violence and sexual offences,Unable to prosecute suspect,
f0cdd7a3d7176ac8bcc618ada00c94a38c07fcc80889ec385c383d7d6d001137,2021-05,Durham Constabulary,Durham Constabulary,-1.583654,54.631807,On or near Ashtree Close,E01020850,County Durham 060E,Violence and sexual offences,Unable to prosecute suspect,
f3fe836ba878e40ffe27b0b2b5387e4f2a7a95c21c4898bc58e6747693e17633,2021-05,Durham Constabulary,Durham Constabulary,-1.583667,54.633578,On or near Forster Close,E01020850,County Durham 060E,Violence and sexual offences,Unable to prosecute suspect,
38b51466b2631bd88f717efe9035946741dc8c74e7461daad8985cff6288930d,2021-05,Durham Constabulary,Durham Constabulary,-1.566390,54.633903,On or near Saint Elizabeth'S Close,E01020851,County Durham 060F,Public order,Unable to prosecute suspect,
e1bbe7bf64a4bfbde6ff2e771496bd73c3dd82494d7626a2dc579c84f6bff7e7,2021-05,Durham Constabulary,Durham Constabulary,-1.564205,54.632521,On or near Raby Drive,E01020851,County Durham 060F,Vehicle crime,Investigation complete; no suspect identified,
05d790a5f9ca431b4d73b6a8fa45b9da7f579acc8e58d5bb35ee5d76988105f7,2021-05,Durham Constabulary,Durham Constabulary,-1.563576,54.633399,On or near Fawn Close,E01020851,County Durham 060F,Violence and sexual offences,Action to be taken by another organisation,
063d8993d915d1ac572836ae95ca85b471da2184b2c3aa19438ff0f00e083e1e,2021-05,Durham Constabulary,Durham Constabulary,-1.564589,54.634274,On or near The Oaks,E01020851,County Durham 060F,Violence and sexual offences,Unable to prosecute suspect,
d8e315db4f4bf339692403f7a8993619fe6e0066004eba203348feb7022a496d,2021-05,Durham Constabulary,Durham Constabulary,-1.563576,54.633399,On or near Fawn Close,E01020851,County Durham 060F,Violence and sexual offences,Action to be taken by another organisation,
,2021-05,Durham Constabulary,Durham Constabulary,-1.594271,54.623396,On or near Stainmore Crescent,E01020816,County Durham 061A,Anti-social behaviour,,
,2021-05,Durham Constabulary,Durham Constabulary,-1.593633,54.617543,On or near Eskdale Place,E01020816,County Durham 061A,Anti-social behaviour,,
,2021-05,Durham Constabulary,Durham Constabulary,-1.594271,54.623396,On or near Stainmore Crescent,E01020816,County Durham 061A,Anti-social behaviour,,
,2021-05,Durham Constabulary,Durham Constabulary,-1.596751,54.620151,On or near Sports/Recreation Area,E01020816,County Durham 061A,Anti-social behaviour,,
,2021-05,Durham Constabulary,Durham Constabulary,-1.596751,54.620151,On or near Sports/Recreation Area,E01020816,County Durham 061A,Anti-social behaviour,,
,2021-05,Durham Constabulary,Durham Constabulary,-1.596751,54.620151,On or near Sports/Recreation Area,E01020816,County Durham 061A,Anti-social behaviour,,
,2021-05,Durham Constabulary,Durham Constabulary,-1.596751,54.620151,On or near Sports/Recreation Area,E01020816,County Durham 061A,Anti-social behaviour,,
,2021-05,Durham Constabulary,Durham Constabulary,-1.593633,54.617543,On or near Eskdale Place,E01020816,County Durham 061A,Anti-social behaviour,,
,2021-05,Durham Constabulary,Durham Constabulary,-1.596751,54.620151,On or near Sports/Recreation Area,E01020816,County Durham 061A,Anti-social behaviour,,
,2021-05,Durham Constabulary,Durham Constabulary,-1.596751,54.620151,On or near Sports/Recreation Area,E01020816,County Durham 061A,Anti-social behaviour,,
,2021-05,Durham Constabulary,Durham Constabulary,-1.596751,54.620151,On or near Sports/Recreation Area,E01020816,County Durham 061A,Anti-social behaviour,,
1d34e0252eadbec8472e35e1586bc137d097318547bc5b4bc5fa8305e673c21c,2021-05,Durham Constabulary,Durham Constabulary,-1.592908,54.618826,On or near Langdale Place,E01020816,County Durham 061A,Criminal damage and arson,Unable to prosecute suspect,
0533c6c6ebb009ab7823d8cd578812073a4905e213d0f7a44b001f901e0d835a,2021-05,Durham Constabulary,Durham Constabulary,-1.596751,54.620151,On or near Sports/Recreation Area,E01020816,County Durham 061A,Criminal damage and arson,Investigation complete; no suspect identified,
489e50f607111ea2ff751f199978d0cc70973f2db5a75e7aae9f8efc274f8fb2,2021-05,Durham Constabulary,Durham Constabulary,-1.592908,54.618826,On or near Langdale Place,E01020816,County Durham 061A,Drugs,Further action is not in the public interest,
f09d93290e36cbd287329adc339609101bf3adbe66a4e1eac6b2b802e0f84548,2021-05,Durham Constabulary,Durham Constabulary,-1.596826,54.621948,On or near Alston Crescent,E01020816,County Durham 061A,Drugs,Further action is not in the public interest,
0990a5598fc4f786131c32da269bcaed68ae6b69bc100d973c938c7ef88ff635,2021-05,Durham Constabulary,Durham Constabulary,-1.592908,54.618826,On or near Langdale Place,E01020816,County Durham 061A,Public order,Unable to prosecute suspect,
415e4cd3a139fb4e9ecd40f77d9fbb6b1f7fc3536a0c0cbd44ccc6030a7109cc,2021-05,Durham Constabulary,Durham Constabulary,-1.595888,54.624390,On or near Greenlee Garth,E01020816,County Durham 061A,Violence and sexual offences,Unable to prosecute suspect,
b25ad48767ecfc50376ebaf5492ac9a14be1bc0f35a56c6da67a65a93dc327e9,2021-05,Durham Constabulary,Durham Constabulary,-1.596826,54.621948,On or near Alston Crescent,E01020816,County Durham 061A,Violence and sexual offences,Unable to prosecute suspect,
b14153d79d04207cb1c78e8590784a6533c9dc2fc54ce1b7ed694919c08af527,2021-05,Durham Constabulary,Durham Constabulary,-1.596826,54.621948,On or near Alston Crescent,E01020816,County Durham 061A,Violence and sexual offences,Unable to prosecute suspect,
bffedea52319276cfb05441c62c10933e9af9fe5c694caab6313f4445bfdc96f,2021-05,Durham Constabulary,Durham Constabulary,-1.592908,54.618826,On or near Langdale Place,E01020816,County Durham 061A,Violence and sexual offences,Action to be taken by another organisation,
e7898d88c0d7cb95c0c11b1088f31add4fe1d5e158c8c811a84cbdd729185643,2021-05,Durham Constabulary,Durham Constabulary,-1.594271,54.623396,On or near Stainmore Crescent,E01020816,County Durham 061A,Violence and sexual offences,Investigation complete; no suspect identified,
854aa0046dea5333a9856c48316c2452b0871ceb4ba7eee2cff60a243418b0c5,2021-05,Durham Constabulary,Durham Constabulary,-1.592503,54.625205,On or near Hareson Road,E01020816,County Durham 061A,Violence and sexual offences,Investigation complete; no suspect identified,
,2021-05,Durham Constabulary,Durham Constabulary,-1.588815,54.622353,On or near Hawkshead Place,E01020844,County Durham 061B,Anti-social behaviour,,
,2021-05,Durham Constabulary,Durham Constabulary,-1.588449,54.615602,On or near Rowan Place,E01020844,County Durham 061B,Anti-social behaviour,,
,2021-05,Durham Constabulary,Durham Constabulary,-1.587120,54.621484,On or near Garburn Place,E01020844,County Durham 061B,Anti-social behaviour,,
,2021-05,Durham Constabulary,Durham Constabulary,-1.590922,54.619179,On or near Pedestrian Subway,E01020844,County Durham 061B,Anti-social behaviour,,
,2021-05,Durham Constabulary,Durham Constabulary,-1.587120,54.621484,On or near Garburn Place,E01020844,County Durham 061B,Anti-social behaviour,,
,2021-05,Durham Constabulary,Durham Constabulary,-1.590922,54.619179,On or near Pedestrian Subway,E01020844,County Durham 061B,Anti-social behaviour,,
,2021-05,Durham Constabulary,Durham Constabulary,-1.589688,54.618635,On or near Kirkstone Place,E01020844,County Durham 061B,Anti-social behaviour,,
,2021-05,Durham Constabulary,Durham Constabulary,-1.589688,54.618635,On or near Kirkstone Place,E01020844,County Durham 061B,Anti-social behaviour,,
,2021-05,Durham Constabulary,Durham Constabulary,-1.589688,54.618635,On or near Kirkstone Place,E01020844,County Durham 061B,Anti-social behaviour,,
,2021-05,Durham Constabulary,Durham Constabulary,-1.588815,54.622353,On or near Hawkshead Place,E01020844,County Durham 061B,Anti-social behaviour,,
,2021-05,Durham Constabulary,Durham Constabulary,-1.590922,54.619179,On or near Pedestrian Subway,E01020844,County Durham 061B,Anti-social behaviour,,
,2021-05,Durham Constabulary,Durham Constabulary,-1.590922,54.619179,On or near Pedestrian Subway,E01020844,County Durham 061B,Anti-social behaviour,,
cb331060d6913bafc52808ccc186a9a5fde5940f2dc3bcfdf210e56ec36c971a,2021-05,Durham Constabulary,Durham Constabulary,-1.590922,54.619179,On or near Pedestrian Subway,E01020844,County Durham 061B,Burglary,Investigation complete; no suspect identified,
cc0dbf108f5a883a27eeb524fb92db02a08257ae6f786ae5e76be3c158ea371f,2021-05,Durham Constabulary,Durham Constabulary,-1.590922,54.619179,On or near Pedestrian Subway,E01020844,County Durham 061B,Criminal damage and arson,Investigation complete; no suspect identified,
0d04a19856b9a6e2e73edb4f3d5fc974bc764fb7f9b80e6324ee3bdf45e17501,2021-05,Durham Constabulary,Durham Constabulary,-1.584126,54.615920,On or near Oakfield,E01020844,County Durham 061B,Other theft,Investigation complete; no suspect identified,
8a0fcc7afa4bb02844528b81ebda366d3b684afbdfb0f871cd4d1dfabfa3099f,2021-05,Durham Constabulary,Durham Constabulary,-1.589688,54.618635,On or near Kirkstone Place,E01020844,County Durham 061B,Public order,Investigation complete; no suspect identified,
5e86b49b4f9b4b5ef06ed912548a7f47a406df73d220fca926c07eb802b241bb,2021-05,Durham Constabulary,Durham Constabulary,-1.590922,54.619179,On or near Pedestrian Subway,E01020844,County Durham 061B,Shoplifting,Investigation complete; no suspect identified,
5b1b18910176f167931ffabd99f38dffd510359c8323a89bd4072b72f1cac2e8,2021-05,Durham Constabulary,Durham Constabulary,-1.590922,54.619179,On or near Pedestrian Subway,E01020844,County Durham 061B,Shoplifting,Investigation complete; no suspect identified,
6b8ec7c01abc44fc38bdffda6236c3765e395fc6615c7d0f19d7c2db20304c50,2021-05,Durham Constabulary,Durham Constabulary,-1.589688,54.618635,On or near Kirkstone Place,E01020844,County Durham 061B,Violence and sexual offences,Investigation complete; no suspect identified,
bd3fdb8e6c25eaa24c829f7b215cb1e9616dd17707b8a17d86e3d36901e5353a,2021-05,Durham Constabulary,Durham Constabulary,-1.587120,54.621484,On or near Garburn Place,E01020844,County Durham 061B,Violence and sexual offences,Unable to prosecute suspect,
6942e9d19dec0d543010c104e39e5c81a6326c17d449144be2a1ff0af85d395f,2021-05,Durham Constabulary,Durham Constabulary,-1.587120,54.621484,On or near Garburn Place,E01020844,County Durham 061B,Violence and sexual offences,Unable to prosecute suspect,
9e286861d8aff5e9ca3a1f12642346b4a9ae3200aaafc03211352e40f5786af1,2021-05,Durham Constabulary,Durham Constabulary,-1.590922,54.619179,On or near Pedestrian Subway,E01020844,County Durham 061B,Violence and sexual offences,Investigation complete; no suspect identified,
6c070ec263bcca62552f5a8e6fa79702409392e4f858d39f11691676ce01419d,2021-05,Durham Constabulary,Durham Constabulary,-1.591419,54.617482,On or near Whinlatter Place,E01020844,County Durham 061B,Violence and sexual offences,Unable to prosecute suspect,
4146894c3b728c3a9b3b4357e93ab96a65e721d9cbe75f005d35ef4d2c124252,2021-05,Durham Constabulary,Durham Constabulary,-1.591419,54.617482,On or near Whinlatter Place,E01020844,County Durham 061B,Violence and sexual offences,Unable to prosecute suspect,
46e622070e2ee14da362a8a4b5dab560d44df8e50e3192d398af7e038dd44610,2021-05,Durham Constabulary,Durham Constabulary,-1.587120,54.621484,On or near Garburn Place,E01020844,County Durham 061B,Violence and sexual offences,Unable to prosecute suspect,
286549d97a3bcb24194aba3b16b66e372b10125b40ae13d3051dba55dc14cce5,2021-05,Durham Constabulary,Durham Constabulary,-1.591485,54.618587,On or near Williamfield Way,E01020844,County Durham 061B,Violence and sexual offences,Unable to prosecute suspect,
,2021-05,Durham Constabulary,Durham Constabulary,-1.583095,54.625865,On or near Merlin Court,E01020847,County Durham 061C,Anti-social behaviour,,
,2021-05,Durham Constabulary,Durham Constabulary,-1.576968,54.626742,On or near Burn Lane,E01020847,County Durham 061C,Anti-social behaviour,,
,2021-05,Durham Constabulary,Durham Constabulary,-1.584459,54.625771,On or near Pedestrian Subway,E01020847,County Durham 061C,Anti-social behaviour,,
,2021-05,Durham Constabulary,Durham Constabulary,-1.576745,54.625825,On or near Brockett Close,E01020847,County Durham 061C,Anti-social behaviour,,
,2021-05,Durham Constabulary,Durham Constabulary,-1.583095,54.625865,On or near Merlin Court,E01020847,County Durham 061C,Anti-social behaviour,,
,2021-05,Durham Constabulary,Durham Constabulary,-1.580133,54.626241,On or near Sid Chaplin Drive,E01020847,County Durham 061C,Anti-social behaviour,,
,2021-05,Durham Constabulary,Durham Constabulary,-1.583095,54.625865,On or near Merlin Court,E01020847,County Durham 061C,Anti-social behaviour,,
,2021-05,Durham Constabulary,Durham Constabulary,-1.583146,54.623951,On or near Askrigg Close,E01020847,County Durham 061C,Anti-social behaviour,,
,2021-05,Durham Constabulary,Durham Constabulary,-1.576968,54.626742,On or near Burn Lane,E01020847,County Durham 061C,Anti-social behaviour,,
,2021-05,Durham Constabulary,Durham Constabulary,-1.576745,54.625825,On or near Brockett Close,E01020847,County Durham 061C,Anti-social behaviour,,
,2021-05,Durham Constabulary,Durham Constabulary,-1.576745,54.625825,On or near Brockett Close,E01020847,County Durham 061C,Anti-social behaviour,,
,2021-05,Durham Constabulary,Durham Constabulary,-1.580133,54.626241,On or near Sid Chaplin Drive,E01020847,County Durham 061C,Anti-social behaviour,,
863bb4db1aec5e109ed7bcc44b0202e949db79234421714c2746eb589d1c59b3,2021-05,Durham Constabulary,Durham Constabulary,-1.584459,54.625771,On or near Pedestrian Subway,E01020847,County Durham 061C,Criminal damage and arson,Investigation complete; no suspect identified,
3e32cd7c4d885f14334d7336c5975455375f235ac444a33dd0657630788199ca,2021-05,Durham Constabulary,Durham Constabulary,-1.585274,54.623311,On or near Keld Road,E01020847,County Durham 061C,Criminal damage and arson,Investigation complete; no suspect identified,
4a47537a470988ff544b5aa71b7e24e5838711e002cf36e973a75ade1d8855f1,2021-05,Durham Constabulary,Durham Constabulary,-1.585274,54.623311,On or near Keld Road,E01020847,County Durham 061C,Criminal damage and arson,Unable to prosecute suspect,
5f0ad07682224905aad0ef1162830a0b406243a10a421f50a2a30ac8eab58e95,2021-05,Durham Constabulary,Durham Constabulary,-1.580123,54.627239,On or near Bates Close,E01020847,County Durham 061C,Criminal damage and arson,Investigation complete; no suspect identified,
e65e9930d5a62a255960926072bdb22a0426d6f1dd1cd601c53883a7a0a2b817,2021-05,Durham Constabulary,Durham Constabulary,-1.583941,54.623388,On or near Malham Crescent,E01020847,County Durham 061C,Criminal damage and arson,Investigation complete; no suspect identified,
f04fc2773b164ed7f17ab9c36e110aaa942e2f6abc126187baff6acff5ba9f10,2021-05,Durham Constabulary,Durham Constabulary,-1.585274,54.623311,On or near Keld Road,E01020847,County Durham 061C,Criminal damage and arson,Investigation complete; no suspect identified,
30f73fa205a058f04ce0da4e78c56aefe123654e27c0af1a883277efe0c67097,2021-05,Durham Constabulary,Durham Constabulary,-1.580133,54.626241,On or near Sid Chaplin Drive,E01020847,County Durham 061C,Criminal damage and arson,Unable to prosecute suspect,
45c970e20f75f5b208d47f4d80f761362fe78b8695d3dc7bd5207ab3b16e5735,2021-05,Durham Constabulary,Durham Constabulary,-1.583146,54.623951,On or near Askrigg Close,E01020847,County Durham 061C,Public order,Investigation complete; no suspect identified,
4d87959c91ea6e647b524cf2aa677246eca26334afd6645c084f87890ed76a82,2021-05,Durham Constabulary,Durham Constabulary,-1.580133,54.626241,On or near Sid Chaplin Drive,E01020847,County Durham 061C,Violence and sexual offences,Investigation complete; no suspect identified,
a82b084625e5d2d3968e3140e8abae5ee4a496ee464c8b5eb58ae1505e5fb74c,2021-05,Durham Constabulary,Durham Constabulary,-1.580123,54.627239,On or near Bates Close,E01020847,County Durham 061C,Violence and sexual offences,Investigation complete; no suspect identified,
b84b070efb7e9ab3a20ab2d7835b85ba2c5bae592396e8100285b810738106d3,2021-05,Durham Constabulary,Durham Constabulary,-1.584459,54.625771,On or near Pedestrian Subway,E01020847,County Durham 061C,Violence and sexual offences,Unable to prosecute suspect,
b9094914f57a8e54c7799b5622b0e364d547d539450911b84f6ab4edc176a258,2021-05,Durham Constabulary,Durham Constabulary,-1.580123,54.627239,On or near Bates Close,E01020847,County Durham 061C,Violence and sexual offences,Further investigation is not in the public interest,
f3acbd1dd41fa374cbd2e2dc777ded1a2262946f0021de58c83f8dcff37861d0,2021-05,Durham Constabulary,Durham Constabulary,-1.576968,54.626742,On or near Burn Lane,E01020847,County Durham 061C,Violence and sexual offences,Unable to prosecute suspect,
d64e51e2c9f5ddb161ba01cc1968b340b9e5af79605e9fd836650c2d3a50b130,2021-05,Durham Constabulary,Durham Constabulary,-1.585274,54.623311,On or near Keld Road,E01020847,County Durham 061C,Violence and sexual offences,Unable to prosecute suspect,
778ca1c1af6b692b30c8377c35ac309e7c85a9c3cc73ecbe5fc45d75295c4f04,2021-05,Durham Constabulary,Durham Constabulary,-1.583146,54.623951,On or near Askrigg Close,E01020847,County Durham 061C,Violence and sexual offences,Investigation complete; no suspect identified,
f453e9cb53161e75ec5f1341729f60a331418c159d940eacbd10fb8a84e66bce,2021-05,Durham Constabulary,Durham Constabulary,-1.576968,54.626742,On or near Burn Lane,E01020847,County Durham 061C,Violence and sexual offences,Unable to prosecute suspect,
d5a1334f1dde66623c1c8f19856326d3379c0f56d1e7c2a1226e234c9ed70462,2021-05,Durham Constabulary,Durham Constabulary,-1.585274,54.623311,On or near Keld Road,E01020847,County Durham 061C,Violence and sexual offences,Unable to prosecute suspect,
abeae4d1d853bc42f132c79c318b67c0884bc1743993ca4d36adf1840d68e982,2021-05,Durham Constabulary,Durham Constabulary,-1.580986,54.624582,On or near Kestrel Court,E01020847,County Durham 061C,Violence and sexual offences,Unable to prosecute suspect,
0b57a9db806ba6da9f58fec5bbbb1d66eceadc18ad29a6e6a1e6f72e7edafde1,2021-05,Durham Constabulary,Durham Constabulary,-1.576968,54.626742,On or near Burn Lane,E01020847,County Durham 061C,Violence and sexual offences,Unable to prosecute suspect,
28839dee1c096f29c13ad8d135d6dfafe4d7f29c426e4cea3fd17e112ab41540,2021-05,Durham Constabulary,Durham Constabulary,-1.585274,54.623311,On or near Keld Road,E01020847,County Durham 061C,Violence and sexual offences,Unable to prosecute suspect,
bf16878094e2a4a364842f403d4e1a0db8d0c814a88ba31fef71026972563900,2021-05,Durham Constabulary,Durham Constabulary,-1.585274,54.623311,On or near Keld Road,E01020847,County Durham 061C,Violence and sexual offences,Unable to prosecute suspect,
5af0bbb49cc430abb28c5f1fa56900bd659134ba3f59b893b453221c66c4edf3,2021-05,Durham Constabulary,Durham Constabulary,-1.583095,54.625865,On or near Merlin Court,E01020847,County Durham 061C,Violence and sexual offences,Unable to prosecute suspect,
219776a22481b0ffb4ddd45ef93e8c1360a48c9ea143c32d94873f560c982ab6,2021-05,Durham Constabulary,Durham Constabulary,-1.585274,54.623311,On or near Keld Road,E01020847,County Durham 061C,Other crime,Status update unavailable,
,2021-05,Durham Constabulary,Durham Constabulary,-1.577499,54.629306,On or near Ida Place,E01020849,County Durham 061D,Anti-social behaviour,,
,2021-05,Durham Constabulary,Durham Constabulary,-1.577499,54.629306,On or near Ida Place,E01020849,County Durham 061D,Anti-social behaviour,,
,2021-05,Durham Constabulary,Durham Constabulary,-1.577499,54.629306,On or near Ida Place,E01020849,County Durham 061D,Anti-social behaviour,,
,2021-05,Durham Constabulary,Durham Constabulary,-1.576135,54.630909,On or near Well House Drive,E01020849,County Durham 061D,Anti-social behaviour,,
,2021-05,Durham Constabulary,Durham Constabulary,-1.577566,54.630294,On or near Phoenix Place,E01020849,County Durham 061D,Anti-social behaviour,,
cef92d12b4c3d56f73fdfc97cdd332dc591280483b4cf7200fdbdc529de443a5,2021-05,Durham Constabulary,Durham Constabulary,-1.573433,54.630046,On or near Tanfield Place,E01020849,County Durham 061D,Criminal damage and arson,Investigation complete; no suspect identified,
faf28e0c3e2270bd928e62d188d5c1c364ab61c24bff0f5fd212e01f7909fc08,2021-05,Durham Constabulary,Durham Constabulary,-1.576135,54.630909,On or near Well House Drive,E01020849,County Durham 061D,Criminal damage and arson,Unable to prosecute suspect,
b142038d2cb4c75250a37f3c6d4e87df8ad18a4c226354972b69a17335be1e15,2021-05,Durham Constabulary,Durham Constabulary,-1.576135,54.630909,On or near Well House Drive,E01020849,County Durham 061D,Criminal damage and arson,Status update unavailable,
2498c99919b387fa8fc83f15275076a8cf1482a0bb297cc70dc99b0a8a9a4b4b,2021-05,Durham Constabulary,Durham Constabulary,-1.578987,54.629221,On or near Petrol Station,E01020849,County Durham 061D,Other theft,Court result unavailable,
43d5683837db61b349694a5a435d63151f5371005ad2156b2bc314fc50127e6b,2021-05,Durham Constabulary,Durham Constabulary,-1.578987,54.629221,On or near Petrol Station,E01020849,County Durham 061D,Shoplifting,Court result unavailable,
4382248656ac2774449e7cdc3befb526e23d984593e19bd3087858b75f57b7d0,2021-05,Durham Constabulary,Durham Constabulary,-1.576271,54.628268,On or near Kings Drive,E01020849,County Durham 061D,Violence and sexual offences,Local resolution,
bedee9658478b6fa5a52b8b252ff16a70e1a84ca35420539a54c8da4319faff6,2021-05,Durham Constabulary,Durham Constabulary,-1.572760,54.627788,On or near Heatherburn Court,E01020849,County Durham 061D,Violence and sexual offences,Unable to prosecute suspect,
c1601e0834ea763d95bdcc1240cf9f5fd4102dbb59a4386a6320334fa8e47e90,2021-05,Durham Constabulary,Durham Constabulary,-1.573433,54.630046,On or near Tanfield Place,E01020849,County Durham 061D,Violence and sexual offences,Unable to prosecute suspect,
687aff6d5b7155d8b0ae03a6f356b6896d81c43a1fc892c984e11d380ea83389,2021-05,Durham Constabulary,Durham Constabulary,-1.578987,54.629221,On or near Petrol Station,E01020849,County Durham 061D,Violence and sexual offences,Unable to prosecute suspect,
b85b0c58e8b942ae5acb6003a04049d7bea6c3fa09901a2838135c5f620e5e1c,2021-05,Durham Constabulary,Durham Constabulary,-1.576271,54.628268,On or near Kings Drive,E01020849,County Durham 061D,Other crime,Unable to prosecute suspect,
ba7c26bc32a648016d82241903992aed4918320132d2939356e5542dc8e2cf20,2021-05,Durham Constabulary,Durham Constabulary,-1.576271,54.628268,On or near Kings Drive,E01020849,County Durham 061D,Other crime,Local resolution,
5ad710246dfc7c1b36dde76dafd7dace7b517ae81e02f4d8ed61da4075f15c44,2021-05,Durham Constabulary,Durham Constabulary,-1.573433,54.630046,On or near Tanfield Place,E01020849,County Durham 061D,Other crime,Unable to prosecute suspect,
,2021-05,Durham Constabulary,Durham Constabulary,-1.562129,54.613839,On or near Clanny Road,E01020825,County Durham 062A,Anti-social behaviour,,
,2021-05,Durham Constabulary,Durham Constabulary,-1.564337,54.615887,On or near Supermarket,E01020825,County Durham 062A,Anti-social behaviour,,
,2021-05,Durham Constabulary,Durham Constabulary,-1.564337,54.615887,On or near Supermarket,E01020825,County Durham 062A,Anti-social behaviour,,
,2021-05,Durham Constabulary,Durham Constabulary,-1.564337,54.615887,On or near Supermarket,E01020825,County Durham 062A,Anti-social behaviour,,
88d13963af88231f87a88bed91a20dc777ce789e63ec091bebf42683f77eb2f2,2021-05,Durham Constabulary,Durham Constabulary,-1.561506,54.614169,On or near Gilpin Road,E01020825,County Durham 062A,Criminal damage and arson,Investigation complete; no suspect identified,
64279a9058cec1b7b02b997e9e30118d962232b43166e9edd524a482ed01027f,2021-05,Durham Constabulary,Durham Constabulary,-1.570577,54.618794,On or near Church Close,E01020825,County Durham 062A,Criminal damage and arson,Investigation complete; no suspect identified,
bc61441a14516f3ad85a8422e44acf6fcc3bd150638b506c98fdb175a0cfd35d,2021-05,Durham Constabulary,Durham Constabulary,-1.570577,54.618794,On or near Church Close,E01020825,County Durham 062A,Criminal damage and arson,Investigation complete; no suspect identified,
eaaa2dba371734cfe6707aad4e619712d82fa7e43ad18de15a9fd0aa105ab141,2021-05,Durham Constabulary,Durham Constabulary,-1.566063,54.616585,On or near Henderson Road,E01020825,County Durham 062A,Criminal damage and arson,Investigation complete; no suspect identified,
c3ad1b2b4f0f4acccf96ba806e09621aa0f5f27b779bea7acc155821076b1c8c,2021-05,Durham Constabulary,Durham Constabulary,-1.564337,54.615887,On or near Supermarket,E01020825,County Durham 062A,Public order,Unable to prosecute suspect,
bdf06f3dff3f62c2544718e20f6a547378b5d0a96280eaad731a2bfcb79286bd,2021-05,Durham Constabulary,Durham Constabulary,-1.564337,54.615887,On or near Supermarket,E01020825,County Durham 062A,Public order,Unable to prosecute suspect,
0901537e008413aa3c04f7ef312855ec01144d44505ced9e1936a258d84f354f,2021-05,Durham Constabulary,Durham Constabulary,-1.561747,54.616246,On or near Van Mildert Road,E01020825,County Durham 062A,Violence and sexual offences,Unable to prosecute suspect,
b1930f19b9400acdca1eb76ae3c2ee3b6537875127d52839b103d9e654031d97,2021-05,Durham Constabulary,Durham Constabulary,-1.566063,54.616585,On or near Henderson Road,E01020825,County Durham 062A,Violence and sexual offences,Unable to prosecute suspect,
548705dbcb1996efc369115069d43ac1332301751793876888440efb73a30a23,2021-05,Durham Constabulary,Durham Constabulary,-1.562129,54.613839,On or near Clanny Road,E01020825,County Durham 062A,Violence and sexual offences,Unable to prosecute suspect,
4aeb157efb3a28028ba23b64f35aff60addfdd7ec399c3999ce6b3ba526de43f,2021-05,Durham Constabulary,Durham Constabulary,-1.561747,54.616246,On or near Van Mildert Road,E01020825,County Durham 062A,Violence and sexual offences,Unable to prosecute suspect,
,2021-05,Durham Constabulary,Durham Constabulary,-1.562315,54.625324,On or near Neile Road,E01020831,County Durham 062B,Anti-social behaviour,,
,2021-05,Durham Constabulary,Durham Constabulary,-1.562315,54.625324,On or near Neile Road,E01020831,County Durham 062B,Anti-social behaviour,,
,2021-05,Durham Constabulary,Durham Constabulary,-1.561644,54.624342,On or near Felton Close,E01020831,County Durham 062B,Anti-social behaviour,,
,2021-05,Durham Constabulary,Durham Constabulary,-1.568366,54.621464,On or near Supermarket,E01020831,County Durham 062B,Anti-social behaviour,,
,2021-05,Durham Constabulary,Durham Constabulary,-1.568366,54.621464,On or near Supermarket,E01020831,County Durham 062B,Anti-social behaviour,,
20594ecf75cc27621c1399da191137891e056c79a32e3685711af246265d5e9e,2021-05,Durham Constabulary,Durham Constabulary,-1.564813,54.622026,On or near Shield Walk,E01020831,County Durham 062B,Bicycle theft,Court result unavailable,
a7e5caff7dafb9b3b62209c721ea90cea30e9f28434edc5723af411dc637b5f4,2021-05,Durham Constabulary,Durham Constabulary,-1.566090,54.624242,On or near Wiseman Walk,E01020831,County Durham 062B,Public order,Investigation complete; no suspect identified,
42b8af8a46d4cdda0af3bc647f97adf476cfccbec2f9f2ef3180d0d7b81e4111,2021-05,Durham Constabulary,Durham Constabulary,-1.561644,54.624342,On or near Felton Close,E01020831,County Durham 062B,Public order,Investigation complete; no suspect identified,
d2cea5b1058bdddcf683c6b22e6c5be1f045562815ef3589d10f7996e9479735,2021-05,Durham Constabulary,Durham Constabulary,-1.568366,54.621464,On or near Supermarket,E01020831,County Durham 062B,Public order,Investigation complete; no suspect identified,
fcf6e058624829d0c45454e216539410f914c6ac3097e22f2ae444319e6ca4f1,2021-05,Durham Constabulary,Durham Constabulary,-1.567740,54.623511,On or near Chapman Close,E01020831,County Durham 062B,Shoplifting,Unable to prosecute suspect,
c52f500c2c52e4cb66479f71dfcba98397edda12d63ecdcb70de71ee2077789a,2021-05,Durham Constabulary,Durham Constabulary,-1.568366,54.621464,On or near Supermarket,E01020831,County Durham 062B,Shoplifting,Investigation complete; no suspect identified,
83ee8f1e0ef65b94abe2602be51208879317b2e8022c67b7720d512975912549,2021-05,Durham Constabulary,Durham Constabulary,-1.567740,54.623511,On or near Chapman Close,E01020831,County Durham 062B,Shoplifting,Unable to prosecute suspect,
5c275d0fcb80206d595cc2ec3c08177a745dd53bcbffc78d5cbcfa60a16aca87,2021-05,Durham Constabulary,Durham Constabulary,-1.565976,54.621860,On or near Central Avenue,E01020831,County Durham 062B,Violence and sexual offences,Court result unavailable,
94a35c6becb0123afe11b17de99e47890d167ae1602c4f354bfabf6155e473d3,2021-05,Durham Constabulary,Durham Constabulary,-1.564508,54.624497,On or near Lamb Close,E01020831,County Durham 062B,Violence and sexual offences,Unable to prosecute suspect,
476bcf33356cb260ec45c8fc9185ed21f4ee2772806b3603ce8cdcf78b0338c5,2021-05,Durham Constabulary,Durham Constabulary,-1.568366,54.621464,On or near Supermarket,E01020831,County Durham 062B,Violence and sexual offences,Local resolution,
0e4bb223c40ad3c03c600537e17490d5b2eeb2b8cafb8b358a5e1e8cfe44a043,2021-05,Durham Constabulary,Durham Constabulary,-1.565976,54.621860,On or near Central Avenue,E01020831,County Durham 062B,Violence and sexual offences,Court result unavailable,
00008398e32ea6048d7f8efcd353160e37635a18541f91ddf4270a7ee384c9fd,2021-05,Durham Constabulary,Durham Constabulary,-1.565182,54.623717,On or near Bellasis Close,E01020831,County Durham 062B,Other crime,Investigation complete; no suspect identified,
,2021-05,Durham Constabulary,Durham Constabulary,-1.551578,54.622850,On or near Prison,E01020833,County Durham 062C,Anti-social behaviour,,
,2021-05,Durham Constabulary,Durham Constabulary,-1.549837,54.622043,On or near Cedar Drive,E01020833,County Durham 062C,Anti-social behaviour,,
,2021-05,Durham Constabulary,Durham Constabulary,-1.560165,54.626557,On or near Wolsey Close,E01020833,County Durham 062C,Anti-social behaviour,,
6e8aa739d149a77f2ef09994323f390d841c1d4c7d1e9c57bb8659c165e6467f,2021-05,Durham Constabulary,Durham Constabulary,-1.549837,54.622043,On or near Cedar Drive,E01020833,County Durham 062C,Criminal damage and arson,Formal action is not in the public interest,
59a6eb8c5c390790ef302b9c3449b09b591ea1a1d1b1b8f34b73ecc79c935f7b,2021-05,Durham Constabulary,Durham Constabulary,-1.549837,54.622043,On or near Cedar Drive,E01020833,County Durham 062C,Criminal damage and arson,Further action is not in the public interest,
1e1a104f2cf77dc95f7c0e1ac19bf4002866102f722976c2ad927c525845b1a1,2021-05,Durham Constabulary,Durham Constabulary,-1.560165,54.626557,On or near Wolsey Close,E01020833,County Durham 062C,Drugs,Local resolution,
2810f3b150ab6179212518d12f04e311acd939e55517dfa2f4f36e455f032096,2021-05,Durham Constabulary,Durham Constabulary,-1.549837,54.622043,On or near Cedar Drive,E01020833,County Durham 062C,Drugs,Further investigation is not in the public interest,
394a84069de26bc0fa25d25259a30a27a8c0978b44ba43a2f2fab59accab1cbd,2021-05,Durham Constabulary,Durham Constabulary,-1.556135,54.622516,On or near Welbury Grove,E01020833,County Durham 062C,Other theft,Investigation complete; no suspect identified,
a746ee1fcda5976c653cb79253729eaf75de45f4eebae03af7ce67cfe03533cc,2021-05,Durham Constabulary,Durham Constabulary,-1.549837,54.622043,On or near Cedar Drive,E01020833,County Durham 062C,Other theft,Local resolution,
ffd804ae5818d5ccb983f91a2fb174fd439015b416605aaaf343e0c58f86607d,2021-05,Durham Constabulary,Durham Constabulary,-1.559152,54.628566,On or near Sports/Recreation Area,E01020833,County Durham 062C,Public order,Awaiting court outcome,
3e3ab5e9cba99f898722bd1ba81010cd44705505a54b50906f0e4b96e70181b3,2021-05,Durham Constabulary,Durham Constabulary,-1.549837,54.622043,On or near Cedar Drive,E01020833,County Durham 062C,Theft from the person,Unable to prosecute suspect,
506a9c01058581807260916849c76be3866f989b39b815320f28e8c0f7a97305,2021-05,Durham Constabulary,Durham Constabulary,-1.559224,54.627578,On or near Sports/Recreation Area,E01020833,County Durham 062C,Violence and sexual offences,Unable to prosecute suspect,
877e3fecc089d151d49f85eb08af907fd7868b84dca0bb9013eb4a41cfd3fa45,2021-05,Durham Constabulary,Durham Constabulary,-1.549837,54.622043,On or near Cedar Drive,E01020833,County Durham 062C,Violence and sexual offences,Unable to prosecute suspect,
36d0bc38f37fd623d242b0516f6bb4ab6905c62fab31c37fae9d466c99e1c83e,2021-05,Durham Constabulary,Durham Constabulary,-1.559152,54.628566,On or near Sports/Recreation Area,E01020833,County Durham 062C,Violence and sexual offences,Unable to prosecute suspect,
b519a4cfd7826802b8741f94f25aced72bce8b98e53480191c18e235de97f1a9,2021-05,Durham Constabulary,Durham Constabulary,-1.559152,54.628566,On or near Sports/Recreation Area,E01020833,County Durham 062C,Violence and sexual offences,Unable to prosecute suspect,
7bb1adc274f2025f05855e1d1edb6e105ce82b3d1628713759c6a31c83939dee,2021-05,Durham Constabulary,Durham Constabulary,-1.559275,54.625736,On or near Matthew Close,E01020833,County Durham 062C,Violence and sexual offences,Unable to prosecute suspect,
8a4302d6fada337f5a17bcffcd715ac37e18742a4a54c5e7944b862a1866bb21,2021-05,Durham Constabulary,Durham Constabulary,-1.559275,54.625736,On or near Matthew Close,E01020833,County Durham 062C,Violence and sexual offences,Action to be taken by another organisation,
e6ab9e9194d07b56f4d0afedfd4b95ec0fea076bc45acc9569a02b619fe9dab1,2021-05,Durham Constabulary,Durham Constabulary,-1.559224,54.627578,On or near Sports/Recreation Area,E01020833,County Durham 062C,Violence and sexual offences,Unable to prosecute suspect,
,2021-05,Durham Constabulary,Durham Constabulary,-1.562332,54.619411,On or near Bek Road,E01020834,County Durham 062D,Anti-social behaviour,,
,2021-05,Durham Constabulary,Durham Constabulary,-1.555403,54.620006,On or near Parking Area,E01020834,County Durham 062D,Anti-social behaviour,,
,2021-05,Durham Constabulary,Durham Constabulary,-1.560929,54.618885,On or near Creighton Road,E01020834,County Durham 062D,Anti-social behaviour,,
a53b7cecf9895fd9ee84b69940b23a673d941bf13367f11e933e0b03bb0a5714,2021-05,Durham Constabulary,Durham Constabulary,-1.561577,54.620541,On or near Auckland Place,E01020834,County Durham 062D,Criminal damage and arson,Investigation complete; no suspect identified,
149208fba91181df63140c3883587040ec3a4f98259d6f18afd38f2c8f6a220a,2021-05,Durham Constabulary,Durham Constabulary,-1.557122,54.617154,On or near Sports/Recreation Area,E01020834,County Durham 062D,Other theft,Unable to prosecute suspect,
d68bfa44e4767841fac903a7c8f60d6411047f68fedc086ae67152854cb6700b,2021-05,Durham Constabulary,Durham Constabulary,-1.562332,54.619411,On or near Bek Road,E01020834,County Durham 062D,Violence and sexual offences,Local resolution,
00d359e3c3ae706e208e10c1a88438e20cb071f7a00aef27f2b9103e34af64fe,2021-05,Durham Constabulary,Durham Constabulary,-1.564901,54.618108,On or near Jenkins Court,E01020834,County Durham 062D,Violence and sexual offences,Local resolution,
faff046b253b9cdb070431c9d5fa89732265fa6ce2b8bf5835def5d4460df31b,2021-05,Durham Constabulary,Durham Constabulary,-1.567287,54.618045,On or near Sheraton Road,E01020834,County Durham 062D,Violence and sexual offences,Unable to prosecute suspect,
db08a62b74f34f515f6338ef44bca12541983a19d69772ba1dd8d39383488eb9,2021-05,Durham Constabulary,Durham Constabulary,-1.564522,54.620237,On or near Heild Close,E01020834,County Durham 062D,Violence and sexual offences,Unable to prosecute suspect,
4aecf6c6136bdc747db628327c0e960b0cdbd7f32bcbd78a785e44d3178327f4,2021-05,Durham Constabulary,Durham Constabulary,-1.562332,54.619411,On or near Bek Road,E01020834,County Durham 062D,Violence and sexual offences,Local resolution,
6efc4aa2432e889a971a50e49ea1c1b912e7e7e97ff2ed897d58998d4000af72,2021-05,Durham Constabulary,Durham Constabulary,-1.560115,54.618217,On or near Swan Walk,E01020834,County Durham 062D,Violence and sexual offences,Unable to prosecute suspect,
d9177adb19fbcbeae6a3435c39a6fbb6055539160fcc9f42947f2333c2f5f3d6,2021-05,Durham Constabulary,Durham Constabulary,-1.563729,54.617709,On or near Shafto Road,E01020834,County Durham 062D,Violence and sexual offences,Unable to prosecute suspect,
53ea157681831c2d440dcb9c872b756d98f1798f07f07c9ac0f1d1d2ac1afc2e,2021-05,Durham Constabulary,Durham Constabulary,-1.563430,54.621060,On or near Shafto Way,E01020834,County Durham 062D,Violence and sexual offences,Status update unavailable,
eb3198a934971ef07132ba71a7e51fd94384f0566f5e03de8d43c91298e1e44a,2021-05,Durham Constabulary,Durham Constabulary,-1.563729,54.617709,On or near Shafto Road,E01020834,County Durham 062D,Violence and sexual offences,Unable to prosecute suspect,
19ef85cff350066f2004e5bbfd57eda1163e01c0f4275655ad0387006fe9e99c,2021-05,Durham Constabulary,Durham Constabulary,-1.560115,54.618217,On or near Swan Walk,E01020834,County Durham 062D,Violence and sexual offences,Unable to prosecute suspect,
,2021-05,Durham Constabulary,Durham Constabulary,-1.575259,54.615377,On or near Merz Road,E01020824,County Durham 063A,Anti-social behaviour,,
,2021-05,Durham Constabulary,Durham Constabulary,-1.570421,54.613041,On or near Bradford Close,E01020824,County Durham 063A,Anti-social behaviour,,
e69000b66d74b0469438cbc445d30a7bf2819fc0815e7788205eed605e62fcab,2021-05,Durham Constabulary,Durham Constabulary,-1.576225,54.613323,On or near Moule Close,E01020824,County Durham 063A,Other theft,Investigation complete; no suspect identified,
9b26c4afa787822499557308b03753f32974475bf5c6c9ee0deda647207c82ec,2021-05,Durham Constabulary,Durham Constabulary,-1.575462,54.613715,On or near Simpasture Gate,E01020824,County Durham 063A,Public order,Unable to prosecute suspect,
f42ec0ddfebbea1b76cf57ad5f11a6aafd83260d9c1e10a687a269e68bf4d762,2021-05,Durham Constabulary,Durham Constabulary,-1.575462,54.613715,On or near Simpasture Gate,E01020824,County Durham 063A,Shoplifting,Unable to prosecute suspect,
43ed613d9cadf88ffcd6991d5b5b6fb46c62b32d25df92b75e16d2e3c1215b68,2021-05,Durham Constabulary,Durham Constabulary,-1.575462,54.613715,On or near Simpasture Gate,E01020824,County Durham 063A,Shoplifting,Investigation complete; no suspect identified,
15812b4848fe1cbb68491a7d37c7ab607441ef3c6b027b4b8254dfb13279aef1,2021-05,Durham Constabulary,Durham Constabulary,-1.575462,54.613715,On or near Simpasture Gate,E01020824,County Durham 063A,Shoplifting,Unable to prosecute suspect,
b0ca4a693a07110656dae24b95ffa8e05588647cb4dafd0e28032dccc3379cd3,2021-05,Durham Constabulary,Durham Constabulary,-1.572416,54.616239,On or near Marley Road,E01020824,County Durham 063A,Theft from the person,Unable to prosecute suspect,
ddcc2193d0b1acf9a6cdcbd7796f478c79b500ccee98604433611c7c2cdfd4e8,2021-05,Durham Constabulary,Durham Constabulary,-1.576928,54.615706,On or near Castlereagh Close,E01020824,County Durham 063A,Violence and sexual offences,Unable to prosecute suspect,
,2021-05,Durham Constabulary,Durham Constabulary,-1.562642,54.612178,On or near Travellers' Green,E01020826,County Durham 063B,Anti-social behaviour,,
,2021-05,Durham Constabulary,Durham Constabulary,-1.565621,54.614507,On or near Baliol Road,E01020826,County Durham 063B,Anti-social behaviour,,
,2021-05,Durham Constabulary,Durham Constabulary,-1.574047,54.609819,On or near Warren Road,E01020826,County Durham 063B,Anti-social behaviour,,
,2021-05,Durham Constabulary,Durham Constabulary,-1.574047,54.609819,On or near Warren Road,E01020826,County Durham 063B,Anti-social behaviour,,
,2021-05,Durham Constabulary,Durham Constabulary,-1.560726,54.597406,On or near Maltkiln Lane,E01020826,County Durham 063B,Anti-social behaviour,,
,2021-05,Durham Constabulary,Durham Constabulary,-1.566546,54.613468,On or near Clarence Close,E01020826,County Durham 063B,Anti-social behaviour,,
79165b5cc593971a2b0329a5301746866bfb9625b08cdea0dfc8480815b34552,2021-05,Durham Constabulary,Durham Constabulary,-1.575601,54.598870,On or near Hollin Way,E01020826,County Durham 063B,Criminal damage and arson,Investigation complete; no suspect identified,
0cf4af0873503901040b5fbc0b096f43a28a160ba7d07813a25a967e1c937c60,2021-05,Durham Constabulary,Durham Constabulary,-1.575601,54.598870,On or near Hollin Way,E01020826,County Durham 063B,Criminal damage and arson,Investigation complete; no suspect identified,
07082b46b2593d6eb6bcbfa54a52d263606d58703cc13c15fa5bebce2c4188ba,2021-05,Durham Constabulary,Durham Constabulary,-1.569546,54.612373,On or near St Cuthbert'S Way,E01020826,County Durham 063B,Criminal damage and arson,Investigation complete; no suspect identified,
45a06dc8c3b4aadaa0ec65d8259ce69b639dcd7504f8c94163a09423f719cfe4,2021-05,Durham Constabulary,Durham Constabulary,-1.568345,54.600021,On or near Supermarket,E01020826,County Durham 063B,Criminal damage and arson,Investigation complete; no suspect identified,
7ef9810a9e72058848702984a8ff2c034ebbbacedd7b055df18d7504935bf44d,2021-05,Durham Constabulary,Durham Constabulary,-1.575601,54.598870,On or near Hollin Way,E01020826,County Durham 063B,Criminal damage and arson,Investigation complete; no suspect identified,
d6af5a1f3f48844958e5361ead2ef53a350efb334ed9d0970168bcfe83d17c5e,2021-05,Durham Constabulary,Durham Constabulary,-1.560021,54.599686,On or near Atkinson Gardens,E01020826,County Durham 063B,Criminal damage and arson,Unable to prosecute suspect,
d435bec1851e4aab781137d7d57cc4c5821371929301754cbf66fc4486af7eb4,2021-05,Durham Constabulary,Durham Constabulary,-1.562053,54.597815,On or near North Terrace,E01020826,County Durham 063B,Criminal damage and arson,Unable to prosecute suspect,
93f84bd75568ecb6a0204d20e4d67e9992bcf86d8ee2dcf3ac5b74ed85f285b5,2021-05,Durham Constabulary,Durham Constabulary,-1.572782,54.609401,On or near Leaside,E01020826,County Durham 063B,Drugs,Awaiting court outcome,
9f8c783b8c56c61a2af199173af82a42dbba6f1a9e8e49ce792fd5ceaa056b52,2021-05,Durham Constabulary,Durham Constabulary,-1.573772,54.602000,On or near Beaumont Way,E01020826,County Durham 063B,Other theft,Status update unavailable,
eb6b09a1b64ab4f4a2a01fdefeba8fd28b9f734b00341d15209ccf2803a661f3,2021-05,Durham Constabulary,Durham Constabulary,-1.589972,54.601247,On or near Park/Open Space,E01020826,County Durham 063B,Other theft,Investigation complete; no suspect identified,
aacecf50d5d3a51565e659d4ee2b43d1350ef57abfd8a5829ba63a142873e519,2021-05,Durham Constabulary,Durham Constabulary,-1.585086,54.603764,On or near Park/Open Space,E01020826,County Durham 063B,Other theft,Investigation complete; no suspect identified,
6fb75f586ae5ae90296800b834b9a1906001f9b6cd08619f162439d0d57867fb,2021-05,Durham Constabulary,Durham Constabulary,-1.566925,54.603988,On or near Parking Area,E01020826,County Durham 063B,Other theft,Investigation complete; no suspect identified,
cdd29cc2fb7138600b43be99c2df124bfa0bb617cc9b4048157189085bd73f8e,2021-05,Durham Constabulary,Durham Constabulary,-1.569259,54.614583,On or near Surtees Walk,E01020826,County Durham 063B,Public order,Investigation complete; no suspect identified,
5276858f7e6dca4731ba7f4c36aa89ecb21eb21aa82545b3da02285c6b3f76a7,2021-05,Durham Constabulary,Durham Constabulary,-1.560021,54.599686,On or near Atkinson Gardens,E01020826,County Durham 063B,Vehicle crime,Court result unavailable,
dfa622e309c527a1f0672ebd642dde92fda0e5da6d4ad1db3990f833e0ef9735,2021-05,Durham Constabulary,Durham Constabulary,-1.560726,54.597406,On or near Maltkiln Lane,E01020826,County Durham 063B,Violence and sexual offences,Unable to prosecute suspect,
b2754b00b77591728d81a9ef30fbf32aa345d4f7eb31029aca1d0f60a70d958f,2021-05,Durham Constabulary,Durham Constabulary,-1.569546,54.612373,On or near St Cuthbert'S Way,E01020826,County Durham 063B,Violence and sexual offences,Unable to prosecute suspect,
884c297ac35b521e923e10f2b2087f0763e5b8e754beef3998738f6b76638dd9,2021-05,Durham Constabulary,Durham Constabulary,-1.578371,54.594395,On or near Long Tens Way,E01020826,County Durham 063B,Violence and sexual offences,Action to be taken by another organisation,
e7cbc772e38fd49405c7715f3c329bf550af6dfc2d8a4abcfd9ecd45238320ef,2021-05,Durham Constabulary,Durham Constabulary,-1.568269,54.614508,On or near Bede Crescent,E01020826,County Durham 063B,Violence and sexual offences,Unable to prosecute suspect,
e8ffe4177bf8c58abb0ae484ededa54c9f553d77d25da3e467e848ea9024d92e,2021-05,Durham Constabulary,Durham Constabulary,-1.567421,54.614163,On or near Anne Swyft Road,E01020826,County Durham 063B,Violence and sexual offences,Unable to prosecute suspect,
24400271538d72b839fc305e682e889ddf42e0f76691e12690dd5ae6b756a04a,2021-05,Durham Constabulary,Durham Constabulary,-1.562742,54.597089,On or near West Terrace,E01020826,County Durham 063B,Violence and sexual offences,Investigation complete; no suspect identified,
1c369e0eaaf019f00cb75261af861f910ea05301aeceaffc6c97a915c0eb039d,2021-05,Durham Constabulary,Durham Constabulary,-1.578371,54.594395,On or near Long Tens Way,E01020826,County Durham 063B,Violence and sexual offences,Unable to prosecute suspect,
0644033ccd78b3c4ec3010369f0186a84dbdef023009a1ea4d52c71c55c088c5,2021-05,Durham Constabulary,Durham Constabulary,-1.568638,54.614698,On or near Westcott Walk,E01020826,County Durham 063B,Violence and sexual offences,Unable to prosecute suspect,
a38198c74b98b2ec414098c4aa292d3a032709bb667f95d5ea34df81b7a34256,2021-05,Durham Constabulary,Durham Constabulary,-1.562642,54.612178,On or near Travellers' Green,E01020826,County Durham 063B,Violence and sexual offences,Unable to prosecute suspect,
f1e144764e4cc4e8a255f3e8930bb8831c9ea38055c848c23307d296a2b935c5,2021-05,Durham Constabulary,Durham Constabulary,-1.560953,54.602214,On or near Durham Road,E01020826,County Durham 063B,Violence and sexual offences,Unable to prosecute suspect,
704449feb397e9eb2ff293fac319a18a71ab71c7830f7765fbe99d715869ec89,2021-05,Durham Constabulary,Durham Constabulary,-1.560021,54.599686,On or near Atkinson Gardens,E01020826,County Durham 063B,Violence and sexual offences,Unable to prosecute suspect,
8f56a21a55c94dcea15a9b2867067a00249c63309219076a4c8527b17d9e7894,2021-05,Durham Constabulary,Durham Constabulary,-1.569546,54.612373,On or near St Cuthbert'S Way,E01020826,County Durham 063B,Violence and sexual offences,Unable to prosecute suspect,
ad7b3a8bf9848ea38d6b843954ed29bcb1f28253784f4e2403a9c6077e1eac89,2021-05,Durham Constabulary,Durham Constabulary,-1.562053,54.597815,On or near North Terrace,E01020826,County Durham 063B,Violence and sexual offences,Unable to prosecute suspect,
c53873ca5b971f84a238b911090665b8e6998459aceaaf1faf41df59499b866f,2021-05,Durham Constabulary,Durham Constabulary,-1.572782,54.609401,On or near Leaside,E01020826,County Durham 063B,Violence and sexual offences,Unable to prosecute suspect,
2f3b9de3c8131447a3a591d88b3bbb5752ddec3189898f38477fadb5099a8ac6,2021-05,Durham Constabulary,Durham Constabulary,-1.568638,54.614698,On or near Westcott Walk,E01020826,County Durham 063B,Violence and sexual offences,Unable to prosecute suspect,
64a949cbeb987c6e97ef1ea98f0ee6c3706ab7bcc664342e89d5513103b9fd78,2021-05,Durham Constabulary,Durham Constabulary,-1.564570,54.614342,On or near Baliol Green,E01020826,County Durham 063B,Violence and sexual offences,Unable to prosecute suspect,
17a23726e42502f9f4c43980604eb67ff156e961a1f736ac48a64d3601c66fba,2021-05,Durham Constabulary,Durham Constabulary,-1.562175,54.595083,On or near High Street,E01020826,County Durham 063B,Violence and sexual offences,Unable to prosecute suspect,
779efafabd786ff4ccbfeddad55ec9f8c6cb50e763e1cbc4d51b0e39adde0859,2021-05,Durham Constabulary,Durham Constabulary,-1.562642,54.612178,On or near Travellers' Green,E01020826,County Durham 063B,Violence and sexual offences,Unable to prosecute suspect,
,2021-05,Durham Constabulary,Durham Constabulary,-1.572109,54.620444,On or near Greenwell Road,E01020832,County Durham 063C,Anti-social behaviour,,
,2021-05,Durham Constabulary,Durham Constabulary,-1.572745,54.618837,On or near Shopping Area,E01020832,County Durham 063C,Anti-social behaviour,,
,2021-05,Durham Constabulary,Durham Constabulary,-1.571807,54.622626,On or near Faulkner Road,E01020832,County Durham 063C,Anti-social behaviour,,
215fede9ecd813ff708b7e8b7a757fab54b4352a819329d8b0b40a65e25431a0,2021-05,Durham Constabulary,Durham Constabulary,-1.570579,54.620079,On or near Parking Area,E01020832,County Durham 063C,Burglary,Investigation complete; no suspect identified,
bfb07d0b7dfc173b3d9dc8a8bb1e1a7237a58c722ceb58316282344d6a368dc6,2021-05,Durham Constabulary,Durham Constabulary,-1.571807,54.622626,On or near Faulkner Road,E01020832,County Durham 063C,Criminal damage and arson,Investigation complete; no suspect identified,
afd30b074451cbfe1d3810ab36d1b2f1b585df5684c2e2683d1d4b4f7ab52717,2021-05,Durham Constabulary,Durham Constabulary,-1.573911,54.619857,On or near Parking Area,E01020832,County Durham 063C,Criminal damage and arson,Investigation complete; no suspect identified,
684aad783b42bad9d1729886cb49cda5df476cc09c74904a55d4c930ccc7f95b,2021-05,Durham Constabulary,Durham Constabulary,-1.572595,54.624265,On or near Henson Grove,E01020832,County Durham 063C,Other theft,Unable to prosecute suspect,
272909149588779daeb37a8dfc4be41f5dcef62bb4d0c65593c421a35cabc281,2021-05,Durham Constabulary,Durham Constabulary,-1.574957,54.619079,On or near Parking Area,E01020832,County Durham 063C,Public order,Unable to prosecute suspect,
a0f32b0c457df1ca63b7a5b6c1e85b1ebe2cc733c8ced68a94dc92d06d073f03,2021-05,Durham Constabulary,Durham Constabulary,-1.572109,54.620444,On or near Greenwell Road,E01020832,County Durham 063C,Public order,Unable to prosecute suspect,
8db85a4e9016e30e902c82f40d1cc31c95f0f4cb35e48da5dee1b3c63e7593cf,2021-05,Durham Constabulary,Durham Constabulary,-1.570579,54.620079,On or near Parking Area,E01020832,County Durham 063C,Shoplifting,Investigation complete; no suspect identified,
f99805360389595157751c2c86d3f8e4d0c569515b24e5356d8dcdcd78684967,2021-05,Durham Constabulary,Durham Constabulary,-1.570579,54.620079,On or near Parking Area,E01020832,County Durham 063C,Shoplifting,Investigation complete; no suspect identified,
d0d008ab3c1c0b24ec3f79cdd4a77c60125eaa97f1e4ed749e5cffd76ddefd8c,2021-05,Durham Constabulary,Durham Constabulary,-1.570579,54.620079,On or near Parking Area,E01020832,County Durham 063C,Shoplifting,Investigation complete; no suspect identified,
532ade9cba1099f2c5201c463c26ec2093bfe9140324d99ea521f04c4e9fc1fd,2021-05,Durham Constabulary,Durham Constabulary,-1.570579,54.620079,On or near Parking Area,E01020832,County Durham 063C,Shoplifting,Investigation complete; no suspect identified,
dbe5706cf792447e25822fa10e302aa2fc99ed5dc214b5e1682f3902e95f324b,2021-05,Durham Constabulary,Durham Constabulary,-1.570579,54.620079,On or near Parking Area,E01020832,County Durham 063C,Shoplifting,Investigation complete; no suspect identified,
2b1bdda3997318d08a17c78d8f45f035cbe789793effdef743557d9272f34127,2021-05,Durham Constabulary,Durham Constabulary,-1.570579,54.620079,On or near Parking Area,E01020832,County Durham 063C,Shoplifting,Further investigation is not in the public interest,
45df928818c2a3770e2c4721f97a6a8192bd3cc5337400ae55d5de0c4aa04536,2021-05,Durham Constabulary,Durham Constabulary,-1.572109,54.620444,On or near Greenwell Road,E01020832,County Durham 063C,Shoplifting,Unable to prosecute suspect,
286caf774d60cc22acc7fb65123dd08d1a56f5f47e70e7d6a2fe609ebed3bc39,2021-05,Durham Constabulary,Durham Constabulary,-1.575434,54.623843,On or near Thurlow Grove,E01020832,County Durham 063C,Violence and sexual offences,Unable to prosecute suspect,
b0ee96885cbe91e628a6d48def9d91af5939dcc78bae1a889d82eb8a5f38a767,2021-05,Durham Constabulary,Durham Constabulary,-1.573565,54.621860,On or near Dalton Way,E01020832,County Durham 063C,Violence and sexual offences,Unable to prosecute suspect,
0e1c85a8bf58ee8178a80948e100c3dfb9554744b0ca5f34dadf134fce2b2131,2021-05,Durham Constabulary,Durham Constabulary,-1.575793,54.622020,On or near Webb Close,E01020832,County Durham 063C,Violence and sexual offences,Status update unavailable,
3ff05ff21d2df3921b235cb205b99f72b3bd56d08851a972d4ae9c6d5916f775,2021-05,Durham Constabulary,Durham Constabulary,-1.573565,54.621860,On or near Dalton Way,E01020832,County Durham 063C,Violence and sexual offences,Unable to prosecute suspect,
333c4861672f0104769a113a58bcbcc42f07180e82ee271663b0461c21353a8e,2021-05,Durham Constabulary,Durham Constabulary,-1.574178,54.624001,On or near Whiteley Grove,E01020832,County Durham 063C,Violence and sexual offences,Unable to prosecute suspect,
b1b1eae0a5f731760b8ef431ac8bf3c82024f3bc4a8e5e830ae33d64c38cc823,2021-05,Durham Constabulary,Durham Constabulary,-1.569543,54.624326,On or near Elstob Close,E01020832,County Durham 063C,Violence and sexual offences,Unable to prosecute suspect,
19817a5abaedab1c3622715a999f2533ab4ffd0269a4594f5398bba8d2ce0439,2021-05,Durham Constabulary,Durham Constabulary,-1.572384,54.620732,On or near Parking Area,E01020832,County Durham 063C,Violence and sexual offences,Unable to prosecute suspect,
c1fe62a3e2588c1dcbf1146a0669719d2c8c7e42a5d7704eea0995c9fdd96637,2021-05,Durham Constabulary,Durham Constabulary,-1.575434,54.623843,On or near Thurlow Grove,E01020832,County Durham 063C,Violence and sexual offences,Unable to prosecute suspect,
76aa2cd52cfad49ce4fb9e01d87ac0d1cbdc9a3b0ce5bc86bfaecf586ec6c3e4,2021-05,Durham Constabulary,Durham Constabulary,-1.572384,54.620732,On or near Parking Area,E01020832,County Durham 063C,Violence and sexual offences,Unable to prosecute suspect,
06a8a2fc8f9d307374d1a5f77c89d0129103525c42a15e402d937a8c2fca22b9,2021-05,Durham Constabulary,Durham Constabulary,-1.574957,54.619079,On or near Parking Area,E01020832,County Durham 063C,Violence and sexual offences,Further action is not in the public interest,
,2021-05,Durham Constabulary,Durham Constabulary,-1.582355,54.617999,On or near Ashfield,E01020845,County Durham 063D,Anti-social behaviour,,
,2021-05,Durham Constabulary,Durham Constabulary,-1.577395,54.619896,On or near Lightfoot Road,E01020845,County Durham 063D,Anti-social behaviour,,
,2021-05,Durham Constabulary,Durham Constabulary,-1.577535,54.618333,On or near Ebba Close,E01020845,County Durham 063D,Anti-social behaviour,,
d2da6ebdd5361afc4816736d34b9b84882cd7dd5d0b1a1aea891378a497af27a,2021-05,Durham Constabulary,Durham Constabulary,-1.577395,54.619896,On or near Lightfoot Road,E01020845,County Durham 063D,Criminal damage and arson,Investigation complete; no suspect identified,
1a27644b3b5b624ba9245f2834adf35aec33c08aa035854f246c38267571ef05,2021-05,Durham Constabulary,Durham Constabulary,-1.577395,54.619896,On or near Lightfoot Road,E01020845,County Durham 063D,Criminal damage and arson,Investigation complete; no suspect identified,
03947d273c482be95621f41da4f4a2e3984741a1c22e706a12ede96c53d53643,2021-05,Durham Constabulary,Durham Constabulary,-1.577991,54.620644,On or near Marshall Road,E01020845,County Durham 063D,Criminal damage and arson,Investigation complete; no suspect identified,
476e1021b5d2a6cc7c4cbd88467adfaf98b8d91bc164eba84034d9b544beb1d8,2021-05,Durham Constabulary,Durham Constabulary,-1.582355,54.617999,On or near Ashfield,E01020845,County Durham 063D,Violence and sexual offences,Unable to prosecute suspect,
5c50172241f01237baebba9efd3662c1b5df4a44e177e4c690c685242e19fb53,2021-05,Durham Constabulary,Durham Constabulary,-1.577395,54.619896,On or near Lightfoot Road,E01020845,County Durham 063D,Violence and sexual offences,Unable to prosecute suspect,
83e381cca0ac287b5cbe4e1171cca333160860aefefd554a9697c0870e83c468,2021-05,Durham Constabulary,Durham Constabulary,-1.579063,54.621843,On or near Humphrey Close,E01020845,County Durham 063D,Violence and sexual offences,Action to be taken by another organisation,
198c1fbf359b502fd4053bf12cb727c197cfcaee1f4f2a53bd9d5ca3793deba3,2021-05,Durham Constabulary,Durham Constabulary,-1.577395,54.619896,On or near Lightfoot Road,E01020845,County Durham 063D,Violence and sexual offences,Unable to prosecute suspect,
86ef4eb53ec60681768e7ac16d1668f04f72120eef3bde7d8dd75b57d42580b6,2021-05,Durham Constabulary,Durham Constabulary,-1.577991,54.620644,On or near Marshall Road,E01020845,County Durham 063D,Other crime,Unable to prosecute suspect,
0713f0d185857f9534835e6b5c836c7bef3750f8f5cf51bdf26ab771f12d672b,2021-05,Durham Constabulary,Durham Constabulary,-1.579367,54.619400,On or near Wright Close,E01020845,County Durham 063D,Other crime,Investigation complete; no suspect identified,
,2021-05,Durham Constabulary,Durham Constabulary,-1.589473,54.613880,On or near Parking Area,E01020846,County Durham 063E,Anti-social behaviour,,
62ac477073e7e75c6f44ef24c3fd7d57a1d80d20650ef1a823bd67dc53e0cd42,2021-05,Durham Constabulary,Durham Constabulary,-1.591623,54.615694,On or near Linden Place,E01020846,County Durham 063E,Public order,Court result unavailable,
9fed574d957bc7bc6883e3022b5680ff52044171d767ffcf281dd457b32f24a7,2021-05,Durham Constabulary,Durham Constabulary,-1.586238,54.615298,On or near Beechfield,E01020846,County Durham 063E,Violence and sexual offences,Unable to prosecute suspect,
5f241ee2ea7cf72982192ef6af633a4fbed0c107a583dd2208b6f02225e19f2a,2021-05,Durham Constabulary,Durham Constabulary,-1.586238,54.615298,On or near Beechfield,E01020846,County Durham 063E,Violence and sexual offences,Unable to prosecute suspect,
e715c47a0a5237065328859bf88373c13e459e0fc9113d37324fdf473b586cf2,2021-05,Durham Constabulary,Durham Constabulary,-1.603525,54.606639,On or near West Fields,E01020846,County Durham 063E,Violence and sexual offences,Offender given a caution,
d54033587ece0e3dfe5f4e1916100769fc46d5a4947660b64e7bfdd978544cbe,2021-05,Durham Constabulary,Durham Constabulary,-1.586238,54.615298,On or near Beechfield,E01020846,County Durham 063E,Violence and sexual offences,Further action is not in the public interest,
5bc4f0a005d06154b06c505995eb49c72aa3255fe62a795dbc2c15a0dc88143c,2021-05,Durham Constabulary,Durham Constabulary,-1.586238,54.615298,On or near Beechfield,E01020846,County Durham 063E,Violence and sexual offences,Further action is not in the public interest,
022db0a41ad1b4acff61ec5e8eb0ae2de9dccddb86d20c82e8e19d6095703db1,2021-05,Durham Constabulary,Durham Constabulary,-1.587637,54.614755,On or near Elmfield Place,E01020846,County Durham 063E,Violence and sexual offences,Unable to prosecute suspect,
,2021-05,Durham Constabulary,Durham Constabulary,-1.807995,54.614496,On or near Manor Grove,E01020856,County Durham 064A,Anti-social behaviour,,
,2021-05,Durham Constabulary,Durham Constabulary,-1.807678,54.612734,On or near Supermarket,E01020856,County Durham 064A,Anti-social behaviour,,
,2021-05,Durham Constabulary,Durham Constabulary,-1.807995,54.614496,On or near Manor Grove,E01020856,County Durham 064A,Anti-social behaviour,,
,2021-05,Durham Constabulary,Durham Constabulary,-1.807995,54.614496,On or near Manor Grove,E01020856,County Durham 064A,Anti-social behaviour,,
7c8234f388e66a6a862f72cb9f83467b50cfe0d44c1c5b9d41379b5b18200ba4,2021-05,Durham Constabulary,Durham Constabulary,-1.807678,54.612734,On or near Supermarket,E01020856,County Durham 064A,Shoplifting,Investigation complete; no suspect identified,
5793a3e5ea4d2d0221a98e0530c7307fb47fc501dec89bcc2a549630f53f8f7e,2021-05,Durham Constabulary,Durham Constabulary,-1.807678,54.612734,On or near Supermarket,E01020856,County Durham 064A,Shoplifting,Court result unavailable,
96594b82dbc2a195a988f74f844439df60bc520c8c35a8cc6c27ed8e0c87f5e5,2021-05,Durham Constabulary,Durham Constabulary,-1.807678,54.612734,On or near Supermarket,E01020856,County Durham 064A,Violence and sexual offences,Unable to prosecute suspect,
e9b098ad8d64541339c88e2378165ac8a09986c7ca177c4cae961b62ac42fcea,2021-05,Durham Constabulary,Durham Constabulary,-1.804834,54.611884,On or near Staindrop Road,E01020856,County Durham 064A,Violence and sexual offences,Offender given a caution,
,2021-05,Durham Constabulary,Durham Constabulary,-1.745052,54.651683,On or near Rudland Way,E01020858,County Durham 064B,Anti-social behaviour,,
,2021-05,Durham Constabulary,Durham Constabulary,-1.748959,54.651485,On or near Dale View,E01020858,County Durham 064B,Anti-social behaviour,,
,2021-05,Durham Constabulary,Durham Constabulary,-1.748959,54.651485,On or near Dale View,E01020858,County Durham 064B,Anti-social behaviour,,
1de401389266fd97eb41a524053ec6bf1b9484d5aa0dbf3b0ca689dc96d75d1c,2021-05,Durham Constabulary,Durham Constabulary,-1.743723,54.648634,On or near The Crescent,E01020858,County Durham 064B,Violence and sexual offences,Unable to prosecute suspect,
3f066a3cc0ac40cb2db3489ced679e88b56167c16903edbd1213f8ca9a492c4f,2021-05,Durham Constabulary,Durham Constabulary,-1.743723,54.648634,On or near The Crescent,E01020858,County Durham 064B,Violence and sexual offences,Unable to prosecute suspect,
40fe73d6895db3668f9bcbba5169cc0aec111f882909c5f90f90281a9a08b09b,2021-05,Durham Constabulary,Durham Constabulary,-1.743723,54.648634,On or near The Crescent,E01020858,County Durham 064B,Violence and sexual offences,Unable to prosecute suspect,
,2021-05,Durham Constabulary,Durham Constabulary,-1.723916,54.625935,On or near A688,E01020859,County Durham 064C,Anti-social behaviour,,
ada4e4edc8483649b66119f436137c8089cb1125ef475488fafcd8d083733a37,2021-05,Durham Constabulary,Durham Constabulary,-1.744971,54.647280,On or near Auckland View,E01020859,County Durham 064C,Criminal damage and arson,Offender given a caution,
772ea3308edd9e9c523f4faed971178653f6256d8a6251abeb35c4c72cb651ea,2021-05,Durham Constabulary,Durham Constabulary,-1.738735,54.636141,On or near Etherley Bank,E01020859,County Durham 064C,Public order,Court result unavailable,
7023c7cc61f84044081d91b4b86725c808f902fdb7f96c34ce99ff0e2c1add77,2021-05,Durham Constabulary,Durham Constabulary,-1.737372,54.643408,On or near Greenfields Road,E01020859,County Durham 064C,Violence and sexual offences,Unable to prosecute suspect,
65ceded1b0f870540c21d7eb1b0093ccee14462205468e3bdf2af50c09636e61,2021-05,Durham Constabulary,Durham Constabulary,-1.744971,54.647280,On or near Auckland View,E01020859,County Durham 064C,Violence and sexual offences,Unable to prosecute suspect,
ee99204b309df6013bf6f4e479430dad678141100df335555d9d656e05a8a93b,2021-05,Durham Constabulary,Durham Constabulary,-1.737372,54.643408,On or near Greenfields Road,E01020859,County Durham 064C,Violence and sexual offences,Unable to prosecute suspect,
47f35f601795095dda395e0c6b4ae57eb1f4e3f214b497365c1c24963d6419b1,2021-05,Durham Constabulary,Durham Constabulary,-1.744971,54.647280,On or near Auckland View,E01020859,County Durham 064C,Violence and sexual offences,Unable to prosecute suspect,
,2021-05,Durham Constabulary,Durham Constabulary,-1.761529,54.619562,On or near South View,E01020860,County Durham 064D,Anti-social behaviour,,
1c8c1429ca61b6a835baa56fd2d9c4540f1ff915c8092c5d2c33dbd950154bb2,2021-05,Durham Constabulary,Durham Constabulary,-1.761001,54.622446,On or near Shirley Close,E01020860,County Durham 064D,Burglary,Investigation complete; no suspect identified,
78107a7b44f7cc55288bc33f888a057d09842652a816ca7b0ff6fbcafdfdadba,2021-05,Durham Constabulary,Durham Constabulary,-1.761529,54.619562,On or near South View,E01020860,County Durham 064D,Criminal damage and arson,Unable to prosecute suspect,
311de4d48916b1a38887a1f8335bcae49f296ad4333c0c1fac641b15a7a34618,2021-05,Durham Constabulary,Durham Constabulary,-1.761529,54.619562,On or near South View,E01020860,County Durham 064D,Criminal damage and arson,Investigation complete; no suspect identified,
cf414bba32166dbda1e899c6c1800a708f62b33bf2801815a1c4195a1445edbe,2021-05,Durham Constabulary,Durham Constabulary,-1.759230,54.618003,On or near Victoria Street,E01020860,County Durham 064D,Drugs,Status update unavailable,
b692fbfe89c9fa5c8bcbd6a34d0cf142336996d907600360ee156788fe9a39c1,2021-05,Durham Constabulary,Durham Constabulary,-1.759230,54.618003,On or near Victoria Street,E01020860,County Durham 064D,Drugs,Unable to prosecute suspect,
a47a4200e22febd909fec908258e06f5c0aa30706489de4c3ad6ddc43c543a05,2021-05,Durham Constabulary,Durham Constabulary,-1.759230,54.618003,On or near Victoria Street,E01020860,County Durham 064D,Other theft,Investigation complete; no suspect identified,
33b0997f4ec349c731382493a40dfe2c21b20be1da69655a3a144128413f49fe,2021-05,Durham Constabulary,Durham Constabulary,-1.761001,54.622446,On or near Shirley Close,E01020860,County Durham 064D,Public order,Unable to prosecute suspect,
4ebf811db896b2d8c1e9cc89e0614c572c368f05ee8d74baebce1edd55e967c4,2021-05,Durham Constabulary,Durham Constabulary,-1.762624,54.620301,On or near Lynas Place,E01020860,County Durham 064D,Public order,Local resolution,
6f2f383017ce227c3c11a1302b7cb13636485f75353efb20a7ed8908bf98dfe1,2021-05,Durham Constabulary,Durham Constabulary,-1.764019,54.622767,On or near Swan Street,E01020860,County Durham 064D,Violence and sexual offences,Unable to prosecute suspect,
a4ecfcf118999c34e1526ce8ed0fe27b227bbafbb44f15822744767006b9acf5,2021-05,Durham Constabulary,Durham Constabulary,-1.763020,54.618721,On or near Alpine Terrace,E01020860,County Durham 064D,Violence and sexual offences,Local resolution,
de1c7e102f72708862d64fd652c12fde03aee6571f826b293673c841fef7f7e3,2021-05,Durham Constabulary,Durham Constabulary,-1.763020,54.618721,On or near Alpine Terrace,E01020860,County Durham 064D,Violence and sexual offences,Local resolution,
fd28ea338168b3f46938903dedd0d6ffb134620a0a6be012a2d8465ec270802c,2021-05,Durham Constabulary,Durham Constabulary,-1.763020,54.618721,On or near Alpine Terrace,E01020860,County Durham 064D,Violence and sexual offences,Local resolution,
0848359b4a48a100bc83e36b880cf0dc52a1167e7ba5311b97763503133e4c4b,2021-05,Durham Constabulary,Durham Constabulary,-1.763020,54.618721,On or near Alpine Terrace,E01020860,County Durham 064D,Violence and sexual offences,Local resolution,
451f227eda4036e1d50a7a92e2e9a4d0205dcd52f57b33bdbf2d652243a797ca,2021-05,Durham Constabulary,Durham Constabulary,-1.761001,54.622446,On or near Shirley Close,E01020860,County Durham 064D,Violence and sexual offences,Unable to prosecute suspect,
6955b26305fccc358b56208531c419c138665b9c1b60609ab3fd54f69f94a951,2021-05,Durham Constabulary,Durham Constabulary,-1.761001,54.622446,On or near Shirley Close,E01020860,County Durham 064D,Violence and sexual offences,Unable to prosecute suspect,
440bc125d630e09727fad1a8058a1f6bca92ac85a61ecd3184cb7e65de25e82d,2021-05,Durham Constabulary,Durham Constabulary,-1.761529,54.619562,On or near South View,E01020860,County Durham 064D,Violence and sexual offences,Unable to prosecute suspect,
97f6b3970e1c3c900fae3f929812184555ae951f8d1819c894546cb65fbbbd77,2021-05,Durham Constabulary,Durham Constabulary,-1.761001,54.622446,On or near Shirley Close,E01020860,County Durham 064D,Violence and sexual offences,Further action is not in the public interest,
1a61cdb9d466f2328d9fc0a67b5ba3ecac547971e4f750043e9b54a2d591687e,2021-05,Durham Constabulary,Durham Constabulary,-1.764019,54.622767,On or near Swan Street,E01020860,County Durham 064D,Violence and sexual offences,Action to be taken by another organisation,
,2021-05,Durham Constabulary,Durham Constabulary,-1.762577,54.636280,On or near Ramshaw Lane,E01020861,County Durham 064E,Anti-social behaviour,,
c4b802a3b1c930fb7f8aaebd55f8dbace12ca16ef8b13320a8e6224269e51b1a,2021-05,Durham Constabulary,Durham Constabulary,-1.757384,54.642156,On or near Hartbrigg Lane,E01020861,County Durham 064E,Criminal damage and arson,Investigation complete; no suspect identified,
e43bf9f7a387ed415d20663cebd28abb513b1de54f84a546a707199b3d3392f7,2021-05,Durham Constabulary,Durham Constabulary,-1.769963,54.628835,On or near Gordon Lane,E01020861,County Durham 064E,Violence and sexual offences,Unable to prosecute suspect,
9cf8445e9101a136512b412bd3411cd7a4f63202fdb5ddbddf803ed5a5ede3c7,2021-05,Durham Constabulary,Durham Constabulary,-1.752430,54.610701,On or near A688,E01020861,County Durham 064E,Violence and sexual offences,Unable to prosecute suspect,
b628c794ade67554b26393d4872473aa4d2580096790a56007d4179640a2c8d6,2021-05,Durham Constabulary,Durham Constabulary,-1.765404,54.624306,On or near Rochdale Street,E01020861,County Durham 064E,Violence and sexual offences,Unable to prosecute suspect,
805d58581b7c0ff4567eb3b56891de58c730bea413a1f288e569a7ea04b97b1f,2021-05,Durham Constabulary,Durham Constabulary,-1.741894,54.567920,On or near Kiln Lane,E01020862,County Durham 064F,Criminal damage and arson,Unable to prosecute suspect,
297449932c178db2eb5ad13b4ef2a70b8543c7d3aaffe11fd54c8e674c841263,2021-05,Durham Constabulary,Durham Constabulary,-1.725270,54.567506,On or near Back Lane,E01020862,County Durham 064F,Criminal damage and arson,Investigation complete; no suspect identified,
581f08b33544e1ce9b02e8fa39881944555ddac75eec98bb0bd9c052a4a0a214,2021-05,Durham Constabulary,Durham Constabulary,-1.725270,54.567506,On or near Back Lane,E01020862,County Durham 064F,Criminal damage and arson,Investigation complete; no suspect identified,
194fd83ee1984fe1907d7e32ad165198186a4e278a177926e0b53c31a6a39360,2021-05,Durham Constabulary,Durham Constabulary,-1.744589,54.596953,On or near Moor Lane,E01020862,County Durham 064F,Other theft,Investigation complete; no suspect identified,
3d7bf211fac5645359b73968da49f327ce7109bd6afb1c32ea43751a508161c1,2021-05,Durham Constabulary,Durham Constabulary,-1.741894,54.567920,On or near Kiln Lane,E01020862,County Durham 064F,Public order,Unable to prosecute suspect,
24d173462947e5ff44773b2bf90293b92afcb0a904abb1b8b7d2dfdd74a42cd2,2021-05,Durham Constabulary,Durham Constabulary,-1.741894,54.567920,On or near Kiln Lane,E01020862,County Durham 064F,Violence and sexual offences,Unable to prosecute suspect,
60587e271693b0b7430a3ab89fce3f3831633e07ba68e8eb01b57f1ea24a1cc6,2021-05,Durham Constabulary,Durham Constabulary,-1.730909,54.547253,On or near Eden Park,E01020862,County Durham 064F,Violence and sexual offences,Unable to prosecute suspect,
1507b65311b677c9270fc05b66880ee87cecc88cb81c170394ad2c3ebe09158e,2021-05,Durham Constabulary,Durham Constabulary,-1.737857,54.548626,On or near Station Road,E01020862,County Durham 064F,Violence and sexual offences,Court result unavailable,
29c672b070a4f505037ba2a39e7a5878f32ddfb5bffb4402d9d58185c80b35d0,2021-05,Durham Constabulary,Durham Constabulary,-1.737857,54.548626,On or near Station Road,E01020862,County Durham 064F,Violence and sexual offences,Court result unavailable,
99f310cd9fd6ddaf8313f6d18fa4a6f0755a08eb23935c8ee4f96f5c2a481a83,2021-05,Durham Constabulary,Durham Constabulary,-1.790653,54.544927,On or near Highcliffe Edge,E01020862,County Durham 064F,Violence and sexual offences,Unable to prosecute suspect,
b5466860a8148bcf8229d4d3a60fa1c4b9af1d46c583fe95c92d2da4e1af2051,2021-05,Durham Constabulary,Durham Constabulary,-1.741894,54.567920,On or near Kiln Lane,E01020862,County Durham 064F,Violence and sexual offences,Court result unavailable,
f700b25711fcc958650e83d11e34d17b967f606094c18f651e29b7055af31d6e,2021-05,Durham Constabulary,Durham Constabulary,-1.734161,54.546452,On or near Main Road,E01020862,County Durham 064F,Violence and sexual offences,Unable to prosecute suspect,
57697ef5e38ec43a53273f88c23fc778cfba769e9dbd6eeaf009d9b1dc80c0f9,2021-05,Durham Constabulary,Durham Constabulary,-1.741894,54.567920,On or near Kiln Lane,E01020862,County Durham 064F,Violence and sexual offences,Court result unavailable,
,2021-05,Durham Constabulary,Durham Constabulary,-1.864049,54.623540,On or near Sports/Recreation Area,E01020864,County Durham 064G,Anti-social behaviour,,
95b947499b669a1c7006a75274c9b55a1886ebb8b14c7c5bd60dba147a42e8ec,2021-05,Durham Constabulary,Durham Constabulary,-1.840107,54.627007,On or near Pinfold Lane,E01020864,County Durham 064G,Burglary,Investigation complete; no suspect identified,
d02c9c88d6f404905af86177c8d0256b60bf8ad1cf50f2a71ebcab036cfaee3b,2021-05,Durham Constabulary,Durham Constabulary,-1.809061,54.661417,On or near Daniel Lane,E01020864,County Durham 064G,Burglary,Investigation complete; no suspect identified,
6cd95af5646a2e31d93480434d7e43669faea10c9308af4a7d3a2687f9f9216e,2021-05,Durham Constabulary,Durham Constabulary,-1.907086,54.624524,On or near Cowley Lane,E01020864,County Durham 064G,Criminal damage and arson,Investigation complete; no suspect identified,
6a5bc74e2615197df46cce79749e13c5c5f162184ee73ebc2bc0a80fd12acdfa,2021-05,Durham Constabulary,Durham Constabulary,-1.830186,54.625250,On or near Diamond Hill,E01020864,County Durham 064G,Drugs,Further action is not in the public interest,
4e315af32673519c0c2a040fba41a87f1575738d69bc59ede7b6b7b9fbd4c740,2021-05,Durham Constabulary,Durham Constabulary,-1.830186,54.625250,On or near Diamond Hill,E01020864,County Durham 064G,Drugs,Further action is not in the public interest,
4556820337d4c0be091accd003e274c681d9df191c74847293eb30bd2dd61155,2021-05,Durham Constabulary,Durham Constabulary,-1.902504,54.630263,On or near Middleton Road,E01020864,County Durham 064G,Other theft,Investigation complete; no suspect identified,
5bc1bd4d297958455e8b063fd83f5263883fcab9f5f5b7667ab2f42040858be5,2021-05,Durham Constabulary,Durham Constabulary,-1.813317,54.673178,On or near Ladywell,E01020864,County Durham 064G,Violence and sexual offences,Local resolution,
6e08942cc4715ef88fbfc7ce978b26647ab6dc0696b791d23520a4b8d37e436c,2021-05,Durham Constabulary,Durham Constabulary,-1.840107,54.627007,On or near Pinfold Lane,E01020864,County Durham 064G,Violence and sexual offences,Status update unavailable,
5c26f831bf136331fb603933e4d7250a17f5941895372cd4a5cd0f022a4ed62c,2021-05,Durham Constabulary,Durham Constabulary,-1.830305,54.678523,On or near Howlea Lane,E01020864,County Durham 064G,Violence and sexual offences,Investigation complete; no suspect identified,
231802f791a9aa030be5458bb59dfa51acac85c36442d9bc4f495a14d823dc37,2021-05,Durham Constabulary,Durham Constabulary,-1.840107,54.627007,On or near Pinfold Lane,E01020864,County Durham 064G,Violence and sexual offences,Status update unavailable,
84d6936e30131a58b1d39807b585623b03bdaf3b4eddd93229a0292effc15094,2021-05,Durham Constabulary,Durham Constabulary,-1.877139,54.627715,On or near Sun Road,E01020864,County Durham 064G,Violence and sexual offences,Action to be taken by another organisation,
1d0aef87bced8629ed6f2efcbae96b314eb2bcc43b5a21e5cf39ec9cebd0705a,2021-05,Durham Constabulary,Durham Constabulary,-1.813317,54.673178,On or near Ladywell,E01020864,County Durham 064G,Violence and sexual offences,Local resolution,
,2021-05,Durham Constabulary,Durham Constabulary,-1.809695,54.578587,On or near Coronation Gardens,E01020867,County Durham 064H,Anti-social behaviour,,
,2021-05,Durham Constabulary,Durham Constabulary,-1.809695,54.578587,On or near Coronation Gardens,E01020867,County Durham 064H,Anti-social behaviour,,
,2021-05,Durham Constabulary,Durham Constabulary,-1.809695,54.578587,On or near Coronation Gardens,E01020867,County Durham 064H,Anti-social behaviour,,
,2021-05,Durham Constabulary,Durham Constabulary,-1.809695,54.578587,On or near Coronation Gardens,E01020867,County Durham 064H,Anti-social behaviour,,
8705a10d0dec4eb4c536fbd631b80d0ce86103eab9e89b6741115a0bc28cceb3,2021-05,Durham Constabulary,Durham Constabulary,-1.886490,54.562121,On or near Streatlam Close,E01020867,County Durham 064H,Criminal damage and arson,Investigation complete; no suspect identified,
b2849b3587a32d73de12eeef382c339ff7905671b94d2b439fb27150920ac526,2021-05,Durham Constabulary,Durham Constabulary,-1.797930,54.580240,On or near Swan Wynd,E01020867,County Durham 064H,Violence and sexual offences,Unable to prosecute suspect,
0f12eaf8ec9e57358c7415a776930859eebccc9902021465d0da6168df827a7b,2021-05,Durham Constabulary,Durham Constabulary,-1.809467,54.577850,On or near Sudburn Avenue,E01020867,County Durham 064H,Violence and sexual offences,Unable to prosecute suspect,
009c490508af5ee1f19dd024e03d315559ae2279e1d1c18168bea100eb8a0b2d,2021-05,Durham Constabulary,Durham Constabulary,-1.894749,54.555936,On or near The Crescent,E01020867,County Durham 064H,Violence and sexual offences,Local resolution,
a8e06c95800373ce5485f437218f96b200cde3b18f39f7420dfcf3baa2f32de9,2021-05,Durham Constabulary,Durham Constabulary,-1.792492,54.578631,On or near Grice Court,E01020867,County Durham 064H,Violence and sexual offences,Unable to prosecute suspect,
8dd7c24987226a30e18026f7ebaba3075efd861465dbf09c4949e629ad2ed841,2021-05,Durham Constabulary,Durham Constabulary,-1.813565,54.578261,On or near St Gregory Close,E01020867,County Durham 064H,Other crime,Action to be taken by another organisation,
,2021-05,Durham Constabulary,Durham Constabulary,-1.983865,54.572705,On or near Gllmoor Garth,E01020857,County Durham 065A,Anti-social behaviour,,
488ec064f8c0d71424c8e6dc087fec582412a99893291386abd3fa5cb69586ee,2021-05,Durham Constabulary,Durham Constabulary,-2.009677,54.620075,On or near B6278,E01020857,County Durham 065A,Burglary,Unable to prosecute suspect,
11b74127fd834c3a9b1a286ac609b1adb657f90fa4f01a708da680247ea40dee,2021-05,Durham Constabulary,Durham Constabulary,-2.009677,54.620075,On or near B6278,E01020857,County Durham 065A,Criminal damage and arson,Investigation complete; no suspect identified,
6f18523667cbd9aaab9607792e398d26af9523f10792bb7ec3434f9290949d8f,2021-05,Durham Constabulary,Durham Constabulary,-1.894227,54.554561,On or near The Avenue,E01020857,County Durham 065A,Drugs,Further action is not in the public interest,
77c323465089d2193264f77f6dc451e7affc6fe39f38612f9ee880a806f535ea,2021-05,Durham Constabulary,Durham Constabulary,-1.980851,54.566746,On or near Station Terrace,E01020857,County Durham 065A,Violence and sexual offences,Unable to prosecute suspect,
,2021-05,Durham Constabulary,Durham Constabulary,-1.951050,54.500559,On or near Rutherford Lane,E01020863,County Durham 065B,Anti-social behaviour,,
80308dac40452b8ee3fbc0c55efb3f0d64dd640ef87fbcb7b231ea55ba4e1f6e,2021-05,Durham Constabulary,Durham Constabulary,-1.904207,54.531581,On or near Abbey Lane,E01020863,County Durham 065B,Vehicle crime,Investigation complete; no suspect identified,
01da346ca6b6f7be31d8126b6112b3896f672ae3c95b8c0f9d01a8d932b8d1b7,2021-05,Durham Constabulary,Durham Constabulary,-1.904207,54.531581,On or near Abbey Lane,E01020863,County Durham 065B,Violence and sexual offences,Unable to prosecute suspect,
e05858df17a8c8ef86c6b98ff714415799a2c1ccb09e4d7cf115e08ca944ddb8,2021-05,Durham Constabulary,Durham Constabulary,-2.008959,54.593591,On or near Sennings Lane,E01020865,County Durham 065C,Other theft,Investigation complete; no suspect identified,
997bac786c82071baa3538e4a1bd061dd69760a77b670a6c6003f8241855b550,2021-05,Durham Constabulary,Durham Constabulary,-2.079494,54.622332,On or near Masterman Place,E01020865,County Durham 065C,Other theft,Status update unavailable,
,2021-05,Durham Constabulary,Durham Constabulary,-2.144016,54.649376,On or near Parking Area,E01020866,County Durham 065D,Anti-social behaviour,,
,2021-05,Durham Constabulary,Durham Constabulary,-2.178930,54.652457,On or near Parking Area,E01020866,County Durham 065D,Anti-social behaviour,,
,2021-05,Durham Constabulary,Durham Constabulary,-2.077049,54.623457,On or near California Row,E01020866,County Durham 065D,Anti-social behaviour,,
,2021-05,Durham Constabulary,Durham Constabulary,-2.144016,54.649376,On or near Parking Area,E01020866,County Durham 065D,Anti-social behaviour,,
,2021-05,Durham Constabulary,Durham Constabulary,-2.083507,54.623201,On or near Bridge Street,E01020866,County Durham 065D,Anti-social behaviour,,
2e69e48dc4aed6dc543667726302e4236a4f4c1e41e9c43b2abb40784458d391,2021-05,Durham Constabulary,Durham Constabulary,-2.144016,54.649376,On or near Parking Area,E01020866,County Durham 065D,Burglary,Court result unavailable,
c444a52e8499a6a045d2d573dadbf411d3ccbd037fcf6156f508a2abf4590d1c,2021-05,Durham Constabulary,Durham Constabulary,-2.178930,54.652457,On or near Parking Area,E01020866,County Durham 065D,Vehicle crime,Court result unavailable,
75bd915469093515f74da90b31b8f8381f72d90e76fcf52a1ff8447916c6a5df,2021-05,Durham Constabulary,Durham Constabulary,-2.252900,54.684137,On or near B6277,E01020866,County Durham 065D,Violence and sexual offences,Local resolution,
a0f189d6abf6f7ce44cc2ea4d9b0daaafaaedbd906950d4ab685a791022b5b69,2021-05,Durham Constabulary,Durham Constabulary,-2.075408,54.623610,On or near Jubilee Place,E01020866,County Durham 065D,Violence and sexual offences,Unable to prosecute suspect,
054d8f08a54006d59adf4091b4e61977e5fadf3410a7e598ba7b441c03915dd6,2021-05,Durham Constabulary,Durham Constabulary,-2.144016,54.649376,On or near Parking Area,E01020866,County Durham 065D,Other crime,Court result unavailable,
,2021-05,Durham Constabulary,Durham Constabulary,-1.922601,54.544679,On or near Parking Area,E01020852,County Durham 066A,Anti-social behaviour,,
,2021-05,Durham Constabulary,Durham Constabulary,-1.915447,54.543344,On or near Crook Lane,E01020852,County Durham 066A,Anti-social behaviour,,
,2021-05,Durham Constabulary,Durham Constabulary,-1.915447,54.543344,On or near Crook Lane,E01020852,County Durham 066A,Anti-social behaviour,,
1477f4a1de85f3538e9da76d90713a1ca66d6440c3a42379eee6e2cd10396158,2021-05,Durham Constabulary,Durham Constabulary,-1.916558,54.544540,On or near Dawson Road,E01020852,County Durham 066A,Burglary,Unable to prosecute suspect,
64cacc601be1f7bbb14f1be6f0c105575748e32dac39ce51669435cb8668af01,2021-05,Durham Constabulary,Durham Constabulary,-1.922480,54.543672,On or near George Street,E01020852,County Durham 066A,Criminal damage and arson,Offender given a caution,
1fc8b3153359d72af3eb59e3edc38a275bd101920f3a4c4935233aee8ea36d4f,2021-05,Durham Constabulary,Durham Constabulary,-1.916558,54.544540,On or near Dawson Road,E01020852,County Durham 066A,Drugs,Local resolution,
7dcec0da37a4968f6087f1e422997ea5bc32b147eaa118408fb8e1dcda04db64,2021-05,Durham Constabulary,Durham Constabulary,-1.923824,54.543772,On or near Horse Market,E01020852,County Durham 066A,Vehicle crime,Investigation complete; no suspect identified,
e1541e837f0442d742e4b0a3433661369cf1e205e31954c882797ffbf5714a0f,2021-05,Durham Constabulary,Durham Constabulary,-1.915413,54.545078,On or near Zetland Road,E01020852,County Durham 066A,Violence and sexual offences,Unable to prosecute suspect,
8f13b5790e743423341094ce7a7a823754cd2ace6f84b1d9d130d63594477abc,2021-05,Durham Constabulary,Durham Constabulary,-1.923565,54.542172,On or near A67,E01020852,County Durham 066A,Violence and sexual offences,Investigation complete; no suspect identified,
37e5243c6d3d4cdb56a32dd58d889a91475959d61c15878c3eefe9ebb597ff59,2021-05,Durham Constabulary,Durham Constabulary,-1.919571,54.545171,On or near Albert Close,E01020852,County Durham 066A,Violence and sexual offences,Unable to prosecute suspect,
4b090d75ef656999bf91aba3604a4488be8ddd826eae93b796709ff60cf387cd,2021-05,Durham Constabulary,Durham Constabulary,-1.916558,54.544540,On or near Dawson Road,E01020852,County Durham 066A,Violence and sexual offences,Status update unavailable,
423c314e105027454a979afe54f900222cdfc67d5f747afa332c7d1e5ca65468,2021-05,Durham Constabulary,Durham Constabulary,-1.922077,54.544103,On or near Pearson Terrace,E01020852,County Durham 066A,Violence and sexual offences,Unable to prosecute suspect,
d87433ceeed14a7178a7863e6c244a3dee5db6e6de5e86bbb5d023f122e05af7,2021-05,Durham Constabulary,Durham Constabulary,-1.923824,54.543772,On or near Horse Market,E01020852,County Durham 066A,Violence and sexual offences,Investigation complete; no suspect identified,
2b2570a7dbe7eafb46933eec34c56c3b6e5663df14ad383a6352611a8eb3bc0f,2021-05,Durham Constabulary,Durham Constabulary,-1.915413,54.545078,On or near Zetland Road,E01020852,County Durham 066A,Violence and sexual offences,Unable to prosecute suspect,
e6cacbb8af7126f0967432c75fe38215cc79cc7d59d52513ed3d5a7a22254b91,2021-05,Durham Constabulary,Durham Constabulary,-1.915447,54.543344,On or near Crook Lane,E01020852,County Durham 066A,Violence and sexual offences,Unable to prosecute suspect,
fa8097a8d70e8e236eac73af2ded3ef4a98ceea67886e23dcf82582f080b7164,2021-05,Durham Constabulary,Durham Constabulary,-1.919571,54.545171,On or near Albert Close,E01020852,County Durham 066A,Violence and sexual offences,Unable to prosecute suspect,
3f933be7a642099f55b2018d3af200211362c7db37f0a36e4fffcae486d88afe,2021-05,Durham Constabulary,Durham Constabulary,-1.915413,54.545078,On or near Zetland Road,E01020852,County Durham 066A,Violence and sexual offences,Unable to prosecute suspect,
0e8a332b6d5548173b64fc0a12a5e244955c81af4308102c458c947680c4ad3c,2021-05,Durham Constabulary,Durham Constabulary,-1.922077,54.544103,On or near Pearson Terrace,E01020852,County Durham 066A,Violence and sexual offences,Unable to prosecute suspect,
f26307284af100bfde38902c387e45f16d61b1758f0c0eaea58fe8e2cd17479c,2021-05,Durham Constabulary,Durham Constabulary,-1.923824,54.543772,On or near Horse Market,E01020852,County Durham 066A,Violence and sexual offences,Investigation complete; no suspect identified,
2c7a542e7f5ec17352061cfa40e7c506d65e43be6b171257935bc8b8d8b11d1d,2021-05,Durham Constabulary,Durham Constabulary,-1.922077,54.544103,On or near Pearson Terrace,E01020852,County Durham 066A,Violence and sexual offences,Unable to prosecute suspect,
f0df00f600df589cd60c8553e51a39cc1c3fc9e4709f8f2d3681860ea19d16f1,2021-05,Durham Constabulary,Durham Constabulary,-1.924272,54.544069,On or near Horse Market,E01020852,County Durham 066A,Violence and sexual offences,Investigation complete; no suspect identified,
,2021-05,Durham Constabulary,Durham Constabulary,-1.917638,54.553177,On or near Harmire Road,E01020853,County Durham 066B,Anti-social behaviour,,
7497003b825d51fdc61a07f6cbe390a061306c9c0882adb98f0ce90d5a7d0421,2021-05,Durham Constabulary,Durham Constabulary,-1.910635,54.553010,On or near Sports/Recreation Area,E01020853,County Durham 066B,Criminal damage and arson,Investigation complete; no suspect identified,
2a869b0954a5d0e9f7e6073aa8533be130fa8aa2fe6cd9544afbf140b144dba2,2021-05,Durham Constabulary,Durham Constabulary,-1.913318,54.548833,On or near Kyles Yard,E01020853,County Durham 066B,Shoplifting,Investigation complete; no suspect identified,
72d4f7c7d7f4b7ad521e49700d2eb0672b73ab0e150f1ccb0a1d042ce3e5e90f,2021-05,Durham Constabulary,Durham Constabulary,-1.913318,54.548833,On or near Kyles Yard,E01020853,County Durham 066B,Shoplifting,Further investigation is not in the public interest,
d4eedcd527f647ac0a2eb56d212c968cdab59e878eb75b7411d2ad7f811b8b0e,2021-05,Durham Constabulary,Durham Constabulary,-1.918269,54.546680,On or near John Street,E01020853,County Durham 066B,Violence and sexual offences,Unable to prosecute suspect,
fcafe221ba23388b1dab0263f2776d2aee67e7890384b9cc552a06e6736e4a3b,2021-05,Durham Constabulary,Durham Constabulary,-1.920324,54.555138,On or near Redwell Court,E01020853,County Durham 066B,Violence and sexual offences,Local resolution,
2d1858bc9dec1be60e71aa7463a7e9846996ea74e5883599b4abd3d955c9548f,2021-05,Durham Constabulary,Durham Constabulary,-1.915174,54.548421,On or near Bede Road,E01020853,County Durham 066B,Violence and sexual offences,Unable to prosecute suspect,
c0d0b12c124f19b0e462a80efa10e2ed12b61bd740eb8f633f8925c1b95b300c,2021-05,Durham Constabulary,Durham Constabulary,-1.913808,54.551233,On or near Strathmore Road,E01020853,County Durham 066B,Violence and sexual offences,Local resolution,
ab6f022460ddb844fec6ae5a7d618c5035d0adaa11bf1c6bd839787a251c0a0b,2021-05,Durham Constabulary,Durham Constabulary,-1.918269,54.546680,On or near John Street,E01020853,County Durham 066B,Violence and sexual offences,Unable to prosecute suspect,
3b5826602bac897983c31bd550a755b23411f6f5fdff59f35243092cadc688e1,2021-05,Durham Constabulary,Durham Constabulary,-1.918269,54.546680,On or near John Street,E01020853,County Durham 066B,Violence and sexual offences,Further investigation is not in the public interest,
f54157d3ca2088de08b523155c467db1d40f33d0fa9537f14bda46c8dc89a1be,2021-05,Durham Constabulary,Durham Constabulary,-1.918269,54.546680,On or near John Street,E01020853,County Durham 066B,Violence and sexual offences,Unable to prosecute suspect,
649b3a099ab79b07c5887e7749fd789d77510276c731c1b447177de68ca7f76f,2021-05,Durham Constabulary,Durham Constabulary,-1.920324,54.555138,On or near Redwell Court,E01020853,County Durham 066B,Violence and sexual offences,Local resolution,
433c2ef7fa085da704cd81dc3d2436e9d702f101cf3830e974e1bfb8fde96d0c,2021-05,Durham Constabulary,Durham Constabulary,-1.913808,54.551233,On or near Strathmore Road,E01020853,County Durham 066B,Violence and sexual offences,Local resolution,
c35209c0c682410634ba5df431a565ea35e88f045a9970136bc7063ce4c41028,2021-05,Durham Constabulary,Durham Constabulary,-1.918269,54.546680,On or near John Street,E01020853,County Durham 066B,Violence and sexual offences,Unable to prosecute suspect,
3ae6d9f3cb5e2a10183830a2670b69814f57e3f339bf6d436f944a67c7a2d602,2021-05,Durham Constabulary,Durham Constabulary,-1.920324,54.555138,On or near Redwell Court,E01020853,County Durham 066B,Violence and sexual offences,Local resolution,
0cc3088d0ca92c11e6cb9cb2946b4f50ad1068388256afcb88b2c662ee608081,2021-05,Durham Constabulary,Durham Constabulary,-1.918269,54.546680,On or near John Street,E01020853,County Durham 066B,Violence and sexual offences,Unable to prosecute suspect,
d8762d03395065d6a575455a111e41652bfffc58b722bd0b657d198b5938fc25,2021-05,Durham Constabulary,Durham Constabulary,-1.909353,54.545343,On or near Green Lane,E01020853,County Durham 066B,Other crime,Unable to prosecute suspect,
,2021-05,Durham Constabulary,Durham Constabulary,-1.923738,54.540402,On or near Priory Yard,E01020854,County Durham 066C,Anti-social behaviour,,
,2021-05,Durham Constabulary,Durham Constabulary,-1.930877,54.541610,On or near Low Startforth Road,E01020854,County Durham 066C,Anti-social behaviour,,
,2021-05,Durham Constabulary,Durham Constabulary,-1.933737,54.540695,On or near Stainmore Close,E01020854,County Durham 066C,Anti-social behaviour,,
,2021-05,Durham Constabulary,Durham Constabulary,-1.924643,54.544150,On or near Shopping Area,E01020854,County Durham 066C,Anti-social behaviour,,
,2021-05,Durham Constabulary,Durham Constabulary,-1.929162,54.540971,On or near Teesdale Road,E01020854,County Durham 066C,Anti-social behaviour,,
,2021-05,Durham Constabulary,Durham Constabulary,-1.934851,54.540192,On or near Dark Lane,E01020854,County Durham 066C,Anti-social behaviour,,
,2021-05,Durham Constabulary,Durham Constabulary,-1.923908,54.540204,On or near Gray Lane,E01020854,County Durham 066C,Anti-social behaviour,,
,2021-05,Durham Constabulary,Durham Constabulary,-1.924643,54.544150,On or near Shopping Area,E01020854,County Durham 066C,Anti-social behaviour,,
,2021-05,Durham Constabulary,Durham Constabulary,-1.924547,54.545875,On or near Farmers Way,E01020854,County Durham 066C,Anti-social behaviour,,
,2021-05,Durham Constabulary,Durham Constabulary,-1.923821,54.545542,On or near Supermarket,E01020854,County Durham 066C,Anti-social behaviour,,
b312c4e252c306c5e64632230155e304a227693bba36f7d34a0e75d2a529b250,2021-05,Durham Constabulary,Durham Constabulary,-1.925994,54.540376,On or near Thorngate Wynd,E01020854,County Durham 066C,Criminal damage and arson,Offender given a caution,
d6bbb4c18867dd7158771723ec066f56159aa3ada023e74bee6c58599a1ab8cd,2021-05,Durham Constabulary,Durham Constabulary,-1.924107,54.541318,On or near The Bank,E01020854,County Durham 066C,Criminal damage and arson,Local resolution,
8c317c277c5fccfc2b8fbeba812f4aa7c342b4320b78f3227dd90c3b281d8245,2021-05,Durham Constabulary,Durham Constabulary,-1.936700,54.544022,On or near Prison,E01020854,County Durham 066C,Drugs,Awaiting court outcome,
1bcd3b073f40b2ead86aee720db6b7929ad70592b4686e741781913668fa6df0,2021-05,Durham Constabulary,Durham Constabulary,-1.936700,54.544022,On or near Prison,E01020854,County Durham 066C,Public order,Unable to prosecute suspect,
220da9bfd007013e2666f64c22b2b6916dad39caba14b9a0ba0194d167ac079f,2021-05,Durham Constabulary,Durham Constabulary,-1.924580,54.544914,On or near Flatts Road,E01020854,County Durham 066C,Public order,Investigation complete; no suspect identified,
38d8c0430a3611b481cad99911cbd0e1e4556f9c461d21c60edaedd0c23239c7,2021-05,Durham Constabulary,Durham Constabulary,-1.923821,54.545542,On or near Supermarket,E01020854,County Durham 066C,Shoplifting,Investigation complete; no suspect identified,
f475d8fecf2a43050108ad9b8e24c003ab0b89d1483c2ef2d4a9fa4d4c38469d,2021-05,Durham Constabulary,Durham Constabulary,-1.925677,54.545121,On or near Flatts Road,E01020854,County Durham 066C,Violence and sexual offences,Unable to prosecute suspect,
19b0ce1d8c3815f5209f594a9a8d12769c38f3a76c804b6e53eac9d53de8bc72,2021-05,Durham Constabulary,Durham Constabulary,-1.936700,54.544022,On or near Prison,E01020854,County Durham 066C,Violence and sexual offences,Unable to prosecute suspect,
181a1e12a4c7d9df7be335e899b03511364f15072fedefff7daeae2b0b3c6147,2021-05,Durham Constabulary,Durham Constabulary,-1.924547,54.545875,On or near Farmers Way,E01020854,County Durham 066C,Violence and sexual offences,Unable to prosecute suspect,
05cbf3e3858d6feb245ccdecc8fb2817589fa94e8ad7fbf1020ca7b798cd6930,2021-05,Durham Constabulary,Durham Constabulary,-1.936700,54.544022,On or near Prison,E01020854,County Durham 066C,Violence and sexual offences,Action to be taken by another organisation,
faa929ca16b21cf19b76306dc62c9e0bf5041b2da6c91dcf862f98910abe3c21,2021-05,Durham Constabulary,Durham Constabulary,-1.923842,54.542810,On or near Market Place,E01020854,County Durham 066C,Violence and sexual offences,Unable to prosecute suspect,
9ec84df2ad81d35cd26b101a137fb4e40615b39d60e49c66485409728d79b835,2021-05,Durham Constabulary,Durham Constabulary,-1.924580,54.544914,On or near Flatts Road,E01020854,County Durham 066C,Violence and sexual offences,Status update unavailable,
23a97df81c4f38fb4bfc6667aec3cfa3d44d2c29723261d55834561a07603c8e,2021-05,Durham Constabulary,Durham Constabulary,-1.923821,54.545542,On or near Supermarket,E01020854,County Durham 066C,Violence and sexual offences,Investigation complete; no suspect identified,
1a39b1d60c46ce1c76251723e6398c55f27f6d6b4978a29577d03716f2f9cc35,2021-05,Durham Constabulary,Durham Constabulary,-1.936700,54.544022,On or near Prison,E01020854,County Durham 066C,Violence and sexual offences,Action to be taken by another organisation,
344c3d2bfda58054edc7ea5073c47c49368f6ec4f9c1c58c79424d6872b228d7,2021-05,Durham Constabulary,Durham Constabulary,-1.936700,54.544022,On or near Prison,E01020854,County Durham 066C,Violence and sexual offences,Action to be taken by another organisation,
75ca27668b0e1a3c3a25538faa88a8b0d06642e02a54f261027580921ddc8724,2021-05,Durham Constabulary,Durham Constabulary,-1.936700,54.544022,On or near Prison,E01020854,County Durham 066C,Other crime,Status update unavailable,
7a07d673e63c387127047b60993dc1ba000b9eac2e6ca363833e96fc8f8fc3a9,2021-05,Durham Constabulary,Durham Constabulary,-1.925994,54.540376,On or near Thorngate Wynd,E01020854,County Durham 066C,Other crime,Unable to prosecute suspect,
5165bd0aff69c49ea0da0a97b8980d3ae8bfa5a3a89c19fa5c4b36bbf95db56f,2021-05,Durham Constabulary,Durham Constabulary,-1.918003,54.548405,On or near Coronation Street,E01020855,County Durham 066D,Public order,Investigation complete; no suspect identified,
,2021-05,Durham Constabulary,Durham Constabulary,-1.615226,54.519836,On or near Well Bank,E01012334,Darlington 001B,Anti-social behaviour,,
,2021-05,Durham Constabulary,Durham Constabulary,-1.615226,54.519836,On or near Well Bank,E01012334,Darlington 001B,Anti-social behaviour,,
,2021-05,Durham Constabulary,Durham Constabulary,-1.640052,54.574266,On or near Walworth Road,E01012334,Darlington 001B,Anti-social behaviour,,
,2021-05,Durham Constabulary,Durham Constabulary,-1.615226,54.519836,On or near Well Bank,E01012334,Darlington 001B,Anti-social behaviour,,
81945ff10b5b553ef829fe9b8d644e4da59c1abf916d06b46adc06c1da969df2,2021-05,Durham Constabulary,Durham Constabulary,-1.615914,54.523955,On or near Merrybent Drive,E01012334,Darlington 001B,Criminal damage and arson,Investigation complete; no suspect identified,
a1616323719eb39272a606f2e9f6ed8efb04f096bae5bbd90c6e2f86a5f1c390,2021-05,Durham Constabulary,Durham Constabulary,-1.653957,54.607333,On or near Corner Bank Lane,E01012334,Darlington 001B,Public order,Action to be taken by another organisation,
2fa93414a7113f1eff44ca6bc658501791e0c6ac060c03cf5e8769600bac4002,2021-05,Durham Constabulary,Durham Constabulary,-1.599303,54.604621,On or near Jasmin Grove,E01012334,Darlington 001B,Violence and sexual offences,Status update unavailable,
7aa7119261833f1056ae88861359928d319af6aea5f7364998ddc5c799c5ef01,2021-05,Durham Constabulary,Durham Constabulary,-1.653957,54.607333,On or near Corner Bank Lane,E01012334,Darlington 001B,Violence and sexual offences,Unable to prosecute suspect,
a802521d0700d400128dddfa62c16b089c698513f2a8eca26070c9cc25de2622,2021-05,Durham Constabulary,Durham Constabulary,-1.653957,54.607333,On or near Corner Bank Lane,E01012334,Darlington 001B,Violence and sexual offences,Action to be taken by another organisation,
,2021-05,Durham Constabulary,Durham Constabulary,-1.626596,54.596072,On or near Eden Close,E01012335,Darlington 001C,Anti-social behaviour,,
ca6d4eaa11fb426a27f25d197f410297594a0cda85d69ea27e4437f50063e875,2021-05,Durham Constabulary,Durham Constabulary,-1.617719,54.593690,On or near Garthlands,E01012335,Darlington 001C,Burglary,Investigation complete; no suspect identified,
91b085810fe3cd070f405694faeca4bb06771f858fec8b569df56f9b261bbbbd,2021-05,Durham Constabulary,Durham Constabulary,-1.621273,54.594294,On or near Judith Close,E01012335,Darlington 001C,Violence and sexual offences,Investigation complete; no suspect identified,
8e8d31b6f54642156a395b12ff37247a7692b312e46f6860b60f24ce4201d6e6,2021-05,Durham Constabulary,Durham Constabulary,-1.621273,54.594294,On or near Judith Close,E01012335,Darlington 001C,Violence and sexual offences,Investigation complete; no suspect identified,
,2021-05,Durham Constabulary,Durham Constabulary,-1.503338,54.516877,On or near Pioneer Court,E01012366,Darlington 001D,Anti-social behaviour,,
,2021-05,Durham Constabulary,Durham Constabulary,-1.496748,54.532747,On or near A66,E01012366,Darlington 001D,Anti-social behaviour,,
,2021-05,Durham Constabulary,Durham Constabulary,-1.558133,54.580986,On or near A167,E01012366,Darlington 001D,Anti-social behaviour,,
,2021-05,Durham Constabulary,Durham Constabulary,-1.608858,54.570376,On or near Parking Area,E01012366,Darlington 001D,Anti-social behaviour,,
,2021-05,Durham Constabulary,Durham Constabulary,-1.503338,54.516877,On or near Pioneer Court,E01012366,Darlington 001D,Anti-social behaviour,,
,2021-05,Durham Constabulary,Durham Constabulary,-1.503338,54.516877,On or near Pioneer Court,E01012366,Darlington 001D,Anti-social behaviour,,
,2021-05,Durham Constabulary,Durham Constabulary,-1.608858,54.570376,On or near Parking Area,E01012366,Darlington 001D,Anti-social behaviour,,
,2021-05,Durham Constabulary,Durham Constabulary,-1.554848,54.575816,On or near Durham Road,E01012366,Darlington 001D,Anti-social behaviour,,
,2021-05,Durham Constabulary,Durham Constabulary,-1.503338,54.516877,On or near Pioneer Court,E01012366,Darlington 001D,Anti-social behaviour,,
,2021-05,Durham Constabulary,Durham Constabulary,-1.534279,54.571272,On or near Ketton Lane,E01012366,Darlington 001D,Anti-social behaviour,,
,2021-05,Durham Constabulary,Durham Constabulary,-1.534279,54.571272,On or near Ketton Lane,E01012366,Darlington 001D,Anti-social behaviour,,
a7a664c05c15862adeb1b095ba6608987558ceddb117ffad54279bc452f4e471,2021-05,Durham Constabulary,Durham Constabulary,-1.471242,54.529754,On or near Sadberge Road,E01012366,Darlington 001D,Burglary,Investigation complete; no suspect identified,
588d03af96af7d32f0557a60f3ccb6c25f91d6306504e1062f0569fae68dacde,2021-05,Durham Constabulary,Durham Constabulary,-1.546892,54.562288,On or near Hartlea Avenue,E01012366,Darlington 001D,Criminal damage and arson,Unable to prosecute suspect,
dd86930f0ade7a54fa054cff8e33f3a635c228764d4d30e5fa22862dd7dd8cf6,2021-05,Durham Constabulary,Durham Constabulary,-1.497795,54.523010,On or near Parking Area,E01012366,Darlington 001D,Criminal damage and arson,Investigation complete; no suspect identified,
0fe107534337f3d9f98d42b149b6e5779bc9ba7e7b4e6b22831232322080b8b2,2021-05,Durham Constabulary,Durham Constabulary,-1.472221,54.547328,On or near Hillhouse Lane,E01012366,Darlington 001D,Criminal damage and arson,Investigation complete; no suspect identified,
9bfaac4877d29df676fb1bc828cf47a3c8af5a9e38e2c45e2a7487ee367eda3d,2021-05,Durham Constabulary,Durham Constabulary,-1.478671,54.591895,On or near Glebe Road,E01012366,Darlington 001D,Criminal damage and arson,Investigation complete; no suspect identified,
9dd9db3ab2cc6856c821c4d8ef54a0efa45c1310f6eebedf329b004988da45f0,2021-05,Durham Constabulary,Durham Constabulary,-1.501408,54.520607,On or near Conference/Exhibition Centre,E01012366,Darlington 001D,Other theft,Investigation complete; no suspect identified,
3a9f7f6f1d8408d6c05f4f31d97bca4fc3e5e8fdec8e4d65dbb080ec7dd57b10,2021-05,Durham Constabulary,Durham Constabulary,-1.501408,54.520607,On or near Conference/Exhibition Centre,E01012366,Darlington 001D,Other theft,Investigation complete; no suspect identified,
04cbbe2a1cadaada4cf8f08bdd62e9c634f6e10c2f86e4f25cde9d853b59d18a,2021-05,Durham Constabulary,Durham Constabulary,-1.558133,54.580986,On or near A167,E01012366,Darlington 001D,Other theft,Investigation complete; no suspect identified,
61b9e00a9c9496ae7d94945436cd88551a700079eda9e4ea05d8f2ef61ff0741,2021-05,Durham Constabulary,Durham Constabulary,-1.501408,54.520607,On or near Conference/Exhibition Centre,E01012366,Darlington 001D,Other theft,Unable to prosecute suspect,
0bcfb63d62f0cd03992958ab8263d196e06ede4b6cbcab0d0649db4c3e6abd20,2021-05,Durham Constabulary,Durham Constabulary,-1.501408,54.520607,On or near Conference/Exhibition Centre,E01012366,Darlington 001D,Other theft,Unable to prosecute suspect,
df873854a9e89b957e77fad07e8df89dadf81b8a4e431f67da2d35a23bb15e9a,2021-05,Durham Constabulary,Durham Constabulary,-1.501408,54.520607,On or near Conference/Exhibition Centre,E01012366,Darlington 001D,Shoplifting,Investigation complete; no suspect identified,
9e624afbd95b326a5c11ff695c6df1c14420ae18fa32606f3e3cf27575ecb6bc,2021-05,Durham Constabulary,Durham Constabulary,-1.503338,54.516877,On or near Pioneer Court,E01012366,Darlington 001D,Shoplifting,Unable to prosecute suspect,
f6805234e4c38e76f0f87185f0f072fb35fc491cf20c68b5dbd3c747a251f94f,2021-05,Durham Constabulary,Durham Constabulary,-1.558133,54.580986,On or near A167,E01012366,Darlington 001D,Shoplifting,Investigation complete; no suspect identified,
2d4cf896be61565fe25d48da26fca3c1eab759b5aacad5e8abf984ab634c28af,2021-05,Durham Constabulary,Durham Constabulary,-1.501408,54.520607,On or near Conference/Exhibition Centre,E01012366,Darlington 001D,Shoplifting,Investigation complete; no suspect identified,
ec5c7dd486cff2d215d75a58a21fe81f6fde4f4e15e88b861c07e0613387c2b4,2021-05,Durham Constabulary,Durham Constabulary,-1.501408,54.520607,On or near Conference/Exhibition Centre,E01012366,Darlington 001D,Shoplifting,Investigation complete; no suspect identified,
6fc18a206f4443d5107505a51c7fb6485bdb2dafa5b17dabef8bd15500eba89a,2021-05,Durham Constabulary,Durham Constabulary,-1.549140,54.570133,On or near Durham Road,E01012366,Darlington 001D,Vehicle crime,Investigation complete; no suspect identified,
3fcf3900b595cba488db94677a5bb4192cdfab036fcff3191a39310340641415,2021-05,Durham Constabulary,Durham Constabulary,-1.549140,54.570133,On or near Durham Road,E01012366,Darlington 001D,Violence and sexual offences,Investigation complete; no suspect identified,
826cd0d72dc82cfb02cf3ebbd06404a2f169bc79d26cc5db5f9d64326822f05d,2021-05,Durham Constabulary,Durham Constabulary,-1.473733,54.545132,On or near Church Lane,E01012366,Darlington 001D,Violence and sexual offences,Unable to prosecute suspect,
f913d0d160868262c44e3a13d9d277cf1986a1414293250cb1dd529624f02b7f,2021-05,Durham Constabulary,Durham Constabulary,-1.558133,54.580986,On or near A167,E01012366,Darlington 001D,Violence and sexual offences,Unable to prosecute suspect,
30f68030c97425fd05c6700b951b1f41d6668af66177cc2fee599408664ed394,2021-05,Durham Constabulary,Durham Constabulary,-1.558133,54.580986,On or near A167,E01012366,Darlington 001D,Violence and sexual offences,Unable to prosecute suspect,
ed7871bf589bfa22e79741fc8233e237b839841970ae475044300ce6b7bccef1,2021-05,Durham Constabulary,Durham Constabulary,-1.474606,54.567487,On or near Bishopton Lane,E01012366,Darlington 001D,Violence and sexual offences,Unable to prosecute suspect,
7e37cef60b1199dd80f825c31e83ec0cfbc90999934f1422e5393ba98ffdc74e,2021-05,Durham Constabulary,Durham Constabulary,-1.552102,54.584945,On or near Aycliffe Lane,E01012366,Darlington 001D,Violence and sexual offences,Unable to prosecute suspect,
78beaf31f66f22d9d58af1ac88b470b27d52be5c9e8b451e4cedf228232f4966,2021-05,Durham Constabulary,Durham Constabulary,-1.549140,54.570133,On or near Durham Road,E01012366,Darlington 001D,Violence and sexual offences,Investigation complete; no suspect identified,
4c89f5c08b91a5704c1c63f7ab718942c028347eb93cab5a4b652f397c3a0f86,2021-05,Durham Constabulary,Durham Constabulary,-1.549140,54.570133,On or near Durham Road,E01012366,Darlington 001D,Violence and sexual offences,Unable to prosecute suspect,
6868b3da944b90988b5de59fae1e44130fa0c5e4f2ca434bc7bc75cbb2fe0ae8,2021-05,Durham Constabulary,Durham Constabulary,-1.473733,54.545132,On or near Church Lane,E01012366,Darlington 001D,Violence and sexual offences,Unable to prosecute suspect,
,2021-05,Durham Constabulary,Durham Constabulary,-1.587107,54.549248,On or near A68,E01033481,Darlington 001E,Anti-social behaviour,,
,2021-05,Durham Constabulary,Durham Constabulary,-1.583111,54.542413,On or near Timothy Hackworth Drive,E01033481,Darlington 001E,Anti-social behaviour,,
fb049d4c8fedcd13005b83d491166ce3b13fe0adeb79c2be49b0a3903df72ec7,2021-05,Durham Constabulary,Durham Constabulary,-1.587107,54.549248,On or near A68,E01033481,Darlington 001E,Burglary,Investigation complete; no suspect identified,
7b00e2edaabcb0023f008586c11658bcbb485ae2f2245e90b9dde6e8b681568d,2021-05,Durham Constabulary,Durham Constabulary,-1.590667,54.544218,On or near Teeswater Drive,E01033481,Darlington 001E,Criminal damage and arson,Further investigation is not in the public interest,
9f1921f2db4455e5f1ea646f7b082af5c39aeaa39a0672dba782ae2627f254a2,2021-05,Durham Constabulary,Durham Constabulary,-1.590667,54.544218,On or near Teeswater Drive,E01033481,Darlington 001E,Criminal damage and arson,Unable to prosecute suspect,
cd30c2409be2fc449817d847009c6919604c5065abf4bca098015c8d18b307be,2021-05,Durham Constabulary,Durham Constabulary,-1.590667,54.544218,On or near Teeswater Drive,E01033481,Darlington 001E,Criminal damage and arson,Unable to prosecute suspect,
03c35fb45e99cfce44b9c9d9b6c2d7b0631407885d6d0cd74389ec042141dc21,2021-05,Durham Constabulary,Durham Constabulary,-1.591719,54.545624,On or near Old Favourites Walk,E01033481,Darlington 001E,Criminal damage and arson,Unable to prosecute suspect,
04ff2d014c273ce790f40dcabfe13d419a165630bb492e487eefdb5c95a3204b,2021-05,Durham Constabulary,Durham Constabulary,-1.587107,54.549248,On or near A68,E01033481,Darlington 001E,Drugs,Further investigation is not in the public interest,
de1785718f253ff34819b869179c3ba39ce485b2a89994f6f069f20c90eb418a,2021-05,Durham Constabulary,Durham Constabulary,-1.590667,54.544218,On or near Teeswater Drive,E01033481,Darlington 001E,Public order,Unable to prosecute suspect,
83b6504fb164a4977aa317f3a03ce58f03ab78ecdb0eed71dbf6d00b60e350bb,2021-05,Durham Constabulary,Durham Constabulary,-1.590667,54.544218,On or near Teeswater Drive,E01033481,Darlington 001E,Public order,Unable to prosecute suspect,
d8976aaa8f8643acf48267a47c82f663545651cbd5dbb0ee8990260c45000319,2021-05,Durham Constabulary,Durham Constabulary,-1.590667,54.544218,On or near Teeswater Drive,E01033481,Darlington 001E,Public order,Unable to prosecute suspect,
9a768117c923de73c1575a7ea1678a6fb13797e725f24d61972bbf1e2c5ebd04,2021-05,Durham Constabulary,Durham Constabulary,-1.590667,54.544218,On or near Teeswater Drive,E01033481,Darlington 001E,Public order,Unable to prosecute suspect,
8031a8a3c2355ccff7b72ed29b174eaadbeb2292b23ec922f15279ec8ef500ed,2021-05,Durham Constabulary,Durham Constabulary,-1.590667,54.544218,On or near Teeswater Drive,E01033481,Darlington 001E,Public order,Unable to prosecute suspect,
982a60560ed905170a8038fda62369e56a2c1526ea657a6d7bd93363b3c55108,2021-05,Durham Constabulary,Durham Constabulary,-1.590667,54.544218,On or near Teeswater Drive,E01033481,Darlington 001E,Public order,Unable to prosecute suspect,
fdc475853735712708d90f92f9c8cc3d7d5939f6373a622ec63e00561c820a73,2021-05,Durham Constabulary,Durham Constabulary,-1.590667,54.544218,On or near Teeswater Drive,E01033481,Darlington 001E,Violence and sexual offences,Unable to prosecute suspect,
03dd1c44d047d5ac0deb12f4afc4acf30ae550ae0dff97cb71fc2754d9f67909,2021-05,Durham Constabulary,Durham Constabulary,-1.590667,54.544218,On or near Teeswater Drive,E01033481,Darlington 001E,Violence and sexual offences,Unable to prosecute suspect,
58ae18d2f89ee12b03a80fc58724081e3e22ae22943ed28ca9545f74b07e596c,2021-05,Durham Constabulary,Durham Constabulary,-1.591299,54.547465,On or near Hunt Mews,E01033481,Darlington 001E,Violence and sexual offences,Unable to prosecute suspect,
c01205dfaefaadeab19ba826dca754044425d6f22b7fa41dd9b727b9d6dde605,2021-05,Durham Constabulary,Durham Constabulary,-1.591719,54.545624,On or near Old Favourites Walk,E01033481,Darlington 001E,Violence and sexual offences,Unable to prosecute suspect,
300f338482a023a408043125607c1813f1acef1c37776398f323c1c1004399e1,2021-05,Durham Constabulary,Durham Constabulary,-1.590667,54.544218,On or near Teeswater Drive,E01033481,Darlington 001E,Violence and sexual offences,Unable to prosecute suspect,
44d8863acc2ab067ca34e1643f5e84539e44dcdaa43f8b474dba978632e51a43,2021-05,Durham Constabulary,Durham Constabulary,-1.590667,54.544218,On or near Teeswater Drive,E01033481,Darlington 001E,Violence and sexual offences,Court result unavailable,
c7c7bb9fd00487ea81e7b9861b96053bbd10018ff991e01660ee7b5f73a18fb3,2021-05,Durham Constabulary,Durham Constabulary,-1.591719,54.545624,On or near Old Favourites Walk,E01033481,Darlington 001E,Violence and sexual offences,Unable to prosecute suspect,
96ab678ab3f360a84e137cdd7cdf2cd8cee71d8891352777877febfe22824abe,2021-05,Durham Constabulary,Durham Constabulary,-1.590667,54.544218,On or near Teeswater Drive,E01033481,Darlington 001E,Violence and sexual offences,Further investigation is not in the public interest,
b7401e6e4c61ab64711fbfca7677d65836268e7d74a3392d3ec44172d8fccabc,2021-05,Durham Constabulary,Durham Constabulary,-1.590667,54.544218,On or near Teeswater Drive,E01033481,Darlington 001E,Violence and sexual offences,Unable to prosecute suspect,
d4d342fa03c480da045dea6b7a7897796c0b0d988e9a356dd992c451d177ab14,2021-05,Durham Constabulary,Durham Constabulary,-1.590667,54.544218,On or near Teeswater Drive,E01033481,Darlington 001E,Violence and sexual offences,Status update unavailable,
6f1670176b6fa421f40f128497440f930c750680ea136a6026251deed5a5a62b,2021-05,Durham Constabulary,Durham Constabulary,-1.590667,54.544218,On or near Teeswater Drive,E01033481,Darlington 001E,Violence and sexual offences,Unable to prosecute suspect,
0ba2d4460e48f32179cdedd171b2821f14528803d1a129344a18c5837b3a6422,2021-05,Durham Constabulary,Durham Constabulary,-1.590667,54.544218,On or near Teeswater Drive,E01033481,Darlington 001E,Violence and sexual offences,Further action is not in the public interest,
46276180aa1ce93290db5985a987ee7b3bbb1eb932a1bed24178b4bf64a5cff4,2021-05,Durham Constabulary,Durham Constabulary,-1.590667,54.544218,On or near Teeswater Drive,E01033481,Darlington 001E,Violence and sexual offences,Further investigation is not in the public interest,
b4555c7b9bab7dd7fcfa7cc99289b13eeb25ef49644bc9d9ce2c643846f0ec67,2021-05,Durham Constabulary,Durham Constabulary,-1.590667,54.544218,On or near Teeswater Drive,E01033481,Darlington 001E,Violence and sexual offences,Unable to prosecute suspect,
55f0ced96fd3b80840070848789a311c82a46da31a5ff604a97cea03aac264e5,2021-05,Durham Constabulary,Durham Constabulary,-1.590667,54.544218,On or near Teeswater Drive,E01033481,Darlington 001E,Violence and sexual offences,Formal action is not in the public interest,
ea7d1e58665d2c382586b49520c746ed88d4dcc0e3fe961c5b1798ae95a150c0,2021-05,Durham Constabulary,Durham Constabulary,-1.590667,54.544218,On or near Teeswater Drive,E01033481,Darlington 001E,Violence and sexual offences,Investigation complete; no suspect identified,
e8308c89587925667730bb6ef4781aa6b0c20173b20a323b42564a682f0f3018,2021-05,Durham Constabulary,Durham Constabulary,-1.590667,54.544218,On or near Teeswater Drive,E01033481,Darlington 001E,Violence and sexual offences,Status update unavailable,
63e19f1476dc9987af2e02fa3fbd2f33e8b1e669285bd5d60976fe6ee72da234,2021-05,Durham Constabulary,Durham Constabulary,-1.590667,54.544218,On or near Teeswater Drive,E01033481,Darlington 001E,Violence and sexual offences,Further investigation is not in the public interest,
ec19a21ce25197f663392e2434ca39d58539d27a173f74b730c87865aa91ee7a,2021-05,Durham Constabulary,Durham Constabulary,-1.590667,54.544218,On or near Teeswater Drive,E01033481,Darlington 001E,Other crime,Unable to prosecute suspect,
,2021-05,Durham Constabulary,Durham Constabulary,-1.580872,54.542181,On or near Locomotion Lane,E01033482,Darlington 001F,Anti-social behaviour,,
eb7231323630ac6fd2330a092c1bb167367b0a1e4ce45920cdfe95d31a37c9e0,2021-05,Durham Constabulary,Durham Constabulary,-1.580872,54.542181,On or near Locomotion Lane,E01033482,Darlington 001F,Public order,Investigation complete; no suspect identified,
281b2f53e4398591e20f0b1b9dc80d399ce0f160ab1825158f7b770d5da3383a,2021-05,Durham Constabulary,Durham Constabulary,-1.578041,54.548408,On or near Gunnerton Close,E01033482,Darlington 001F,Public order,Unable to prosecute suspect,
329e81eca6493894d56cd084845ec901073b80e8bd2ee512914da8fa6eff64ac,2021-05,Durham Constabulary,Durham Constabulary,-1.571508,54.543406,On or near Bus/Coach Station,E01033482,Darlington 001F,Vehicle crime,Investigation complete; no suspect identified,
8022449015a4329a4a6926d13804301db4541a1e8cdf8d65da772db54a68c585,2021-05,Durham Constabulary,Durham Constabulary,-1.573959,54.548474,On or near Supermarket,E01033482,Darlington 001F,Vehicle crime,Investigation complete; no suspect identified,
7150e686b2a166f810f3ad67e081c6fa91b82d22cb341a1e462041fb256e39c9,2021-05,Durham Constabulary,Durham Constabulary,-1.573959,54.548474,On or near Supermarket,E01033482,Darlington 001F,Violence and sexual offences,Local resolution,
0d91f014cc13989443a7b870ce37b7058dd0606d7cd2cdee7717606b963f52f6,2021-05,Durham Constabulary,Durham Constabulary,-1.580515,54.549926,On or near Greensfield Close,E01033482,Darlington 001F,Violence and sexual offences,Unable to prosecute suspect,
19a608f8f7a502bfee27b43cd844398bb2fc2e150ae61c1c05c7e5aba9680c15,2021-05,Durham Constabulary,Durham Constabulary,-1.578041,54.548408,On or near Gunnerton Close,E01033482,Darlington 001F,Violence and sexual offences,Unable to prosecute suspect,
,2021-05,Durham Constabulary,Durham Constabulary,-1.548969,54.547773,On or near Bowman Street,E01012323,Darlington 002C,Anti-social behaviour,,
,2021-05,Durham Constabulary,Durham Constabulary,-1.556143,54.547673,On or near Huntershaw Way,E01012323,Darlington 002C,Anti-social behaviour,,
,2021-05,Durham Constabulary,Durham Constabulary,-1.553314,54.547726,On or near Longfield Road,E01012323,Darlington 002C,Anti-social behaviour,,
24e51e6d805edf3fa3ddb11c98e386db366bb5ae0df52b8c2fe6aefe3293b69b,2021-05,Durham Constabulary,Durham Constabulary,-1.552210,54.546922,On or near Crosby Street,E01012323,Darlington 002C,Burglary,Investigation complete; no suspect identified,
92411b1bf9275bf36d0f9d35483cc536fe678d4c30b3c072a84fc5d215f76827,2021-05,Durham Constabulary,Durham Constabulary,-1.551007,54.548014,On or near Vaughan Street,E01012323,Darlington 002C,Drugs,Further investigation is not in the public interest,
0d22b4214eb5b86ac0de76f3599b2503160fc629c9bfe267977360f4dc897e22,2021-05,Durham Constabulary,Durham Constabulary,-1.553314,54.547726,On or near Longfield Road,E01012323,Darlington 002C,Violence and sexual offences,Unable to prosecute suspect,
040d93c5daa9d0ed5939e5048511b5d73e929bf38ec9b12c1b36cb63e2d85850,2021-05,Durham Constabulary,Durham Constabulary,-1.550533,54.547590,On or near Lowson Street,E01012323,Darlington 002C,Violence and sexual offences,Unable to prosecute suspect,
f0004348cd70e7d6305954245b82acb3b95a7ee8510435bfd5590f4455de03cf,2021-05,Durham Constabulary,Durham Constabulary,-1.552210,54.546922,On or near Crosby Street,E01012323,Darlington 002C,Violence and sexual offences,Unable to prosecute suspect,
3b4c37d01cd079d2c4741b5f8c8443083850e51bf81145c2af7c7529cd549b1b,2021-05,Durham Constabulary,Durham Constabulary,-1.553314,54.547726,On or near Longfield Road,E01012323,Darlington 002C,Violence and sexual offences,Action to be taken by another organisation,
5c0e3fe850eb217cd8223039c4c52a6d0645ca2ae879394a030aa502720d7b38,2021-05,Durham Constabulary,Durham Constabulary,-1.553314,54.547726,On or near Longfield Road,E01012323,Darlington 002C,Violence and sexual offences,Unable to prosecute suspect,
7398ef391f63e7126edaee4e00b1bd333b7dff0d3e4c0c5919004bf34b6d475b,2021-05,Durham Constabulary,Durham Constabulary,-1.556143,54.547673,On or near Huntershaw Way,E01012323,Darlington 002C,Violence and sexual offences,Unable to prosecute suspect,
6537b3ec6c0ba0eb5245c4b4abe75de62742427f302d336d14f82f7c6a134ba1,2021-05,Durham Constabulary,Durham Constabulary,-1.553314,54.547726,On or near Longfield Road,E01012323,Darlington 002C,Violence and sexual offences,Unable to prosecute suspect,
2e24ad3d1ca32022c63aa3ef170ed0acdff0cfe85534228b062786382fa85f46,2021-05,Durham Constabulary,Durham Constabulary,-1.550533,54.547590,On or near Lowson Street,E01012323,Darlington 002C,Violence and sexual offences,Investigation complete; no suspect identified,
052b730aab7fecd9a2151beab257f22eb06e0613bdfebd40f9027fd731bcd1cd,2021-05,Durham Constabulary,Durham Constabulary,-1.556462,54.548232,On or near Drinkfield Crescent,E01012323,Darlington 002C,Violence and sexual offences,Local resolution,
58783aa37d561017a6c557bf5bff2ead9d4f6668e9c1f5ba5b69d70a3410e5e3,2021-05,Durham Constabulary,Durham Constabulary,-1.552210,54.546922,On or near Crosby Street,E01012323,Darlington 002C,Violence and sexual offences,Unable to prosecute suspect,
f16b1a238a8504d7394407e738bf605860b0a92d6d73e263b16ed147c513967b,2021-05,Durham Constabulary,Durham Constabulary,-1.550533,54.547590,On or near Lowson Street,E01012323,Darlington 002C,Violence and sexual offences,Unable to prosecute suspect,
8011d8bf5660af378d3e3c46755302a572ee5496830185df8e54aa87956af80d,2021-05,Durham Constabulary,Durham Constabulary,-1.560880,54.551384,On or near Mewburn Road,E01012323,Darlington 002C,Other crime,Unable to prosecute suspect,
e60ac39d6babe15854f8a5574a476659536eabb547e6c433d2fc26472d9d812f,2021-05,Durham Constabulary,Durham Constabulary,-1.541209,54.547735,On or near Davison Road,E01012324,Darlington 002D,Criminal damage and arson,Court result unavailable,
0eb293c2b0fc2a65ea91fc67eeeea57f4363fac06c957a1b540b2c503bd4c871,2021-05,Durham Constabulary,Durham Constabulary,-1.546801,54.549544,On or near North Road,E01012324,Darlington 002D,Public order,Investigation complete; no suspect identified,
7b6d26f4ea955a0e1c135578cfaf4a9cb25f3a145701b1993caca32716e26e1a,2021-05,Durham Constabulary,Durham Constabulary,-1.546801,54.549544,On or near North Road,E01012324,Darlington 002D,Shoplifting,Local resolution,
5e8dcca9111297df79de74a4816350670778297f6f3a1457a374dfae5e5459bd,2021-05,Durham Constabulary,Durham Constabulary,-1.546801,54.549544,On or near North Road,E01012324,Darlington 002D,Shoplifting,Unable to prosecute suspect,
69b69b27021ad01d9a8775b8f3ef9df94acc377009779cc1e754283c5a44e41e,2021-05,Durham Constabulary,Durham Constabulary,-1.543942,54.548077,On or near Middleham Road,E01012324,Darlington 002D,Violence and sexual offences,Investigation complete; no suspect identified,
36e7f336e0580c3a8308489661df806eb95c19d072b17f93ff343058d8b8f124,2021-05,Durham Constabulary,Durham Constabulary,-1.546801,54.549544,On or near North Road,E01012324,Darlington 002D,Violence and sexual offences,Unable to prosecute suspect,
fb2a3d27fcc69d74d1486ae0f8c42f3be53ed7c55699cd016acd21ad65952939,2021-05,Durham Constabulary,Durham Constabulary,-1.546801,54.549544,On or near North Road,E01012324,Darlington 002D,Violence and sexual offences,Unable to prosecute suspect,
6345343a4ccd3b18c019356dac52659f1eaf6797683428097fde8191342fe09c,2021-05,Durham Constabulary,Durham Constabulary,-1.546801,54.549544,On or near North Road,E01012324,Darlington 002D,Violence and sexual offences,Further investigation is not in the public interest,
c1c7e8921114de682f3dda5be17549b917ab1747a5effd478edd0a7c7ba03de3,2021-05,Durham Constabulary,Durham Constabulary,-1.541209,54.547735,On or near Davison Road,E01012324,Darlington 002D,Violence and sexual offences,Unable to prosecute suspect,
6ccca552c52414e594bef2237ddc0a5d4fae3bc46396e005f937270c088a1eff,2021-05,Durham Constabulary,Durham Constabulary,-1.543144,54.550294,On or near Salters Lane North,E01032545,Darlington 002E,Drugs,Offender given a caution,
aa13e4afc10edeed1fda98100da04f371b99662ff04907545b263a2397acb498,2021-05,Durham Constabulary,Durham Constabulary,-1.541123,54.552659,On or near Green Lane,E01032545,Darlington 002E,Other theft,Unable to prosecute suspect,
99ca9940aa6d24b65c5a957bf1109f9beec6de46add551b19d38f647273f5907,2021-05,Durham Constabulary,Durham Constabulary,-1.541123,54.552659,On or near Green Lane,E01032545,Darlington 002E,Public order,Unable to prosecute suspect,
31e4262ca4c7a28d64c9325f88b1f4803fc6964a063219b8374d6c0100a12c15,2021-05,Durham Constabulary,Durham Constabulary,-1.543358,54.553261,On or near Birch Road,E01032545,Darlington 002E,Shoplifting,Unable to prosecute suspect,
3dda1b238aba26287b1e03164c06759a85a48879a320e75b923f96272eb4f66b,2021-05,Durham Constabulary,Durham Constabulary,-1.545311,54.551417,On or near Oakland Gardens,E01032545,Darlington 002E,Violence and sexual offences,Unable to prosecute suspect,
bd6c11a513b6bb89dd9becbcf2759c6158061d777f7cc3f54fa62fecf2d0bc6d,2021-05,Durham Constabulary,Durham Constabulary,-1.541317,54.550521,On or near Mistral Drive,E01032545,Darlington 002E,Violence and sexual offences,Unable to prosecute suspect,
4fe4a1fef7fcdcdd6525958cbd8dce05015dee81bbe6f664abc0f90863f41aae,2021-05,Durham Constabulary,Durham Constabulary,-1.541317,54.550521,On or near Mistral Drive,E01032545,Darlington 002E,Violence and sexual offences,Unable to prosecute suspect,
ba71eec0c0bd05b64b16917bf29bee234f6bfd6a494fa26f7774abc161029a69,2021-05,Durham Constabulary,Durham Constabulary,-1.546309,54.552112,On or near Holmwood Grove,E01032545,Darlington 002E,Violence and sexual offences,Unable to prosecute suspect,
50b47c4abda44243b1aeb4fa677446e1804e1d7e1030acce4b7edd019acad3a2,2021-05,Durham Constabulary,Durham Constabulary,-1.544858,54.551882,On or near Vernon Gardens,E01032545,Darlington 002E,Violence and sexual offences,Unable to prosecute suspect,
84f72be90131cb50db058efa6752e2fae1ee59bd38999934cdd5c35cd0493c6c,2021-05,Durham Constabulary,Durham Constabulary,-1.541123,54.552659,On or near Green Lane,E01032545,Darlington 002E,Violence and sexual offences,Unable to prosecute suspect,
178326ac96c8540b61aa4aedb22547e5198d13ee20f55e399815da751c8acd49,2021-05,Durham Constabulary,Durham Constabulary,-1.548074,54.553278,On or near Burtree Lane,E01032546,Darlington 002F,Criminal damage and arson,Unable to prosecute suspect,
e30e8c20f231ec6ad80b967690c2de7216b5627bc13fd3e1ee77bc11dcddd804,2021-05,Durham Constabulary,Durham Constabulary,-1.549418,54.553373,On or near Marina Road,E01032546,Darlington 002F,Drugs,Court result unavailable,
df11a93737ea261b154f24c07255a623b0449c4e29534eb6a2d5c164ec3b9f1b,2021-05,Durham Constabulary,Durham Constabulary,-1.550483,54.550708,On or near Kirkfield Road,E01032546,Darlington 002F,Vehicle crime,Investigation complete; no suspect identified,
b95bae2c2b1fc3f02c3b874d16ade45251e4f5bd16f74ccd4aacab49780f4506,2021-05,Durham Constabulary,Durham Constabulary,-1.548074,54.553278,On or near Burtree Lane,E01032546,Darlington 002F,Violence and sexual offences,Unable to prosecute suspect,
,2021-05,Durham Constabulary,Durham Constabulary,-1.526402,54.548873,On or near Argyll Close,E01012328,Darlington 003A,Anti-social behaviour,,
,2021-05,Durham Constabulary,Durham Constabulary,-1.522898,54.548455,On or near Lismore Drive,E01012328,Darlington 003A,Anti-social behaviour,,
,2021-05,Durham Constabulary,Durham Constabulary,-1.526402,54.548873,On or near Argyll Close,E01012328,Darlington 003A,Anti-social behaviour,,
,2021-05,Durham Constabulary,Durham Constabulary,-1.526402,54.548873,On or near Argyll Close,E01012328,Darlington 003A,Anti-social behaviour,,
fbefd5a7b8d219c1ce7975e19276f8fe8fe5c0d9f09c996ef34d875d0122612a,2021-05,Durham Constabulary,Durham Constabulary,-1.523397,54.549346,On or near Ardmore Drive,E01012328,Darlington 003A,Criminal damage and arson,Offender given a caution,
e44101667cb76b8b6716235543ca851cf8c21ec5be7406c0ca4077fa74abcdcb,2021-05,Durham Constabulary,Durham Constabulary,-1.523397,54.549346,On or near Ardmore Drive,E01012328,Darlington 003A,Other theft,Unable to prosecute suspect,
767fea01038626ab117a9b43c561f51e33d607b516b5281598741df99f1c9c3a,2021-05,Durham Constabulary,Durham Constabulary,-1.520757,54.547745,On or near Caledonian Way,E01012328,Darlington 003A,Public order,Offender given a caution,
88930cf53b5354c19213acf3f245259cf9c95170a305366351e7a5c0a01f751f,2021-05,Durham Constabulary,Durham Constabulary,-1.519110,54.545798,On or near Cloverdale,E01012328,Darlington 003A,Violence and sexual offences,Unable to prosecute suspect,
05676940721baec50cfd728a88a2494697067a8048901b17fdc67b3719e756f7,2021-05,Durham Constabulary,Durham Constabulary,-1.521465,54.549348,On or near Aberdeen Road,E01012328,Darlington 003A,Violence and sexual offences,Unable to prosecute suspect,
6921f44d7e67bb4abfc9ec8be0e0d0f3f8d675a89dcdda9e513dc8f8c767f696,2021-05,Durham Constabulary,Durham Constabulary,-1.519110,54.545798,On or near Cloverdale,E01012328,Darlington 003A,Violence and sexual offences,Unable to prosecute suspect,
c815b532c29ad2b71b3c48a64c86f8900f0ff7c0d2898bd0cd18be03a1b4fd8a,2021-05,Durham Constabulary,Durham Constabulary,-1.521465,54.549348,On or near Aberdeen Road,E01012328,Darlington 003A,Violence and sexual offences,Unable to prosecute suspect,
cb1b14134c9baca1a5b5660f5236a1938903465a75a44103c1254301920c372f,2021-05,Durham Constabulary,Durham Constabulary,-1.523397,54.549346,On or near Ardmore Drive,E01012328,Darlington 003A,Other crime,Awaiting court outcome,
,2021-05,Durham Constabulary,Durham Constabulary,-1.518834,54.544341,On or near Jesmond Road,E01012329,Darlington 003B,Anti-social behaviour,,
,2021-05,Durham Constabulary,Durham Constabulary,-1.515000,54.543094,On or near Gatehouse Close,E01012329,Darlington 003B,Anti-social behaviour,,
,2021-05,Durham Constabulary,Durham Constabulary,-1.522026,54.545018,On or near Sunningdale Green,E01012329,Darlington 003B,Anti-social behaviour,,
,2021-05,Durham Constabulary,Durham Constabulary,-1.516715,54.543137,On or near Harley Grove,E01012329,Darlington 003B,Anti-social behaviour,,
24b1a87200d42c9a9bf1e33dda11fc385653a073372d7edc661cc5f67aa5f5b5,2021-05,Durham Constabulary,Durham Constabulary,-1.522026,54.545018,On or near Sunningdale Green,E01012329,Darlington 003B,Shoplifting,Investigation complete; no suspect identified,
5cdf41fa2ff8e7e8c208693fb198110d1de8df33614c00c3733f2f0925dd9e54,2021-05,Durham Constabulary,Durham Constabulary,-1.522026,54.545018,On or near Sunningdale Green,E01012329,Darlington 003B,Shoplifting,Investigation complete; no suspect identified,
53c734f9d5a495a8816eed61ba204597ce440d263fda31182c9805a368c31c7b,2021-05,Durham Constabulary,Durham Constabulary,-1.524638,54.544975,On or near Petrol Station,E01012329,Darlington 003B,Violence and sexual offences,Unable to prosecute suspect,
07a9ae681ed0222c4d80e17604cd8fd0b4eaf919f2f1f0627a1f0f72aff1e455,2021-05,Durham Constabulary,Durham Constabulary,-1.522026,54.545018,On or near Sunningdale Green,E01012329,Darlington 003B,Violence and sexual offences,Unable to prosecute suspect,
930b1fed63419c7656d4f1e32324fa01add8773742674f36cf018fc79a211f9e,2021-05,Durham Constabulary,Durham Constabulary,-1.522026,54.545018,On or near Sunningdale Green,E01012329,Darlington 003B,Violence and sexual offences,Unable to prosecute suspect,
366a9dc5b40c229aafa0f7bea0978d5760475d900eac2419d0beeb7008534b65,2021-05,Durham Constabulary,Durham Constabulary,-1.524638,54.544975,On or near Petrol Station,E01012329,Darlington 003B,Violence and sexual offences,Further action is not in the public interest,
35d972b15475c0b7cec85376d6d804c8815d68120c6fe61a3245d28d7668d5ce,2021-05,Durham Constabulary,Durham Constabulary,-1.522207,54.546717,On or near Egton Way,E01012329,Darlington 003B,Violence and sexual offences,Unable to prosecute suspect,
,2021-05,Durham Constabulary,Durham Constabulary,-1.534699,54.549273,On or near Beauly Drive,E01012330,Darlington 003C,Anti-social behaviour,,
,2021-05,Durham Constabulary,Durham Constabulary,-1.534699,54.549273,On or near Beauly Drive,E01012330,Darlington 003C,Anti-social behaviour,,
528a1c8ac14c7f3d96bf72e3a32b0cf83ff2fbefade53788d9d363ae7d466f61,2021-05,Durham Constabulary,Durham Constabulary,-1.536325,54.550394,On or near Whitebridge Drive,E01012330,Darlington 003C,Criminal damage and arson,Investigation complete; no suspect identified,
5fae865ad753579279558f5204ec0d0b0099175d994f596197e169ea539874f1,2021-05,Durham Constabulary,Durham Constabulary,-1.538978,54.548184,On or near Earl Close,E01012330,Darlington 003C,Violence and sexual offences,Unable to prosecute suspect,
74d0ce0bf55cc4f053fcd4ce48e101d30e6e5700b80399040fc766da38666462,2021-05,Durham Constabulary,Durham Constabulary,-1.538978,54.548184,On or near Earl Close,E01012330,Darlington 003C,Violence and sexual offences,Unable to prosecute suspect,
,2021-05,Durham Constabulary,Durham Constabulary,-1.535660,54.544990,On or near Locomotive Street,E01012331,Darlington 003D,Anti-social behaviour,,
6e5594a50f519705fcea1a2050cf9c9c8dc2513ffb5654a2333c553ef6a233f6,2021-05,Durham Constabulary,Durham Constabulary,-1.533688,54.545738,On or near Warkworth Way,E01012331,Darlington 003D,Criminal damage and arson,Investigation complete; no suspect identified,
c20e2632da717d6f83133ac885c7841dfefa3a1ad15da22ce848af9082d8171e,2021-05,Durham Constabulary,Durham Constabulary,-1.533688,54.545738,On or near Warkworth Way,E01012331,Darlington 003D,Criminal damage and arson,Investigation complete; no suspect identified,
bcf6ee49320a840caeee7a12709a64f1db439a6a87e7e1c9c030504fee869e6c,2021-05,Durham Constabulary,Durham Constabulary,-1.534995,54.545024,On or near Hercules Street,E01012331,Darlington 003D,Violence and sexual offences,Unable to prosecute suspect,
3d309612852d66ecca3d14ace16a437e3afd87ccbfa879ed920283686bc38a97,2021-05,Durham Constabulary,Durham Constabulary,-1.534995,54.545024,On or near Hercules Street,E01012331,Darlington 003D,Violence and sexual offences,Unable to prosecute suspect,
58af9d21d5fb2839fdc7e10bad199b1f32608af5e59ee0c508c297dedbad838e,2021-05,Durham Constabulary,Durham Constabulary,-1.534995,54.545024,On or near Hercules Street,E01012331,Darlington 003D,Violence and sexual offences,Unable to prosecute suspect,
,2021-05,Durham Constabulary,Durham Constabulary,-1.556471,54.538867,On or near Meynell Road,E01012349,Darlington 004A,Anti-social behaviour,,
,2021-05,Durham Constabulary,Durham Constabulary,-1.551882,54.535921,On or near Southampton Street,E01012349,Darlington 004A,Anti-social behaviour,,
,2021-05,Durham Constabulary,Durham Constabulary,-1.556359,54.537753,On or near Whessoe Road,E01012349,Darlington 004A,Anti-social behaviour,,
,2021-05,Durham Constabulary,Durham Constabulary,-1.550232,54.537011,On or near Edmund Street,E01012349,Darlington 004A,Anti-social behaviour,,
,2021-05,Durham Constabulary,Durham Constabulary,-1.552671,54.541478,On or near Lansdowne Street,E01012349,Darlington 004A,Anti-social behaviour,,
,2021-05,Durham Constabulary,Durham Constabulary,-1.552489,54.539734,On or near Wales Street,E01012349,Darlington 004A,Anti-social behaviour,,
,2021-05,Durham Constabulary,Durham Constabulary,-1.551882,54.535921,On or near Southampton Street,E01012349,Darlington 004A,Anti-social behaviour,,
,2021-05,Durham Constabulary,Durham Constabulary,-1.550232,54.537011,On or near Edmund Street,E01012349,Darlington 004A,Anti-social behaviour,,
,2021-05,Durham Constabulary,Durham Constabulary,-1.556359,54.537753,On or near Whessoe Road,E01012349,Darlington 004A,Anti-social behaviour,,
,2021-05,Durham Constabulary,Durham Constabulary,-1.550232,54.537011,On or near Edmund Street,E01012349,Darlington 004A,Anti-social behaviour,,
,2021-05,Durham Constabulary,Durham Constabulary,-1.550648,54.538469,On or near Shildon Street,E01012349,Darlington 004A,Anti-social behaviour,,
,2021-05,Durham Constabulary,Durham Constabulary,-1.552671,54.541478,On or near Lansdowne Street,E01012349,Darlington 004A,Anti-social behaviour,,
,2021-05,Durham Constabulary,Durham Constabulary,-1.552877,54.538180,On or near Supermarket,E01012349,Darlington 004A,Anti-social behaviour,,
b32f403dfbbc67c56fe74a3d52e196652696e75e41e13b9e80feca869c1d5008,2021-05,Durham Constabulary,Durham Constabulary,-1.550232,54.537011,On or near Edmund Street,E01012349,Darlington 004A,Criminal damage and arson,Investigation complete; no suspect identified,
90edb74164de877aff303220e745af72b099fbbfb4ff492182e39535926afc0e,2021-05,Durham Constabulary,Durham Constabulary,-1.552877,54.538180,On or near Supermarket,E01012349,Darlington 004A,Criminal damage and arson,Investigation complete; no suspect identified,
e5aeb416e7c729c9338d5199b3f64c876cc8ff3ea3f04b351829cd274de8fb86,2021-05,Durham Constabulary,Durham Constabulary,-1.551273,54.540745,On or near Mellor Court,E01012349,Darlington 004A,Criminal damage and arson,Investigation complete; no suspect identified,
236d94d2a40c1ce26b93ec2e66e4b20b8f27aab716f46e5d3e0a3e306b5ed703,2021-05,Durham Constabulary,Durham Constabulary,-1.550648,54.538469,On or near Shildon Street,E01012349,Darlington 004A,Criminal damage and arson,Unable to prosecute suspect,
bf0f715af5ab45ccb848c97a6d092abb6e57d5811adf91d6363ae177ec3ddd2f,2021-05,Durham Constabulary,Durham Constabulary,-1.550289,54.538809,On or near Henry Street,E01012349,Darlington 004A,Drugs,Further investigation is not in the public interest,
d990e6d5723f12a84bf5e14c484a8ee95e1f5d3f6f7649cf2b234b74e239aae5,2021-05,Durham Constabulary,Durham Constabulary,-1.552877,54.538180,On or near Supermarket,E01012349,Darlington 004A,Other theft,Unable to prosecute suspect,
67dd2a23c13ae85c071f6c48ea33575bc259fe930d9bd1775a3c3cb939a79ea8,2021-05,Durham Constabulary,Durham Constabulary,-1.552673,54.537065,On or near North Road,E01012349,Darlington 004A,Public order,Unable to prosecute suspect,
89bbc40d33987183d4face76b42e4d10721c20bdf11a5fd4f2a9b3d41848406f,2021-05,Durham Constabulary,Durham Constabulary,-1.551265,54.535820,On or near Windsor Street,E01012349,Darlington 004A,Public order,Unable to prosecute suspect,
4da248ded76af67cbde3d102c721f5743ce8c0723f7651bb701871329967799a,2021-05,Durham Constabulary,Durham Constabulary,-1.551882,54.535921,On or near Southampton Street,E01012349,Darlington 004A,Public order,Investigation complete; no suspect identified,
71c82bd62644520205c18f1da1d666334b114bb37387c725b4b5bbedbedccfdf,2021-05,Durham Constabulary,Durham Constabulary,-1.552877,54.538180,On or near Supermarket,E01012349,Darlington 004A,Robbery,Unable to prosecute suspect,
969dd072d5f2523363887b98946a096ec4957b5a2a9bd4e2cd932b03ad297899,2021-05,Durham Constabulary,Durham Constabulary,-1.552877,54.538180,On or near Supermarket,E01012349,Darlington 004A,Shoplifting,Court result unavailable,
bde394addbc6c9f8c1f0b547ae76f486ee4813af6fe57faa80550c43ee46ecba,2021-05,Durham Constabulary,Durham Constabulary,-1.552877,54.538180,On or near Supermarket,E01012349,Darlington 004A,Shoplifting,Court result unavailable,
2adc5ad3252251e3fbabf9a6c00ace87f09ea7cdb31239bba82b6205dc70a65b,2021-05,Durham Constabulary,Durham Constabulary,-1.552877,54.538180,On or near Supermarket,E01012349,Darlington 004A,Shoplifting,Formal action is not in the public interest,
ba4ca9adabc35850df8e40daaeae4f26d3736832a215cd02ad461c06d4ff9cb5,2021-05,Durham Constabulary,Durham Constabulary,-1.550289,54.538809,On or near Henry Street,E01012349,Darlington 004A,Violence and sexual offences,Investigation complete; no suspect identified,
fc695f2215255c2c25bc4e1c62e8e44693b8a365e9bc6bdaff5b6a8f359d161f,2021-05,Durham Constabulary,Durham Constabulary,-1.549767,54.539885,On or near St Paul'S Place,E01012349,Darlington 004A,Violence and sexual offences,Unable to prosecute suspect,
314d2cab7af4a11f16db2eb5b6e72a95abe3a68125254e72bd1e3de9c44d8889,2021-05,Durham Constabulary,Durham Constabulary,-1.552003,54.541790,On or near Zetland Street,E01012349,Darlington 004A,Violence and sexual offences,Unable to prosecute suspect,
2e1c2179ce6e212400e76834ebc71e499ff43afcee88a14d32a3e9fdc7bbe2c6,2021-05,Durham Constabulary,Durham Constabulary,-1.551265,54.535820,On or near Windsor Street,E01012349,Darlington 004A,Violence and sexual offences,Unable to prosecute suspect,
b6d01d7f118edcf244b3acf78041a3d6193d3d60d551d534ca2d7501134917fc,2021-05,Durham Constabulary,Durham Constabulary,-1.550253,54.537847,On or near Gurney Street,E01012349,Darlington 004A,Violence and sexual offences,Investigation complete; no suspect identified,
01a116cf0cb9c3c0ca22aaa8814d3d530d31c5189b0d8d0f06edc2c836ae4705,2021-05,Durham Constabulary,Durham Constabulary,-1.549767,54.539885,On or near St Paul'S Place,E01012349,Darlington 004A,Violence and sexual offences,Unable to prosecute suspect,
b4d478c2f53b294708971aecdc877ef32453fb18586f70dceea93313b584f416,2021-05,Durham Constabulary,Durham Constabulary,-1.549767,54.539885,On or near St Paul'S Place,E01012349,Darlington 004A,Other crime,Court result unavailable,
,2021-05,Durham Constabulary,Durham Constabulary,-1.548429,54.537948,On or near Richard Court,E01012350,Darlington 004B,Anti-social behaviour,,
,2021-05,Durham Constabulary,Durham Constabulary,-1.551751,54.542211,On or near Brougham Street,E01012350,Darlington 004B,Anti-social behaviour,,
,2021-05,Durham Constabulary,Durham Constabulary,-1.551530,54.542633,On or near Cumberland Street,E01012350,Darlington 004B,Anti-social behaviour,,
,2021-05,Durham Constabulary,Durham Constabulary,-1.548809,54.545525,On or near Ruby Street,E01012350,Darlington 004B,Anti-social behaviour,,
,2021-05,Durham Constabulary,Durham Constabulary,-1.548193,54.538298,On or near Grass Street,E01012350,Darlington 004B,Anti-social behaviour,,
,2021-05,Durham Constabulary,Durham Constabulary,-1.548843,54.545211,On or near Peabody Street,E01012350,Darlington 004B,Anti-social behaviour,,
8b18a57aa673365c677e0c4bdb0107eb830b56b5e05907c11d46d6bd9c0a9342,2021-05,Durham Constabulary,Durham Constabulary,-1.548429,54.537948,On or near Richard Court,E01012350,Darlington 004B,Burglary,Unable to prosecute suspect,
7beb627c54ea903a61505243964823be5bef39cdb587185acf560f5a3da83c81,2021-05,Durham Constabulary,Durham Constabulary,-1.548193,54.538298,On or near Grass Street,E01012350,Darlington 004B,Burglary,Investigation complete; no suspect identified,
59ad10c704fb294a5d222b8a8adcb21df4681ab360b195ea0aa765816758073b,2021-05,Durham Constabulary,Durham Constabulary,-1.549830,54.542599,On or near North Rise,E01012350,Darlington 004B,Criminal damage and arson,Unable to prosecute suspect,
a5c5766e04b10b531f324066584022e00165e3946489e906d4f23b74af26c740,2021-05,Durham Constabulary,Durham Constabulary,-1.548193,54.538298,On or near Grass Street,E01012350,Darlington 004B,Criminal damage and arson,Investigation complete; no suspect identified,
abb0075fe7c0f8903952ae6211c2fa12abe3c86016a70015340580072141d3ae,2021-05,Durham Constabulary,Durham Constabulary,-1.548193,54.538298,On or near Grass Street,E01012350,Darlington 004B,Criminal damage and arson,Investigation complete; no suspect identified,
2b55fdda078bd9dd467ab072fc81c36a11786a5274e1ace91b59c8763d95186d,2021-05,Durham Constabulary,Durham Constabulary,-1.548193,54.538298,On or near Grass Street,E01012350,Darlington 004B,Criminal damage and arson,Investigation complete; no suspect identified,
2f1daf2228e530dab43b7bc51b6f0b4b0a6d8e6162fbd2de03d6d3be90af0f34,2021-05,Durham Constabulary,Durham Constabulary,-1.548893,54.544906,On or near China Street,E01012350,Darlington 004B,Criminal damage and arson,Investigation complete; no suspect identified,
25db1c96736837b6cfd2d203c88f38f65d44e82e51d11065cdf0dbb16b28deed,2021-05,Durham Constabulary,Durham Constabulary,-1.548429,54.537948,On or near Richard Court,E01012350,Darlington 004B,Possession of weapons,Court result unavailable,
724bc7d535563dfa0b827531cee54d83dccdabc660e70a1606e75a3be1c7ecd2,2021-05,Durham Constabulary,Durham Constabulary,-1.548958,54.544591,On or near Dublin Street,E01012350,Darlington 004B,Public order,Unable to prosecute suspect,
0e97f182f9400f6bfe94dfa6f1e9512225016d6a9b5b833b4a33fb37d8fc31a8,2021-05,Durham Constabulary,Durham Constabulary,-1.548429,54.537948,On or near Richard Court,E01012350,Darlington 004B,Public order,Unable to prosecute suspect,
1bda09aae4b9df9f24fb3acac2dfdacb48561a4e38e1df0c137e22a62651f239,2021-05,Durham Constabulary,Durham Constabulary,-1.549234,54.540557,On or near St Andrew'S Street,E01012350,Darlington 004B,Vehicle crime,Investigation complete; no suspect identified,
bd9e0532a715c695cccf5303249c822d539034519263f28c4419852f78345b53,2021-05,Durham Constabulary,Durham Constabulary,-1.547287,54.543372,On or near Leyburn Road,E01012350,Darlington 004B,Violence and sexual offences,Unable to prosecute suspect,
5d1c8bc66f3f6e712df396fbb6ec5120b29b8fcbdba0739093e1e37caf686730,2021-05,Durham Constabulary,Durham Constabulary,-1.548968,54.542300,On or near North Road,E01012350,Darlington 004B,Violence and sexual offences,Unable to prosecute suspect,
3e568fd4344008910bc007ce3914c3507e6551faa1c3561f9faa1623c99364a8,2021-05,Durham Constabulary,Durham Constabulary,-1.548193,54.538298,On or near Grass Street,E01012350,Darlington 004B,Violence and sexual offences,Unable to prosecute suspect,
e167556b4dc5ce272b3d7b3ec32cafef34d8df2d56fde453210bb157ea91affb,2021-05,Durham Constabulary,Durham Constabulary,-1.548843,54.545211,On or near Peabody Street,E01012350,Darlington 004B,Violence and sexual offences,Unable to prosecute suspect,
b1e60d458f30b99300e10ce51f8e44755f52e0c89316858d8b6204c8bd545907,2021-05,Durham Constabulary,Durham Constabulary,-1.548193,54.538298,On or near Grass Street,E01012350,Darlington 004B,Violence and sexual offences,Unable to prosecute suspect,
c043855c97f7a1cf8ee6660b0423b220318ff15b2f0533ad5218f23395412a16,2021-05,Durham Constabulary,Durham Constabulary,-1.548809,54.545525,On or near Ruby Street,E01012350,Darlington 004B,Violence and sexual offences,Unable to prosecute suspect,
7c8489b593b5e5bea59086ad1787503d1819f8b2d453ca668a9e2ec30308169a,2021-05,Durham Constabulary,Durham Constabulary,-1.551751,54.542211,On or near Brougham Street,E01012350,Darlington 004B,Violence and sexual offences,Unable to prosecute suspect,
5fcb97cb89093ab1fecb87afe37eb91e28f8768bfb2f36d0b257ee4bd5335b19,2021-05,Durham Constabulary,Durham Constabulary,-1.548773,54.538992,On or near Bob Harrison Court,E01012350,Darlington 004B,Violence and sexual offences,Unable to prosecute suspect,
a44b4e8db86b9dfde006c574aea92ce044fb3418a811a7fba2e88973cb26161d,2021-05,Durham Constabulary,Durham Constabulary,-1.548968,54.542300,On or near North Road,E01012350,Darlington 004B,Violence and sexual offences,Unable to prosecute suspect,
c1344de51d1b67ea182902b125589063ed25c387a6f46ca2fbb188414455b072,2021-05,Durham Constabulary,Durham Constabulary,-1.551849,54.545959,On or near Thompson Street West,E01012350,Darlington 004B,Violence and sexual offences,Action to be taken by another organisation,
e91d7b4632541fa4c8198727d87d87fcca3c92168e2d5038bcbf8af415d666a8,2021-05,Durham Constabulary,Durham Constabulary,-1.548958,54.544591,On or near Dublin Street,E01012350,Darlington 004B,Violence and sexual offences,Unable to prosecute suspect,
2df2c5d26ac1febdd01def2882e8ebb9ab59a682da2e7ac57db667a99bfc5960,2021-05,Durham Constabulary,Durham Constabulary,-1.547287,54.543372,On or near Leyburn Road,E01012350,Darlington 004B,Violence and sexual offences,Unable to prosecute suspect,
4342df690d45948f855175ba9c105bd815178b07cc09840daa67523341b55676,2021-05,Durham Constabulary,Durham Constabulary,-1.547287,54.543372,On or near Leyburn Road,E01012350,Darlington 004B,Violence and sexual offences,Unable to prosecute suspect,
4951e305df4437ea72f25d25202cae740dd86255512a05eab452467cc9dccbf3,2021-05,Durham Constabulary,Durham Constabulary,-1.549531,54.537494,On or near Stephen Court,E01012350,Darlington 004B,Violence and sexual offences,Unable to prosecute suspect,
1b3fed03b5d36f8484ab9389da2c1fcb6f3e6cc5bf23551f9019a680f65b7559,2021-05,Durham Constabulary,Durham Constabulary,-1.548843,54.545211,On or near Peabody Street,E01012350,Darlington 004B,Violence and sexual offences,Unable to prosecute suspect,
150284bc5b54c2d69ec511d140fc1fa90786f1651f76e1579d5527f7f63524bd,2021-05,Durham Constabulary,Durham Constabulary,-1.548773,54.538992,On or near Bob Harrison Court,E01012350,Darlington 004B,Violence and sexual offences,Unable to prosecute suspect,
28b1327340f9909eb3943a7ccad03d61f041d155ed2eb966d997b5e02bd562d2,2021-05,Durham Constabulary,Durham Constabulary,-1.548809,54.545525,On or near Ruby Street,E01012350,Darlington 004B,Violence and sexual offences,Court result unavailable,
5ff9a255ff8aefa5c5fa46c48840974e1f29b7f30df90743a7fd73142e4c043b,2021-05,Durham Constabulary,Durham Constabulary,-1.548958,54.544591,On or near Dublin Street,E01012350,Darlington 004B,Violence and sexual offences,Unable to prosecute suspect,
3133b75eb75d102f1c1a03c7189cf7c2f5a494f3b4732dc2ab684b95db653186,2021-05,Durham Constabulary,Durham Constabulary,-1.548958,54.544591,On or near Dublin Street,E01012350,Darlington 004B,Violence and sexual offences,Unable to prosecute suspect,
fa5cf2ad02d02edb022b3efade379cb662f7223c2941129669f0dcfe6eb3a41c,2021-05,Durham Constabulary,Durham Constabulary,-1.548958,54.544591,On or near Dublin Street,E01012350,Darlington 004B,Violence and sexual offences,Unable to prosecute suspect,
a356929c5036f1cc4b7544213ec3c9e4e714b0f8d2d75f3e9720b29a8a852255,2021-05,Durham Constabulary,Durham Constabulary,-1.545063,54.544550,On or near Cavendish Court,E01012351,Darlington 004C,Violence and sexual offences,Status update unavailable,
342c9de051758245ff3453521f4a05cf5d92fc68122ae4b94f4a77a8b1a59998,2021-05,Durham Constabulary,Durham Constabulary,-1.546736,54.540054,On or near Redmire Close,E01012351,Darlington 004C,Violence and sexual offences,Unable to prosecute suspect,
,2021-05,Durham Constabulary,Durham Constabulary,-1.557816,54.545972,On or near Longfield Road,E01012352,Darlington 004D,Anti-social behaviour,,
fea4a0342194986323fbea81d765000362b4a8ff5c6b6a2035429475c2fc3f35,2021-05,Durham Constabulary,Durham Constabulary,-1.553589,54.540888,On or near Derby Street,E01012352,Darlington 004D,Drugs,Unable to prosecute suspect,
a24a11b7df0378de9f3a790e06657f9bee7b2e17e166ebff9ce11e984ca360fa,2021-05,Durham Constabulary,Durham Constabulary,-1.557561,54.540920,On or near Harry Street,E01012352,Darlington 004D,Drugs,Further investigation is not in the public interest,
b06b3dc4ae0270f9b43f061546e6ba93e6ee0de5aa19d793283704f252d07ac5,2021-05,Durham Constabulary,Durham Constabulary,-1.553589,54.540888,On or near Derby Street,E01012352,Darlington 004D,Drugs,Formal action is not in the public interest,
8b1c949a79ff7d1ed24fdab5c2a40a560c9b2b3a47738ce6cf07ac06a772e046,2021-05,Durham Constabulary,Durham Constabulary,-1.557816,54.545972,On or near Longfield Road,E01012352,Darlington 004D,Other theft,Investigation complete; no suspect identified,
91588a6f19be5fd93657638119f1f6a53c1c38a04a13d05c585311c428fa18bf,2021-05,Durham Constabulary,Durham Constabulary,-1.558479,54.541805,On or near Whessoe Road,E01012352,Darlington 004D,Other theft,Investigation complete; no suspect identified,
3eef03c42d9be7b17378dd94283fc7d59af44c114bfe70223623a8c09e066f03,2021-05,Durham Constabulary,Durham Constabulary,-1.558451,54.542982,On or near Spring Hill,E01012352,Darlington 004D,Violence and sexual offences,Unable to prosecute suspect,
21fe3008d7aafd457a9eb152dfb402b617d6d711bad687ab220a8f90cef66168,2021-05,Durham Constabulary,Durham Constabulary,-1.558337,54.543494,On or near I'Anson Street,E01012352,Darlington 004D,Violence and sexual offences,Unable to prosecute suspect,
612b03bbed3243b4163ed4ea95bae4fbdb79bf086cc9e29143ac092db0e88592,2021-05,Durham Constabulary,Durham Constabulary,-1.553589,54.540888,On or near Derby Street,E01012352,Darlington 004D,Violence and sexual offences,Unable to prosecute suspect,
6861b0d601573dceffac3d7724b26b14ac11f8f09e50b4568280ae3323fc77b1,2021-05,Durham Constabulary,Durham Constabulary,-1.555826,54.542729,On or near Sports/Recreation Area,E01012352,Darlington 004D,Violence and sexual offences,Unable to prosecute suspect,
d2dfdae5778ede79700f1c9513dbc086dc9c20cbb708dd50f598e100914e3a34,2021-05,Durham Constabulary,Durham Constabulary,-1.557518,54.540660,On or near Sheraton Street,E01012352,Darlington 004D,Violence and sexual offences,Court result unavailable,
f2f530b3e2e3614e511eb1ed95eeddf7709d5cfae68a4ce449d3c8777c721c4d,2021-05,Durham Constabulary,Durham Constabulary,-1.557518,54.540660,On or near Sheraton Street,E01012352,Darlington 004D,Violence and sexual offences,Court result unavailable,
defc06570d112b6eb051e9e4e163564f39623b707af5923d275a32520d65d02e,2021-05,Durham Constabulary,Durham Constabulary,-1.555526,54.541911,On or near Eldon Place,E01012352,Darlington 004D,Violence and sexual offences,Unable to prosecute suspect,
c352db0544f579f6364ee97e104d928877ef8726b093a838fe106ccd6216785a,2021-05,Durham Constabulary,Durham Constabulary,-1.554362,54.542374,On or near Haig Street,E01012352,Darlington 004D,Violence and sexual offences,Unable to prosecute suspect,
12a9ef928044ea006e5da2d3ad203a1551c0d9b421069cf45263a19d13b696d2,2021-05,Durham Constabulary,Durham Constabulary,-1.555526,54.541911,On or near Eldon Place,E01012352,Darlington 004D,Violence and sexual offences,Unable to prosecute suspect,
,2021-05,Durham Constabulary,Durham Constabulary,-1.522212,54.538279,On or near Rymers Court,E01012325,Darlington 005A,Anti-social behaviour,,
,2021-05,Durham Constabulary,Durham Constabulary,-1.518618,54.537689,On or near Lincoln Court,E01012325,Darlington 005A,Anti-social behaviour,,
,2021-05,Durham Constabulary,Durham Constabulary,-1.520181,54.538873,On or near Rose Lane,E01012325,Darlington 005A,Anti-social behaviour,,
,2021-05,Durham Constabulary,Durham Constabulary,-1.517991,54.537130,On or near Southwell Green,E01012325,Darlington 005A,Anti-social behaviour,,
0ab5c263a72194d9509111aebdca7d7fec0028a3909a3c52a814050e6de8fac4,2021-05,Durham Constabulary,Durham Constabulary,-1.520181,54.538873,On or near Rose Lane,E01012325,Darlington 005A,Public order,Unable to prosecute suspect,
5994cc94b37ba27b6b7e06836bee225908eda5c2f421c04495d5c3ce4e614680,2021-05,Durham Constabulary,Durham Constabulary,-1.522212,54.538279,On or near Rymers Court,E01012325,Darlington 005A,Violence and sexual offences,Unable to prosecute suspect,
cf803ace22e6d9893b4e84239cbb31a6549b9421f11600e6e5f6480f787cffdf,2021-05,Durham Constabulary,Durham Constabulary,-1.520181,54.538873,On or near Rose Lane,E01012325,Darlington 005A,Violence and sexual offences,Local resolution,
3e08d9297a9f4aa0801191b50e2689fc11c93616eed0d08f943eee719c6d9011,2021-05,Durham Constabulary,Durham Constabulary,-1.520181,54.538873,On or near Rose Lane,E01012325,Darlington 005A,Other crime,Local resolution,
,2021-05,Durham Constabulary,Durham Constabulary,-1.525520,54.539577,On or near Dunelm Walk,E01012326,Darlington 005B,Anti-social behaviour,,
,2021-05,Durham Constabulary,Durham Constabulary,-1.525520,54.539577,On or near Dunelm Walk,E01012326,Darlington 005B,Anti-social behaviour,,
,2021-05,Durham Constabulary,Durham Constabulary,-1.524407,54.539626,On or near Bishop Close,E01012326,Darlington 005B,Anti-social behaviour,,
,2021-05,Durham Constabulary,Durham Constabulary,-1.530654,54.538060,On or near Hutton Avenue,E01012326,Darlington 005B,Anti-social behaviour,,
ba390f3af66b9873427770ce2aac482751339d50bbc947f76109a457cd1c3e4d,2021-05,Durham Constabulary,Durham Constabulary,-1.523400,54.537160,On or near St Andrews Close,E01012326,Darlington 005B,Criminal damage and arson,Investigation complete; no suspect identified,
ee6253782e4e48fa890b19f624e01decc8b857076d61b35c416440432ebf5c9b,2021-05,Durham Constabulary,Durham Constabulary,-1.523400,54.537160,On or near St Andrews Close,E01012326,Darlington 005B,Violence and sexual offences,Unable to prosecute suspect,
63f90f14ca7d57f0ce6713fed5969e307026c8a5fdc70400d6f89cd7dbb16d59,2021-05,Durham Constabulary,Durham Constabulary,-1.525520,54.539577,On or near Dunelm Walk,E01012326,Darlington 005B,Violence and sexual offences,Unable to prosecute suspect,
822838e00592802e6c3cf6304295d7faca45145fccdd62a1b21a859049c8028c,2021-05,Durham Constabulary,Durham Constabulary,-1.528709,54.537855,On or near Salters Avenue,E01012326,Darlington 005B,Violence and sexual offences,Unable to prosecute suspect,
e1c53c56d8ae0ab9d83a1db2b62ee0e46bb311a2963db8a3d42211d6c7561fa0,2021-05,Durham Constabulary,Durham Constabulary,-1.519778,54.540282,On or near Feetham Avenue,E01012326,Darlington 005B,Violence and sexual offences,Unable to prosecute suspect,
,2021-05,Durham Constabulary,Durham Constabulary,-1.533019,54.543452,On or near Morpeth Avenue,E01012332,Darlington 005C,Anti-social behaviour,,
,2021-05,Durham Constabulary,Durham Constabulary,-1.534837,54.543945,On or near Springfield Road,E01012332,Darlington 005C,Anti-social behaviour,,
,2021-05,Durham Constabulary,Durham Constabulary,-1.536127,54.543339,On or near Cheviot Court,E01012332,Darlington 005C,Anti-social behaviour,,
,2021-05,Durham Constabulary,Durham Constabulary,-1.534494,54.544222,On or near Ajax Street,E01012332,Darlington 005C,Anti-social behaviour,,
,2021-05,Durham Constabulary,Durham Constabulary,-1.536127,54.543339,On or near Cheviot Court,E01012332,Darlington 005C,Anti-social behaviour,,
,2021-05,Durham Constabulary,Durham Constabulary,-1.536848,54.543836,On or near Wylam Avenue,E01012332,Darlington 005C,Anti-social behaviour,,
,2021-05,Durham Constabulary,Durham Constabulary,-1.528982,54.545001,On or near Lyonette Road,E01012332,Darlington 005C,Anti-social behaviour,,
,2021-05,Durham Constabulary,Durham Constabulary,-1.528982,54.545001,On or near Lyonette Road,E01012332,Darlington 005C,Anti-social behaviour,,
,2021-05,Durham Constabulary,Durham Constabulary,-1.529039,54.545450,On or near Whinfield Road,E01012332,Darlington 005C,Anti-social behaviour,,
,2021-05,Durham Constabulary,Durham Constabulary,-1.534837,54.543945,On or near Springfield Road,E01012332,Darlington 005C,Anti-social behaviour,,
,2021-05,Durham Constabulary,Durham Constabulary,-1.526919,54.544256,On or near Hardwick Close,E01012332,Darlington 005C,Anti-social behaviour,,
,2021-05,Durham Constabulary,Durham Constabulary,-1.531793,54.542531,On or near Corbridge Crescent,E01012332,Darlington 005C,Anti-social behaviour,,
,2021-05,Durham Constabulary,Durham Constabulary,-1.526919,54.544256,On or near Hardwick Close,E01012332,Darlington 005C,Anti-social behaviour,,
774e6e21a2d9e17b4c139a9aa52d2d2d015f2a3cb1052868a1739e2834271c26,2021-05,Durham Constabulary,Durham Constabulary,-1.528982,54.545001,On or near Lyonette Road,E01012332,Darlington 005C,Criminal damage and arson,Further investigation is not in the public interest,
f733565dacb52d8d39686050ed1777adaa064369cc39decc79224c82ab50c19b,2021-05,Durham Constabulary,Durham Constabulary,-1.528391,54.543992,On or near Wren Avenue,E01012332,Darlington 005C,Criminal damage and arson,Unable to prosecute suspect,
ba25c32ba74e8ecb5ff11f15ce3d115fc06023960eb240f278ee10b430256964,2021-05,Durham Constabulary,Durham Constabulary,-1.525019,54.545470,On or near Whinbush Way,E01012332,Darlington 005C,Other theft,Investigation complete; no suspect identified,
6f5a04c8838bb54c8ffa0821571aa729f41625ad7cbfa27b18cedabce72b15b4,2021-05,Durham Constabulary,Durham Constabulary,-1.533019,54.543452,On or near Morpeth Avenue,E01012332,Darlington 005C,Public order,Unable to prosecute suspect,
dd0e145d64806ad3335486f887807f658745f6b8ed3915f2bacaa21073ba1b43,2021-05,Durham Constabulary,Durham Constabulary,-1.531793,54.542531,On or near Corbridge Crescent,E01012332,Darlington 005C,Public order,Local resolution,
07827a83ecee3632d12ca3ddff8d76867de970adb85ad0eaad40278f15a19c61,2021-05,Durham Constabulary,Durham Constabulary,-1.531793,54.542531,On or near Corbridge Crescent,E01012332,Darlington 005C,Violence and sexual offences,Local resolution,
fd6e039ae43a73e1dd829ad73e30a9258f5d117963e4f4cf2d8de71d1400fbeb,2021-05,Durham Constabulary,Durham Constabulary,-1.531195,54.543409,On or near Belsay Walk,E01012332,Darlington 005C,Violence and sexual offences,Further investigation is not in the public interest,
e95fc1003300c9aa074eb6938893964fb3d237f26788da668724400b9b35137b,2021-05,Durham Constabulary,Durham Constabulary,-1.531195,54.543409,On or near Belsay Walk,E01012332,Darlington 005C,Violence and sexual offences,Unable to prosecute suspect,
4a24966e394337c0f5dbadc0eb265f4fb5dc0c12773d197bdbc64b89201f74d9,2021-05,Durham Constabulary,Durham Constabulary,-1.531195,54.543409,On or near Belsay Walk,E01012332,Darlington 005C,Violence and sexual offences,Further action is not in the public interest,
fd54fb8f13f2cad4e0bdeed5c4e73806b08eeac661911a3fa64aa266f64742e1,2021-05,Durham Constabulary,Durham Constabulary,-1.527967,54.543199,On or near Nightingale Avenue,E01012332,Darlington 005C,Violence and sexual offences,Status update unavailable,
bc02637a95702b095c63dbbd16c6ae0896cf6d6a2ac697811f77a8a486bfa5ea,2021-05,Durham Constabulary,Durham Constabulary,-1.536127,54.543339,On or near Cheviot Court,E01012332,Darlington 005C,Violence and sexual offences,Local resolution,
,2021-05,Durham Constabulary,Durham Constabulary,-1.531983,54.540734,On or near Bamburgh Place,E01012333,Darlington 005D,Anti-social behaviour,,
,2021-05,Durham Constabulary,Durham Constabulary,-1.536798,54.542784,On or near Quantock Close,E01012333,Darlington 005D,Anti-social behaviour,,
,2021-05,Durham Constabulary,Durham Constabulary,-1.531983,54.540734,On or near Bamburgh Place,E01012333,Darlington 005D,Anti-social behaviour,,
,2021-05,Durham Constabulary,Durham Constabulary,-1.536798,54.542784,On or near Quantock Close,E01012333,Darlington 005D,Anti-social behaviour,,
8fbd6b57e274b2e03ddc46db03fe0c775b644a4d1e76cf6cd20098829f620b58,2021-05,Durham Constabulary,Durham Constabulary,-1.537988,54.541378,On or near Inglewood Close,E01012333,Darlington 005D,Burglary,Investigation complete; no suspect identified,
7c6a935ddf42a8e1f7eab25611d7793ecfdbbef33d5715ee9c5fffdbfa24ba0d,2021-05,Durham Constabulary,Durham Constabulary,-1.536099,54.541676,On or near Martindale Road,E01012333,Darlington 005D,Burglary,Investigation complete; no suspect identified,
0968d570e6fe6ac310e3cb7a1f9e16af68b589fdfd60801b2bd9f456265686fe,2021-05,Durham Constabulary,Durham Constabulary,-1.539001,54.542020,On or near Scira Court,E01012333,Darlington 005D,Criminal damage and arson,Unable to prosecute suspect,
eef1e6274f94b6af7f5e0f2a37cf7d5ee234594438c2d07ee87491946859b200,2021-05,Durham Constabulary,Durham Constabulary,-1.532393,54.540053,On or near Hutton Avenue,E01012333,Darlington 005D,Criminal damage and arson,Unable to prosecute suspect,
1c5a3a152613372c1670457d68d31d5b453080d7e2b468c4994e00759284a005,2021-05,Durham Constabulary,Durham Constabulary,-1.531983,54.540734,On or near Bamburgh Place,E01012333,Darlington 005D,Violence and sexual offences,Unable to prosecute suspect,
31a30152442f67f464bda70eec5c27a9454dd4017b613457ba3a4b4d78186a1a,2021-05,Durham Constabulary,Durham Constabulary,-1.531983,54.540734,On or near Bamburgh Place,E01012333,Darlington 005D,Violence and sexual offences,Investigation complete; no suspect identified,
27dcdbd6df9c872786c955c17acf5867ebfb1dc95d1c93bf4893036e0182f0ed,2021-05,Durham Constabulary,Durham Constabulary,-1.535318,54.541026,On or near Cragwellside,E01012333,Darlington 005D,Violence and sexual offences,Court result unavailable,
65ee9475ce7bff03caa4305701407506a6fec80b260ca522a2f11e6969aa144c,2021-05,Durham Constabulary,Durham Constabulary,-1.539286,54.541409,On or near Deorna Court,E01012333,Darlington 005D,Violence and sexual offences,Unable to prosecute suspect,
ab891baab247ed16a460bd38d8894cebda35ff9911111a850d0da27db4956741,2021-05,Durham Constabulary,Durham Constabulary,-1.531983,54.540734,On or near Bamburgh Place,E01012333,Darlington 005D,Violence and sexual offences,Unable to prosecute suspect,
98b58549d4b031024bc46251b16964145de6347ade8feeab0d581be583384a2c,2021-05,Durham Constabulary,Durham Constabulary,-1.539286,54.541409,On or near Deorna Court,E01012333,Darlington 005D,Violence and sexual offences,Unable to prosecute suspect,
8bd496decc79d82414f90c1702cb928a6ad94839812f7d8759f3b3218d37394b,2021-05,Durham Constabulary,Durham Constabulary,-1.535318,54.541026,On or near Cragwellside,E01012333,Darlington 005D,Violence and sexual offences,Court result unavailable,
,2021-05,Durham Constabulary,Durham Constabulary,-1.568848,54.539146,On or near Honeypot Lane,E01012309,Darlington 006A,Anti-social behaviour,,
,2021-05,Durham Constabulary,Durham Constabulary,-1.560049,54.538162,On or near Wederly Close,E01012309,Darlington 006A,Anti-social behaviour,,
,2021-05,Durham Constabulary,Durham Constabulary,-1.565348,54.536869,On or near Desmond Way,E01012309,Darlington 006A,Anti-social behaviour,,
3658803bf195125dfb5761fd96b1a10a4dfc335b914382fd60faf749bddb54b8,2021-05,Durham Constabulary,Durham Constabulary,-1.560049,54.538162,On or near Wederly Close,E01012309,Darlington 006A,Bicycle theft,Investigation complete; no suspect identified,
8a5a940268f06bbbc9333732d0fef28c3e00598914fe36df1b442a52ead8669a,2021-05,Durham Constabulary,Durham Constabulary,-1.566621,54.540702,On or near Tristram Avenue,E01012309,Darlington 006A,Possession of weapons,Further action is not in the public interest,
f02b44b4a8cc83d39803ed31bc113995a9293e4b0514f06e4e58987cc3fbfbdb,2021-05,Durham Constabulary,Durham Constabulary,-1.560049,54.538162,On or near Wederly Close,E01012309,Darlington 006A,Theft from the person,Unable to prosecute suspect,
3301e3206adc6533adc74d09454db3fee550364efd5a4e75d2b25a6d57c5fa4d,2021-05,Durham Constabulary,Durham Constabulary,-1.560049,54.538162,On or near Wederly Close,E01012309,Darlington 006A,Violence and sexual offences,Action to be taken by another organisation,
4a1532e51287481d8e10ee5ae4b93ca06530f1a5af01fa93e89b51df5a9d0959,2021-05,Durham Constabulary,Durham Constabulary,-1.566621,54.540702,On or near Tristram Avenue,E01012309,Darlington 006A,Violence and sexual offences,Unable to prosecute suspect,
08e31e517332a79963f95506fe602c18a1853dc964eedfcefd0e114db3f9935b,2021-05,Durham Constabulary,Durham Constabulary,-1.568557,54.538857,On or near Ivywood Court,E01012309,Darlington 006A,Violence and sexual offences,Offender given a caution,
5e283113367cc01433f6170098eb84d4512a0e6b55ada2a71d1a267c54061cfb,2021-05,Durham Constabulary,Durham Constabulary,-1.561765,54.539480,On or near Hensfield Grove,E01012309,Darlington 006A,Violence and sexual offences,Unable to prosecute suspect,
e7bbb917d9b62e48596d455b319abd74518724b55c72351af3cb79e41f370789,2021-05,Durham Constabulary,Durham Constabulary,-1.566441,54.540162,On or near Callum Close,E01012309,Darlington 006A,Violence and sexual offences,Action to be taken by another organisation,
,2021-05,Durham Constabulary,Durham Constabulary,-1.585610,54.536760,On or near Berrybank Crest,E01012310,Darlington 006B,Anti-social behaviour,,
,2021-05,Durham Constabulary,Durham Constabulary,-1.585610,54.536760,On or near Berrybank Crest,E01012310,Darlington 006B,Anti-social behaviour,,
,2021-05,Durham Constabulary,Durham Constabulary,-1.587101,54.539174,On or near Nickstream Lane,E01012310,Darlington 006B,Anti-social behaviour,,
3f065d14f05d6a24c7e28ea1389ae0744eb41f6c14f9671dc0c4227485e7ccc3,2021-05,Durham Constabulary,Durham Constabulary,-1.584429,54.535911,On or near Mary Court,E01012310,Darlington 006B,Criminal damage and arson,Investigation complete; no suspect identified,
53149edf72fcb3fb4cbd550eee6f3e2788ee4462fceb414564c6a107e1d4edfd,2021-05,Durham Constabulary,Durham Constabulary,-1.585610,54.536760,On or near Berrybank Crest,E01012310,Darlington 006B,Other theft,Investigation complete; no suspect identified,
3c06c4417c543b95e99f36aea0fb432f2d246c4611445e3ccc75432ef9c1f689,2021-05,Durham Constabulary,Durham Constabulary,-1.584429,54.535911,On or near Mary Court,E01012310,Darlington 006B,Other theft,Investigation complete; no suspect identified,
677d5e941c1b08efaf312cca236a6551ae35d8c7113ae594391693988dc0efe3,2021-05,Durham Constabulary,Durham Constabulary,-1.585835,54.540544,On or near Meadowfield Road,E01012310,Darlington 006B,Robbery,Investigation complete; no suspect identified,
5f33827945ad2d14a3bb9ade9c4464bbbfc3243fe4b5b59ef9cbe931b87bfc1c,2021-05,Durham Constabulary,Durham Constabulary,-1.582393,54.540083,On or near Walworth Crescent,E01012310,Darlington 006B,Violence and sexual offences,Unable to prosecute suspect,
0c9ffcfda4adca2ae45e3447d1f11f25d35e84939175b6fed70baed738ca2bfd,2021-05,Durham Constabulary,Durham Constabulary,-1.584429,54.535911,On or near Mary Court,E01012310,Darlington 006B,Violence and sexual offences,Unable to prosecute suspect,
857d5fa017ecb57ccaca68ff71282bdf189fa3054c0b9864a63ef1e0dfed66d9,2021-05,Durham Constabulary,Durham Constabulary,-1.584452,54.536720,On or near Archdeacon Crescent,E01012310,Darlington 006B,Violence and sexual offences,Unable to prosecute suspect,
af0199efe1a0123b9e71beb7f392bfbaaff6212527ff3ac72839fcca49ceea86,2021-05,Durham Constabulary,Durham Constabulary,-1.582702,54.538520,On or near School Street,E01012310,Darlington 006B,Violence and sexual offences,Offender given a caution,
d8d56220288b2f6769c4049b3873b8803181f8f4739cebb6d44756b3ac386723,2021-05,Durham Constabulary,Durham Constabulary,-1.582702,54.538520,On or near School Street,E01012310,Darlington 006B,Violence and sexual offences,Offender given a caution,
2f6c3d9810409129d57a060d1aab9cd35d03c4cca3249a2c0c843a9a3f65eb18,2021-05,Durham Constabulary,Durham Constabulary,-1.587101,54.539174,On or near Nickstream Lane,E01012310,Darlington 006B,Violence and sexual offences,Investigation complete; no suspect identified,
0109f6167914bfb026a0770e3688548938f4cfa2cecfe19ad672959acad2ac7a,2021-05,Durham Constabulary,Durham Constabulary,-1.579433,54.536298,On or near Prior Dene,E01012310,Darlington 006B,Violence and sexual offences,Local resolution,
4bce5d1b6ac0d28f810fec93e6cc0ffc94c6c0551ef22d65278135c461f91d95,2021-05,Durham Constabulary,Durham Constabulary,-1.579433,54.536298,On or near Prior Dene,E01012310,Darlington 006B,Violence and sexual offences,Unable to prosecute suspect,
38317f5045ba7c1ecc038ab5092f53301dd4d13956b74647997b8b27523ee4f5,2021-05,Durham Constabulary,Durham Constabulary,-1.579433,54.536298,On or near Prior Dene,E01012310,Darlington 006B,Violence and sexual offences,Unable to prosecute suspect,
5ff3ce3982533febc1e537d2ce6aba60a3e86450f8f084f19a268d0042aa50f5,2021-05,Durham Constabulary,Durham Constabulary,-1.584429,54.535911,On or near Mary Court,E01012310,Darlington 006B,Violence and sexual offences,Unable to prosecute suspect,
,2021-05,Durham Constabulary,Durham Constabulary,-1.573507,54.539935,On or near Auckland Oval,E01012311,Darlington 006C,Anti-social behaviour,,
,2021-05,Durham Constabulary,Durham Constabulary,-1.576038,54.535882,On or near Brinkburn Road,E01012311,Darlington 006C,Anti-social behaviour,,
,2021-05,Durham Constabulary,Durham Constabulary,-1.576976,54.540756,On or near Spring Court,E01012311,Darlington 006C,Anti-social behaviour,,
480267eecd7155984b4ad6ee50ea390822da09bd947133042622b48dbdfccf2d,2021-05,Durham Constabulary,Durham Constabulary,-1.571335,54.537807,On or near Brinkburn Drive,E01012311,Darlington 006C,Violence and sexual offences,Unable to prosecute suspect,
e69e260eb59b999ede8aa3ac2c48b5aacc768375768475a9eff0fcf813a88926,2021-05,Durham Constabulary,Durham Constabulary,-1.573507,54.539935,On or near Auckland Oval,E01012311,Darlington 006C,Violence and sexual offences,Unable to prosecute suspect,
7e636bdbe75e0b7a1a8fbad28d046043c46f2cf32dedab571e72fce782ec9b47,2021-05,Durham Constabulary,Durham Constabulary,-1.571335,54.537807,On or near Brinkburn Drive,E01012311,Darlington 006C,Violence and sexual offences,Unable to prosecute suspect,
,2021-05,Durham Constabulary,Durham Constabulary,-1.586875,54.541662,On or near Richmond Close,E01012312,Darlington 006D,Anti-social behaviour,,
,2021-05,Durham Constabulary,Durham Constabulary,-1.588305,54.540876,On or near Witton Crescent,E01012312,Darlington 006D,Anti-social behaviour,,
,2021-05,Durham Constabulary,Durham Constabulary,-1.590148,54.542015,On or near Minors Crescent,E01012312,Darlington 006D,Anti-social behaviour,,
,2021-05,Durham Constabulary,Durham Constabulary,-1.591249,54.541623,On or near Arundel Drive,E01012312,Darlington 006D,Anti-social behaviour,,
,2021-05,Durham Constabulary,Durham Constabulary,-1.588305,54.540876,On or near Witton Crescent,E01012312,Darlington 006D,Anti-social behaviour,,
67aaa7d5a327cca4eb6d36cb82eeded8857fc047e078d8c439e31b152c5348a8,2021-05,Durham Constabulary,Durham Constabulary,-1.588052,54.541397,On or near Warwick Square,E01012312,Darlington 006D,Criminal damage and arson,Investigation complete; no suspect identified,
15c692f413a80cc91ee5299e485bb28339a45bcc6603dfe23f21faded4c803ba,2021-05,Durham Constabulary,Durham Constabulary,-1.590148,54.542015,On or near Minors Crescent,E01012312,Darlington 006D,Other theft,Investigation complete; no suspect identified,
7ac985ef65a3ff70008d88826e4df82e25422a52a007f2f1f40945f7b3627036,2021-05,Durham Constabulary,Durham Constabulary,-1.590148,54.542015,On or near Minors Crescent,E01012312,Darlington 006D,Public order,Unable to prosecute suspect,
b3b3bb2d4d56943493c86579df1c489a13a28c2ac8b106c5d77e90ada9d012f7,2021-05,Durham Constabulary,Durham Constabulary,-1.588305,54.540876,On or near Witton Crescent,E01012312,Darlington 006D,Violence and sexual offences,Unable to prosecute suspect,
27ea48aafe49a0549dd978e0e7630a17fe4717a2a223592ed85904005a37e75e,2021-05,Durham Constabulary,Durham Constabulary,-1.590148,54.542015,On or near Minors Crescent,E01012312,Darlington 006D,Violence and sexual offences,Unable to prosecute suspect,
b8a7b6d46a23bb4110d5d912f5414b41aa8d6f3cf8abf32d75813afa3423bb20,2021-05,Durham Constabulary,Durham Constabulary,-1.588052,54.541397,On or near Warwick Square,E01012312,Darlington 006D,Violence and sexual offences,Unable to prosecute suspect,
474cf2d1b915bdf27a9fa3366f4819b94ab0f4250f8101c11dff0e93d0d163ba,2021-05,Durham Constabulary,Durham Constabulary,-1.596373,54.539340,On or near Selby Crescent,E01012312,Darlington 006D,Violence and sexual offences,Unable to prosecute suspect,
acebb4b8bfa978f61ce90769a413567d11ae1c0e168d927153f0032a5689fb91,2021-05,Durham Constabulary,Durham Constabulary,-1.590148,54.542015,On or near Minors Crescent,E01012312,Darlington 006D,Violence and sexual offences,Unable to prosecute suspect,
908d3e014f2c68a0d25d4c984c52f0bd82e4f5cf4c8d581a4412dfd991b9857f,2021-05,Durham Constabulary,Durham Constabulary,-1.588052,54.541397,On or near Warwick Square,E01012312,Darlington 006D,Violence and sexual offences,Unable to prosecute suspect,
201fdb8f7ba6e39cd773f2deb84f8e886650c0ea2bf0585925560addab6bf53f,2021-05,Durham Constabulary,Durham Constabulary,-1.591249,54.541623,On or near Arundel Drive,E01012312,Darlington 006D,Violence and sexual offences,Unable to prosecute suspect,
f42b2abb2ca96c77bd1142c9bf86187587bee189870e0722c2a453fe8e0df58d,2021-05,Durham Constabulary,Durham Constabulary,-1.588052,54.541397,On or near Warwick Square,E01012312,Darlington 006D,Violence and sexual offences,Unable to prosecute suspect,
,2021-05,Durham Constabulary,Durham Constabulary,-1.590558,54.538080,On or near Easby Place,E01012313,Darlington 006E,Anti-social behaviour,,
,2021-05,Durham Constabulary,Durham Constabulary,-1.580424,54.533165,On or near Waterside,E01012313,Darlington 006E,Anti-social behaviour,,
,2021-05,Durham Constabulary,Durham Constabulary,-1.587434,54.538294,On or near Denton Close,E01012313,Darlington 006E,Anti-social behaviour,,
,2021-05,Durham Constabulary,Durham Constabulary,-1.591419,54.540105,On or near Berwick Road,E01012313,Darlington 006E,Anti-social behaviour,,
,2021-05,Durham Constabulary,Durham Constabulary,-1.590208,54.539112,On or near Newton Lane,E01012313,Darlington 006E,Anti-social behaviour,,
c6cb23e5189eb5047dd2ce32666deaf253ac6370bdb6ee5029d56c217e7876a3,2021-05,Durham Constabulary,Durham Constabulary,-1.592191,54.537097,On or near Finchale Crescent,E01012313,Darlington 006E,Criminal damage and arson,Investigation complete; no suspect identified,
2531a151f6beed91a5545140046584af8079eeb041f604f67d6aba7be61c3919,2021-05,Durham Constabulary,Durham Constabulary,-1.589408,54.537195,On or near Waltham Close,E01012313,Darlington 006E,Violence and sexual offences,Unable to prosecute suspect,
8e94a98453dd3f4c126876110a226cd1dafdfe0f1e7e61db32ae4f42054c0390,2021-05,Durham Constabulary,Durham Constabulary,-1.592475,54.536460,On or near Eggleston View,E01012313,Darlington 006E,Violence and sexual offences,Unable to prosecute suspect,
a7ee900c381986f5123ed7fbd72491c56e1ce9102d8706bd89e74f92c393797d,2021-05,Durham Constabulary,Durham Constabulary,-1.578905,54.533528,On or near Supermarket,E01012313,Darlington 006E,Violence and sexual offences,Investigation complete; no suspect identified,
f71f450e4b7fed9d35fb9be577ece9624d1ed84881e99058f4a876a58cf10cad,2021-05,Durham Constabulary,Durham Constabulary,-1.578905,54.533528,On or near Supermarket,E01012313,Darlington 006E,Violence and sexual offences,Investigation complete; no suspect identified,
ebca17745640f4d29754cb1d38b61e5ee82ff4ad6cff67c051b2ab891a6dc4d9,2021-05,Durham Constabulary,Durham Constabulary,-1.592475,54.536460,On or near Eggleston View,E01012313,Darlington 006E,Violence and sexual offences,Offender given a caution,
,2021-05,Durham Constabulary,Durham Constabulary,-1.601824,54.538180,On or near Sherborne Close,E01012314,Darlington 006F,Anti-social behaviour,,
,2021-05,Durham Constabulary,Durham Constabulary,-1.599037,54.538755,On or near Dunster Close,E01012314,Darlington 006F,Anti-social behaviour,,
,2021-05,Durham Constabulary,Durham Constabulary,-1.601824,54.538180,On or near Sherborne Close,E01012314,Darlington 006F,Anti-social behaviour,,
,2021-05,Durham Constabulary,Durham Constabulary,-1.601982,54.541057,On or near Marrick Avenue,E01012314,Darlington 006F,Anti-social behaviour,,
,2021-05,Durham Constabulary,Durham Constabulary,-1.601982,54.541057,On or near Marrick Avenue,E01012314,Darlington 006F,Anti-social behaviour,,
5f434206f6e17ea95e0983fe15c93b72179b70182257ffdba68464fa569d8259,2021-05,Durham Constabulary,Durham Constabulary,-1.599644,54.541408,On or near Jedburgh Drive,E01012314,Darlington 006F,Drugs,Court result unavailable,
1a817693ed8bbda8d11c7a8cb214c1f5afe36ff1fad060be344e3e185302e1a9,2021-05,Durham Constabulary,Durham Constabulary,-1.599644,54.541408,On or near Jedburgh Drive,E01012314,Darlington 006F,Public order,Investigation complete; no suspect identified,
376e9d1c7d53f4c0e1c7239dd3e87c171b3e414c65fc7d99641bd6774b30f39b,2021-05,Durham Constabulary,Durham Constabulary,-1.600287,54.538876,On or near Sawley Close,E01012314,Darlington 006F,Violence and sexual offences,Unable to prosecute suspect,
6c6c9945bd1f4d7202bc74158fd3f43428068f669357b90188d14bb5c03628a0,2021-05,Durham Constabulary,Durham Constabulary,-1.599644,54.541408,On or near Jedburgh Drive,E01012314,Darlington 006F,Violence and sexual offences,Unable to prosecute suspect,
84c9ed380cbc94bdeb55c62c0475dc78e79acadd9a9225cd31ff8a165be4892b,2021-05,Durham Constabulary,Durham Constabulary,-1.598397,54.539355,On or near Atherstone Way,E01012314,Darlington 006F,Violence and sexual offences,Unable to prosecute suspect,
d83be3cfa89fb1d9718da925c2f56864c602cade03b6525b2c7cf5b8c8179b9f,2021-05,Durham Constabulary,Durham Constabulary,-1.599644,54.541408,On or near Jedburgh Drive,E01012314,Darlington 006F,Violence and sexual offences,Unable to prosecute suspect,
f15cc2e2221e7b5aca2da250fab448f1d4c85ce7d8afc1e7849dc30e877b7b23,2021-05,Durham Constabulary,Durham Constabulary,-1.596750,54.538631,On or near Ampleforth Way,E01012314,Darlington 006F,Violence and sexual offences,Unable to prosecute suspect,
13f185948e9cfcd0cd5b97badb3d22fb2282700b2d21826de49596cbadd11271,2021-05,Durham Constabulary,Durham Constabulary,-1.599644,54.541408,On or near Jedburgh Drive,E01012314,Darlington 006F,Violence and sexual offences,Unable to prosecute suspect,
ec045741840ba759117a6b0d8ccf47cbe22ddbc9b7e0c2fdbbb29f0eb9179971,2021-05,Durham Constabulary,Durham Constabulary,-1.601982,54.541057,On or near Marrick Avenue,E01012314,Darlington 006F,Violence and sexual offences,Unable to prosecute suspect,
76a4de7d79d7ee156f952353ae41a36ca129618f613a08676251b658c8888f63,2021-05,Durham Constabulary,Durham Constabulary,-1.599644,54.541408,On or near Jedburgh Drive,E01012314,Darlington 006F,Violence and sexual offences,Unable to prosecute suspect,
a611885242fba372a6e3aab2859b4f0e42bfd2ea267f082051571132275f0937,2021-05,Durham Constabulary,Durham Constabulary,-1.599644,54.541408,On or near Jedburgh Drive,E01012314,Darlington 006F,Violence and sexual offences,Court result unavailable,
94ebbd6f0311f05a20077caef79139e0d4cd70031e1633c4d930f5fb228f9730,2021-05,Durham Constabulary,Durham Constabulary,-1.598397,54.539355,On or near Atherstone Way,E01012314,Darlington 006F,Violence and sexual offences,Unable to prosecute suspect,
55f577b46839a5b83e9a7175e2636301f393cb1ec5dede80dada0ed76049539f,2021-05,Durham Constabulary,Durham Constabulary,-1.596750,54.538631,On or near Ampleforth Way,E01012314,Darlington 006F,Violence and sexual offences,Further investigation is not in the public interest,
09b00c29480d3319e58a8de77cddc4d8b67800f60b0a9d65f13c94316c2d8d9a,2021-05,Durham Constabulary,Durham Constabulary,-1.598397,54.539355,On or near Atherstone Way,E01012314,Darlington 006F,Violence and sexual offences,Status update unavailable,
3b3cd7e7e86a46bcfaa43b9eacf64d7b85a76b08656f74a713c8995972d2aebe,2021-05,Durham Constabulary,Durham Constabulary,-1.598397,54.539355,On or near Atherstone Way,E01012314,Darlington 006F,Violence and sexual offences,Unable to prosecute suspect,
337dc78d3297a6df1511ce32e6902ca26dc27d5253a71622eda34ddac452a4b3,2021-05,Durham Constabulary,Durham Constabulary,-1.596750,54.538631,On or near Ampleforth Way,E01012314,Darlington 006F,Other crime,Local resolution,
,2021-05,Durham Constabulary,Durham Constabulary,-1.560233,54.536805,On or near Brinkburn Road,E01012362,Darlington 007A,Anti-social behaviour,,
,2021-05,Durham Constabulary,Durham Constabulary,-1.562178,54.535626,On or near Sedgwick Street,E01012362,Darlington 007A,Anti-social behaviour,,
,2021-05,Durham Constabulary,Durham Constabulary,-1.556249,54.535092,On or near Hopetown Lane,E01012362,Darlington 007A,Anti-social behaviour,,
4e8ea80b6ace5fc985483fb36a58a00922768570bac058ff89626ced161b4dbc,2021-05,Durham Constabulary,Durham Constabulary,-1.558913,54.535965,On or near Harcourt Street,E01012362,Darlington 007A,Criminal damage and arson,Investigation complete; no suspect identified,
31ac2f0ae713d00df5565ca004707ff417ff766081f4c05aaa1ee76208227be5,2021-05,Durham Constabulary,Durham Constabulary,-1.559624,54.535958,On or near Barron Street,E01012362,Darlington 007A,Criminal damage and arson,Investigation complete; no suspect identified,
2bdf24619f4daf84dd1af84d8bab3c39403306f288d58a899ff81366cb17485e,2021-05,Durham Constabulary,Durham Constabulary,-1.558765,54.535326,On or near Surtees Street,E01012362,Darlington 007A,Criminal damage and arson,Unable to prosecute suspect,
197ae78153ec6f042547db8261485c5bad1781a01ede3e74ce956cac48279c33,2021-05,Durham Constabulary,Durham Constabulary,-1.560233,54.536805,On or near Brinkburn Road,E01012362,Darlington 007A,Other theft,Unable to prosecute suspect,
425d88fc863c4170cd92d2df410630cb12ba626295493ee9c5d5e42b534e3337,2021-05,Durham Constabulary,Durham Constabulary,-1.559624,54.535958,On or near Barron Street,E01012362,Darlington 007A,Vehicle crime,Court result unavailable,
91257f1f9f617ac98ba15535d0da06c2c8a1db18f3db639a88842dcdb6db8374,2021-05,Durham Constabulary,Durham Constabulary,-1.557801,54.535934,On or near Farrer Street,E01012362,Darlington 007A,Vehicle crime,Court result unavailable,
1ecb0fc23897c7c3e8db057d740458f54766eb6c7126d8242f745865594664d3,2021-05,Durham Constabulary,Durham Constabulary,-1.557801,54.535934,On or near Farrer Street,E01012362,Darlington 007A,Vehicle crime,Court result unavailable,
dcfcd2c52f95f7e40f2bd19234feebc1737d32fa2973caf2b07737f741f05f5d,2021-05,Durham Constabulary,Durham Constabulary,-1.556249,54.535092,On or near Hopetown Lane,E01012362,Darlington 007A,Vehicle crime,Investigation complete; no suspect identified,
43ae2264f3a52835590fe8d917caacd415c03f62603880e396b1702816d878ee,2021-05,Durham Constabulary,Durham Constabulary,-1.557801,54.535934,On or near Farrer Street,E01012362,Darlington 007A,Vehicle crime,Court result unavailable,
8d044e1cc5eae74ffad8d49c1dd8ce5eddb7a83f1b055068b43c3352fc6fb065,2021-05,Durham Constabulary,Durham Constabulary,-1.561032,54.535802,On or near Chandos Street,E01012362,Darlington 007A,Violence and sexual offences,Unable to prosecute suspect,
ae8eee365ff14284c0b222769406f9d60a11d0644b37a980683d1b5720f93b57,2021-05,Durham Constabulary,Durham Constabulary,-1.558063,54.534578,On or near Bartlett Street,E01012362,Darlington 007A,Violence and sexual offences,Status update unavailable,
82e6165ec25542a3d128dc49f154192c983db6aa1e6850f6793918ba314f02aa,2021-05,Durham Constabulary,Durham Constabulary,-1.558765,54.535326,On or near Surtees Street,E01012362,Darlington 007A,Violence and sexual offences,Unable to prosecute suspect,
,2021-05,Durham Constabulary,Durham Constabulary,-1.565519,54.535297,On or near Willow Road,E01012363,Darlington 007B,Anti-social behaviour,,
d773d49eae76914a8b8a951167aea7a8639a89fb27959febe941028016374aa9,2021-05,Durham Constabulary,Durham Constabulary,-1.569907,54.535438,On or near Olympic Street,E01012363,Darlington 007B,Criminal damage and arson,Local resolution,
f30aac51002114ecd6043de1152db85a0c88572d5957e34c8bb985118a874305,2021-05,Durham Constabulary,Durham Constabulary,-1.566843,54.535840,On or near Hazel Avenue,E01012363,Darlington 007B,Other theft,Investigation complete; no suspect identified,
99b592f81033687be50e139245aad6fbc49555eee5bef73fa51aa3715cb5d3a1,2021-05,Durham Constabulary,Durham Constabulary,-1.567601,54.535717,On or near Hamsterley Street,E01012363,Darlington 007B,Violence and sexual offences,Unable to prosecute suspect,
c9e7d82b14a98b428da1ce5716d2318fd0595d301bb6ea95c2485d683991dfb5,2021-05,Durham Constabulary,Durham Constabulary,-1.564306,54.536002,On or near Trafalgar Terrace,E01012363,Darlington 007B,Violence and sexual offences,Unable to prosecute suspect,
919d654c1b94bf19ef5423404c902419dfe1331f57ea7114404659b350a9bbe6,2021-05,Durham Constabulary,Durham Constabulary,-1.564306,54.536002,On or near Trafalgar Terrace,E01012363,Darlington 007B,Violence and sexual offences,Unable to prosecute suspect,
84710429ca5f47212cae43d91b0eb1be0bed6557ae12eee47192fc3d1a161134,2021-05,Durham Constabulary,Durham Constabulary,-1.568598,54.536404,On or near Acacia Street,E01012363,Darlington 007B,Violence and sexual offences,Unable to prosecute suspect,
c2e75857e8897500229673331c9ae538120edba08c9a065c009b8ca59e6a64b6,2021-05,Durham Constabulary,Durham Constabulary,-1.566843,54.535840,On or near Hazel Avenue,E01012363,Darlington 007B,Violence and sexual offences,Unable to prosecute suspect,
e53bb28c0aa47d3dfc10889dc7a69a7fa79a56b386fe548a09ec18c61285f036,2021-05,Durham Constabulary,Durham Constabulary,-1.567601,54.535717,On or near Hamsterley Street,E01012363,Darlington 007B,Violence and sexual offences,Further investigation is not in the public interest,
6a528912dc714973f79761f2b61477c1f6332c0a3ee063885b09b2b9f3e004f5,2021-05,Durham Constabulary,Durham Constabulary,-1.569133,54.535516,On or near Coniston Street,E01012363,Darlington 007B,Violence and sexual offences,Unable to prosecute suspect,
fbdcbac570ebbd2f9e02ba49154950c89f266bc026ba023f7ceb7c2415d09865,2021-05,Durham Constabulary,Durham Constabulary,-1.563610,54.536045,On or near Harrison Terrace,E01012363,Darlington 007B,Violence and sexual offences,Investigation complete; no suspect identified,
0fc2b0c957d322fcd6e4c05eb78e40fa4b1619716b583b55d753e5c2c4137537,2021-05,Durham Constabulary,Durham Constabulary,-1.566843,54.535840,On or near Hazel Avenue,E01012363,Darlington 007B,Violence and sexual offences,Unable to prosecute suspect,
,2021-05,Durham Constabulary,Durham Constabulary,-1.565923,54.533644,On or near Craig Street,E01012364,Darlington 007C,Anti-social behaviour,,
,2021-05,Durham Constabulary,Durham Constabulary,-1.569225,54.532722,On or near Orchard Road,E01012364,Darlington 007C,Anti-social behaviour,,
,2021-05,Durham Constabulary,Durham Constabulary,-1.565095,54.534477,On or near Newfoundland Street,E01012364,Darlington 007C,Anti-social behaviour,,
,2021-05,Durham Constabulary,Durham Constabulary,-1.563104,54.532852,On or near Rosebery Street,E01012364,Darlington 007C,Anti-social behaviour,,
489ed71a0c1a09730601294be7a7fbf46464fbe08c1ec3fb9de6f3e9aa4409db,2021-05,Durham Constabulary,Durham Constabulary,-1.568462,54.533213,On or near Vine Street,E01012364,Darlington 007C,Other theft,Unable to prosecute suspect,
8e2877670f7d0a792c9de480d225e973b91dd431e655a1c107e96e467fbf767d,2021-05,Durham Constabulary,Durham Constabulary,-1.567973,54.531198,On or near Oakhurst Road,E01012364,Darlington 007C,Public order,Further investigation is not in the public interest,
bf23f7d60bb0bd3a9011505de873ed138245dce5a863ecc5ada84d4cc177d43c,2021-05,Durham Constabulary,Durham Constabulary,-1.567973,54.531198,On or near Oakhurst Road,E01012364,Darlington 007C,Public order,Further investigation is not in the public interest,
e49c697e0634bcb78402f42f8005430ed55108f6f38d12bad5a41908154ac64c,2021-05,Durham Constabulary,Durham Constabulary,-1.567868,54.533885,On or near Laurel Street,E01012364,Darlington 007C,Public order,Unable to prosecute suspect,
2a8e4b997bc0ccf86edcd540cae2a931d55c0471e028faa53d14ac59e9c64d77,2021-05,Durham Constabulary,Durham Constabulary,-1.567868,54.533885,On or near Laurel Street,E01012364,Darlington 007C,Public order,Unable to prosecute suspect,
8b6d6505018b494cb26a5086ac1ef3fe27308d3d370df4e1bc689b923d80636a,2021-05,Durham Constabulary,Durham Constabulary,-1.570515,54.533409,On or near Pierremont Road,E01012364,Darlington 007C,Public order,Unable to prosecute suspect,
5ee7f744bd0576330a1bfdf2927237d2e7ef623b3b73072434691fb3191e916b,2021-05,Durham Constabulary,Durham Constabulary,-1.565923,54.533644,On or near Craig Street,E01012364,Darlington 007C,Violence and sexual offences,Unable to prosecute suspect,
cee4a624b1ff094f06204da46de78f7f18f3acb345aeaf70dee51a718eccfa93,2021-05,Durham Constabulary,Durham Constabulary,-1.565923,54.533644,On or near Craig Street,E01012364,Darlington 007C,Violence and sexual offences,Unable to prosecute suspect,
6e250ce61636afa96ef31d7c775e9795ee6315ddde85f5eddcf80a8403af87d0,2021-05,Durham Constabulary,Durham Constabulary,-1.567337,54.531484,On or near Witbank Road,E01012364,Darlington 007C,Violence and sexual offences,Unable to prosecute suspect,
07c543216254336f94563af1558d505cb4d1413f656195fe764e25a7d5c9500d,2021-05,Durham Constabulary,Durham Constabulary,-1.570515,54.533409,On or near Pierremont Road,E01012364,Darlington 007C,Violence and sexual offences,Unable to prosecute suspect,
4f21cceff414ee68a99bf43c277009d9392617dc381400eb2dd5ec98e9a3d081,2021-05,Durham Constabulary,Durham Constabulary,-1.567973,54.531198,On or near Oakhurst Road,E01012364,Darlington 007C,Violence and sexual offences,Unable to prosecute suspect,
2c8393495dda8e2b79d09a17e377ca85bee8c91a5c09466a20d060d071c3f199,2021-05,Durham Constabulary,Durham Constabulary,-1.565095,54.534477,On or near Newfoundland Street,E01012364,Darlington 007C,Violence and sexual offences,Unable to prosecute suspect,
b1900743bb0df43c04dec3b68281ea2bf50749f139bf28971cdedd223abd20cd,2021-05,Durham Constabulary,Durham Constabulary,-1.570515,54.533409,On or near Pierremont Road,E01012364,Darlington 007C,Violence and sexual offences,Unable to prosecute suspect,
412450c5eae238a8c71b4097d9832a4355e7378b5992f2f67643a7c120b35b77,2021-05,Durham Constabulary,Durham Constabulary,-1.567973,54.531198,On or near Oakhurst Road,E01012364,Darlington 007C,Violence and sexual offences,Unable to prosecute suspect,
1b33e17aae20137bec57a271759cc1de10231c3de7e5befb9848241758c78e49,2021-05,Durham Constabulary,Durham Constabulary,-1.563996,54.533242,On or near Reid Street,E01012364,Darlington 007C,Violence and sexual offences,Unable to prosecute suspect,
0466ecd87e5836e22edfefb2388d9393e0977d376e01388128e05e6cbe651e26,2021-05,Durham Constabulary,Durham Constabulary,-1.573282,54.533329,On or near Deneside Road,E01012365,Darlington 007D,Violence and sexual offences,Unable to prosecute suspect,
3cb859f1c2ad351e1136c3f74f98dc585f9c6f9aa8ec423bdc9c2abaf0ea58b9,2021-05,Durham Constabulary,Durham Constabulary,-1.577969,54.534451,On or near Police Station,E01012365,Darlington 007D,Violence and sexual offences,Unable to prosecute suspect,
,2021-05,Durham Constabulary,Durham Constabulary,-1.558048,54.533068,On or near Bartlett Street,E01012353,Darlington 008B,Anti-social behaviour,,
,2021-05,Durham Constabulary,Durham Constabulary,-1.559272,54.531320,On or near Kingston Street,E01012353,Darlington 008B,Anti-social behaviour,,
,2021-05,Durham Constabulary,Durham Constabulary,-1.562383,54.533748,On or near Widdowfield Street,E01012353,Darlington 008B,Anti-social behaviour,,
,2021-05,Durham Constabulary,Durham Constabulary,-1.559121,54.533916,On or near Widdowfield Street,E01012353,Darlington 008B,Anti-social behaviour,,
,2021-05,Durham Constabulary,Durham Constabulary,-1.560889,54.531901,On or near Salisbury Terrace,E01012353,Darlington 008B,Anti-social behaviour,,
,2021-05,Durham Constabulary,Durham Constabulary,-1.560889,54.531901,On or near Salisbury Terrace,E01012353,Darlington 008B,Anti-social behaviour,,
,2021-05,Durham Constabulary,Durham Constabulary,-1.560889,54.531901,On or near Salisbury Terrace,E01012353,Darlington 008B,Anti-social behaviour,,
,2021-05,Durham Constabulary,Durham Constabulary,-1.561622,54.532631,On or near Beaconsfield Street,E01012353,Darlington 008B,Anti-social behaviour,,
c2895f4e09400abfe5336488c667c1e7f06999e6881bdab5d3205a7c2d94d06c,2021-05,Durham Constabulary,Durham Constabulary,-1.562383,54.533748,On or near Widdowfield Street,E01012353,Darlington 008B,Bicycle theft,Investigation complete; no suspect identified,
0e0c55f432b2eb6fd7f8ca06454daa1b6d08a85bed22f747b43376e3ae429425,2021-05,Durham Constabulary,Durham Constabulary,-1.560199,54.532806,On or near Barningham Street,E01012353,Darlington 008B,Bicycle theft,Investigation complete; no suspect identified,
c8b2e46b2276f4c89c1eea52827dd332473eafb151fc285ea624b980d5256cea,2021-05,Durham Constabulary,Durham Constabulary,-1.561622,54.532631,On or near Beaconsfield Street,E01012353,Darlington 008B,Burglary,Court result unavailable,
f316da65935090015188b2c876218d73cb3101ea9c3b1f721bae3ccef60d5e45,2021-05,Durham Constabulary,Durham Constabulary,-1.560880,54.534120,On or near Surtees Street,E01012353,Darlington 008B,Burglary,Investigation complete; no suspect identified,
53ff10834ec61a23611783f6a74f2157146d408764ee09d8aa12d35ae7d4f032,2021-05,Durham Constabulary,Durham Constabulary,-1.561622,54.532631,On or near Beaconsfield Street,E01012353,Darlington 008B,Burglary,Investigation complete; no suspect identified,
e1850ecb4c0c65fd1402d09e930d5996e356b144957a01f2eafebe4c529589af,2021-05,Durham Constabulary,Durham Constabulary,-1.560880,54.534120,On or near Surtees Street,E01012353,Darlington 008B,Burglary,Unable to prosecute suspect,
92dd9267414d0bca68d5af00d2217495fe5404dd3b076d9e335450edb5ee5a38,2021-05,Durham Constabulary,Durham Constabulary,-1.558746,54.532855,On or near Kitchener Street,E01012353,Darlington 008B,Burglary,Investigation complete; no suspect identified,
a40fb88e33313659b6f9623ddf3f0ab07c14f529298008644ecbd22ecc3647a7,2021-05,Durham Constabulary,Durham Constabulary,-1.559121,54.533916,On or near Widdowfield Street,E01012353,Darlington 008B,Criminal damage and arson,Investigation complete; no suspect identified,
ec53c8922fc552c44ff8036ee5199ebe1a5fed8afb6d4bcf6b3a8a3647692c90,2021-05,Durham Constabulary,Durham Constabulary,-1.559272,54.531320,On or near Kingston Street,E01012353,Darlington 008B,Criminal damage and arson,Unable to prosecute suspect,
5baf8298c967f3e6591b4cbe626048e8261423afe814fa68e34f0b34228013f5,2021-05,Durham Constabulary,Durham Constabulary,-1.560889,54.531901,On or near Salisbury Terrace,E01012353,Darlington 008B,Criminal damage and arson,Investigation complete; no suspect identified,
21dbf70d064ddbdb3a01105e92bea80da2ca54d0e6b5370aea1349a6075cf2bd,2021-05,Durham Constabulary,Durham Constabulary,-1.560199,54.532806,On or near Barningham Street,E01012353,Darlington 008B,Criminal damage and arson,Unable to prosecute suspect,
c288f52e18aed2e568132a5381d597c939a96d9d2073d9a21091f0186ce2a25e,2021-05,Durham Constabulary,Durham Constabulary,-1.560889,54.531901,On or near Salisbury Terrace,E01012353,Darlington 008B,Criminal damage and arson,Local resolution,
66a36891c8a6a7a7ffe60d09ba629210fafe553b10e1bd643183224b8efe5ea1,2021-05,Durham Constabulary,Durham Constabulary,-1.561622,54.532631,On or near Beaconsfield Street,E01012353,Darlington 008B,Drugs,Action to be taken by another organisation,
75c92f6d13c72aef76b51c981d5e6839389d38cd96af940f2afc2d73a563bf12,2021-05,Durham Constabulary,Durham Constabulary,-1.561622,54.532631,On or near Beaconsfield Street,E01012353,Darlington 008B,Other theft,Unable to prosecute suspect,
f2d3a586ba3f51be5031efee37dae9adb5c56727b68bc2a7a97b1899237ac918,2021-05,Durham Constabulary,Durham Constabulary,-1.560199,54.532806,On or near Barningham Street,E01012353,Darlington 008B,Other theft,Investigation complete; no suspect identified,
4736d8ca1472bf3bf4a7cc52062f6ff90b7db3874b7eae1fc1e020e462269744,2021-05,Durham Constabulary,Durham Constabulary,-1.559462,54.530934,On or near Oaklands Terrace,E01012353,Darlington 008B,Public order,Unable to prosecute suspect,
0306a6ff6cb4947c06fb6136bc0d2eaf267a75d3a6dd1778d16b7f307011a3bd,2021-05,Durham Constabulary,Durham Constabulary,-1.561588,54.531508,On or near Warren Street,E01012353,Darlington 008B,Public order,Investigation complete; no suspect identified,
c34e02dbf095ed85fd67a261729653b9c3df989ae575a76a44fb4a5f1f23f105,2021-05,Durham Constabulary,Durham Constabulary,-1.561588,54.531508,On or near Warren Street,E01012353,Darlington 008B,Vehicle crime,Investigation complete; no suspect identified,
ce531e23117544fb3fcf6c9b21257b489dd48aa60ae75250d8da908d9d7adeb4,2021-05,Durham Constabulary,Durham Constabulary,-1.560889,54.531901,On or near Salisbury Terrace,E01012353,Darlington 008B,Violence and sexual offences,Local resolution,
466492ccf34d3c7bdc189d421f5533f987339a51152eaa6d099917b3d2cd3e48,2021-05,Durham Constabulary,Durham Constabulary,-1.562383,54.533748,On or near Widdowfield Street,E01012353,Darlington 008B,Violence and sexual offences,Unable to prosecute suspect,
cb365c7eb625816daf6a16e8040665fcdd74d40bcd6df13f0de2e829d614b085,2021-05,Durham Constabulary,Durham Constabulary,-1.561622,54.532631,On or near Beaconsfield Street,E01012353,Darlington 008B,Violence and sexual offences,Unable to prosecute suspect,
a879a872c4b5fec9564ccc96841aec706ee8eff57c88214129a8dd92ee5ddc2c,2021-05,Durham Constabulary,Durham Constabulary,-1.562383,54.533748,On or near Widdowfield Street,E01012353,Darlington 008B,Violence and sexual offences,Unable to prosecute suspect,
7ef03b944b947ef05311025424d76baf5854f8edf4311efa7d33040e88c690b6,2021-05,Durham Constabulary,Durham Constabulary,-1.562383,54.533748,On or near Widdowfield Street,E01012353,Darlington 008B,Violence and sexual offences,Investigation complete; no suspect identified,
3b26036415453920d011353ca8ca85ce5528da6f2db2487b0441cdd30c736e11,2021-05,Durham Constabulary,Durham Constabulary,-1.559121,54.533916,On or near Widdowfield Street,E01012353,Darlington 008B,Violence and sexual offences,Unable to prosecute suspect,
7ec29ec1a4ba5e848151e74320e336388ca038ccbf62970a34668b45875e65b7,2021-05,Durham Constabulary,Durham Constabulary,-1.562383,54.533748,On or near Widdowfield Street,E01012353,Darlington 008B,Violence and sexual offences,Unable to prosecute suspect,
,2021-05,Durham Constabulary,Durham Constabulary,-1.554760,54.534179,On or near Station Road,E01012354,Darlington 008C,Anti-social behaviour,,
,2021-05,Durham Constabulary,Durham Constabulary,-1.556378,54.528892,On or near Gladstone Street,E01012354,Darlington 008C,Anti-social behaviour,,
,2021-05,Durham Constabulary,Durham Constabulary,-1.558000,54.530353,On or near Easson Road,E01012354,Darlington 008C,Anti-social behaviour,,
,2021-05,Durham Constabulary,Durham Constabulary,-1.552866,54.532087,On or near Westbrook Terrace,E01012354,Darlington 008C,Anti-social behaviour,,
,2021-05,Durham Constabulary,Durham Constabulary,-1.553874,54.533205,On or near Marburn Place,E01012354,Darlington 008C,Anti-social behaviour,,
,2021-05,Durham Constabulary,Durham Constabulary,-1.556378,54.528892,On or near Gladstone Street,E01012354,Darlington 008C,Anti-social behaviour,,
,2021-05,Durham Constabulary,Durham Constabulary,-1.556334,54.530069,On or near North Lodge Terrace,E01012354,Darlington 008C,Anti-social behaviour,,
,2021-05,Durham Constabulary,Durham Constabulary,-1.553874,54.533205,On or near Marburn Place,E01012354,Darlington 008C,Anti-social behaviour,,
,2021-05,Durham Constabulary,Durham Constabulary,-1.553197,54.532924,On or near Petrol Station,E01012354,Darlington 008C,Anti-social behaviour,,
,2021-05,Durham Constabulary,Durham Constabulary,-1.554968,54.532122,On or near Mowden Terrace,E01012354,Darlington 008C,Anti-social behaviour,,
7b8f5732551d1bf0765b5356790b48ba98296a3c6ee6c5c4e4a221e22f07cca1,2021-05,Durham Constabulary,Durham Constabulary,-1.558000,54.530353,On or near Easson Road,E01012354,Darlington 008C,Burglary,Local resolution,
6e70947c7665f10bca38f870e1b11407b1a833a47416117bdb54796c4c6b2a68,2021-05,Durham Constabulary,Durham Constabulary,-1.556002,54.532188,On or near Wilkes Street,E01012354,Darlington 008C,Burglary,Investigation complete; no suspect identified,
c2375fbf4486ac74b25be5630bc9b44777fde71310e9a78f8671eb860c12edcd,2021-05,Durham Constabulary,Durham Constabulary,-1.553834,54.534059,On or near Arthur Street,E01012354,Darlington 008C,Criminal damage and arson,Unable to prosecute suspect,
a95eb41b5eb3c16444bee0d699252f813e7d06e5813977aee37d3482a9fe36de,2021-05,Durham Constabulary,Durham Constabulary,-1.556334,54.530069,On or near North Lodge Terrace,E01012354,Darlington 008C,Criminal damage and arson,Unable to prosecute suspect,
08628bdde480dc76982ef5525311a02b150ae6a528f33a137b77c60185af03f0,2021-05,Durham Constabulary,Durham Constabulary,-1.553874,54.533205,On or near Marburn Place,E01012354,Darlington 008C,Criminal damage and arson,Investigation complete; no suspect identified,
b67103ce50c9f804247e92deb999f0def2271a14680c1b35b6e001ab570f92aa,2021-05,Durham Constabulary,Durham Constabulary,-1.556334,54.530069,On or near North Lodge Terrace,E01012354,Darlington 008C,Drugs,Further action is not in the public interest,
dbe13181c003cc58028e2578a859e4480ad6c3e1f06e02387ef13ea0cbf47cac,2021-05,Durham Constabulary,Durham Constabulary,-1.556334,54.530069,On or near North Lodge Terrace,E01012354,Darlington 008C,Drugs,Further action is not in the public interest,
314870e968acbc8c6b6877ec11636506b78e51caf533c2da1ec0adae4a678908,2021-05,Durham Constabulary,Durham Constabulary,-1.553834,54.534059,On or near Arthur Street,E01012354,Darlington 008C,Possession of weapons,Unable to prosecute suspect,
a1d016981bba8eb996d3741bf5f6e95beb538c62e8bfe8c53e3030207be396b9,2021-05,Durham Constabulary,Durham Constabulary,-1.556002,54.532188,On or near Wilkes Street,E01012354,Darlington 008C,Public order,Unable to prosecute suspect,
e0ab3fdfb39a95e1b87d04f5e00627274bd1aac1f5f9927e81fd0335ffcd5eab,2021-05,Durham Constabulary,Durham Constabulary,-1.553874,54.533205,On or near Marburn Place,E01012354,Darlington 008C,Public order,Unable to prosecute suspect,
416969592c38be4ba368ab704c92dc22b70306576b32b0895858aabc0f7855c7,2021-05,Durham Constabulary,Durham Constabulary,-1.558000,54.530353,On or near Easson Road,E01012354,Darlington 008C,Public order,Unable to prosecute suspect,
218d1c451efc97deb0fa0cdfc3a8dd965fcfba676cf0b402d013219d1b6286e4,2021-05,Durham Constabulary,Durham Constabulary,-1.553197,54.532924,On or near Petrol Station,E01012354,Darlington 008C,Public order,Court result unavailable,
f48d71367293948bce1ecda25820b1c6bd7ae8f2c0c88d81b900c71bf1537d6c,2021-05,Durham Constabulary,Durham Constabulary,-1.556334,54.530069,On or near North Lodge Terrace,E01012354,Darlington 008C,Robbery,Investigation complete; no suspect identified,
94dc342c500f4d25e37b14a633789b4b990e7366542239cff721ec0b5282990e,2021-05,Durham Constabulary,Durham Constabulary,-1.558000,54.530353,On or near Easson Road,E01012354,Darlington 008C,Vehicle crime,Investigation complete; no suspect identified,
8a2bf42659cd292073bf1c1f4952d60d5031382435fb11d0dc982001640545cb,2021-05,Durham Constabulary,Durham Constabulary,-1.553874,54.533205,On or near Marburn Place,E01012354,Darlington 008C,Vehicle crime,Court result unavailable,
44a349361ca90fe60c19bb722a614032713fc2ae95b67f96c0614f7b85b8ddd5,2021-05,Durham Constabulary,Durham Constabulary,-1.552485,54.531600,On or near High Northgate,E01012354,Darlington 008C,Vehicle crime,Investigation complete; no suspect identified,
e7f4838760530236f5d760d89082a31731c190857be318ae28da3e2ff146431a,2021-05,Durham Constabulary,Durham Constabulary,-1.553844,54.534544,On or near Stephenson Street,E01012354,Darlington 008C,Violence and sexual offences,Unable to prosecute suspect,
a3923c23fad01e06c0e64e060d01e7963ad12c7efad2ebd16fdfbdfbe32bc806,2021-05,Durham Constabulary,Durham Constabulary,-1.556687,54.531760,On or near Corporation Road,E01012354,Darlington 008C,Violence and sexual offences,Formal action is not in the public interest,
7e37efbb63a8e8557c5129a0b2e2267cd1c50f38d20d69d30198ef6694b7cda5,2021-05,Durham Constabulary,Durham Constabulary,-1.557228,54.530333,On or near Thornton Street,E01012354,Darlington 008C,Violence and sexual offences,Unable to prosecute suspect,
32ab03e285e515f6e58cd66e68952a2bc129813fda99609fb8855040e7f42ddb,2021-05,Durham Constabulary,Durham Constabulary,-1.553197,54.532924,On or near Petrol Station,E01012354,Darlington 008C,Violence and sexual offences,Court result unavailable,
40cff94ff2f8ad71c893261608d1a9ca6d92827a3a8863df01db8747aa9cbc3d,2021-05,Durham Constabulary,Durham Constabulary,-1.556687,54.531760,On or near Corporation Road,E01012354,Darlington 008C,Violence and sexual offences,Investigation complete; no suspect identified,
773ace761ab1f3e7bcfb60cd15d3e86eb592acf61c582e1000ef44e7cfbf0d01,2021-05,Durham Constabulary,Durham Constabulary,-1.556687,54.531760,On or near Corporation Road,E01012354,Darlington 008C,Violence and sexual offences,Formal action is not in the public interest,
9549806f78a6ec1e69a7a69197d19d0478bc3a3d1684c70c26e7573460aefb08,2021-05,Durham Constabulary,Durham Constabulary,-1.556687,54.531760,On or near Corporation Road,E01012354,Darlington 008C,Violence and sexual offences,Unable to prosecute suspect,
0b17d6dd8eb4204bc787a81bc724f1e6ba08e5ae1cd91d75c6041b90907666ad,2021-05,Durham Constabulary,Durham Constabulary,-1.553841,54.534814,On or near Mcnay Street,E01012354,Darlington 008C,Violence and sexual offences,Unable to prosecute suspect,
524fcdb9c372e1cb9abbf2611998bbd3ba98dfcf50ebf01f41018f08fd379f65,2021-05,Durham Constabulary,Durham Constabulary,-1.552485,54.531600,On or near High Northgate,E01012354,Darlington 008C,Violence and sexual offences,Action to be taken by another organisation,
8764a3d60fc00366d35a8b6ef23d279555a5cc5ee1e2dfbf254a16a88b0b3a3c,2021-05,Durham Constabulary,Durham Constabulary,-1.553841,54.534814,On or near Mcnay Street,E01012354,Darlington 008C,Violence and sexual offences,Unable to prosecute suspect,
657c1ccd13994483c6887c0ac5c49b9c0a9978084285700f3e61e66618647d55,2021-05,Durham Constabulary,Durham Constabulary,-1.556687,54.531760,On or near Corporation Road,E01012354,Darlington 008C,Violence and sexual offences,Investigation complete; no suspect identified,
0a4905fbd01f2ecd0e0c66ed9b09d6fc7d769dec3032218c7c1be2fbb9703c89,2021-05,Durham Constabulary,Durham Constabulary,-1.556687,54.531760,On or near Corporation Road,E01012354,Darlington 008C,Violence and sexual offences,Unable to prosecute suspect,
66f47b0318d9905f277ac89c5031db8f06c505ed6235fdba89d3b483964a03ed,2021-05,Durham Constabulary,Durham Constabulary,-1.556687,54.531760,On or near Corporation Road,E01012354,Darlington 008C,Violence and sexual offences,Formal action is not in the public interest,
79b174c55f950b86fd6ad7b024d412aaccd35d71d51eb0f4a5444c96f93127f0,2021-05,Durham Constabulary,Durham Constabulary,-1.556687,54.531760,On or near Corporation Road,E01012354,Darlington 008C,Violence and sexual offences,Unable to prosecute suspect,
a02fcaf5f6df6aa8965cd23a546f96f292c62a82934ee2ab7263abbe1c1f4ba7,2021-05,Durham Constabulary,Durham Constabulary,-1.554389,54.531356,On or near Elmfield Street,E01012354,Darlington 008C,Violence and sexual offences,Investigation complete; no suspect identified,
01afde129ae86a1a39f0bbd0d17b7e16b1494dab98e89a7c010f543abf04c30c,2021-05,Durham Constabulary,Durham Constabulary,-1.553834,54.534059,On or near Arthur Street,E01012354,Darlington 008C,Violence and sexual offences,Unable to prosecute suspect,
e290dc0aa3a3e7a0497276d65419e4bdc2c8e2c31bf75b6e512110ffd11758b7,2021-05,Durham Constabulary,Durham Constabulary,-1.556334,54.530069,On or near North Lodge Terrace,E01012354,Darlington 008C,Violence and sexual offences,Unable to prosecute suspect,
85ed365f1f67aaaf2be99051ae4b0db53cf9f9cc433f9ac12d65f731dba4d090,2021-05,Durham Constabulary,Durham Constabulary,-1.553874,54.533205,On or near Marburn Place,E01012354,Darlington 008C,Violence and sexual offences,Investigation complete; no suspect identified,
182df50c54d5beb93445db7644d54caabcfaaa1535329215bc0929f882398a7c,2021-05,Durham Constabulary,Durham Constabulary,-1.556687,54.531760,On or near Corporation Road,E01012354,Darlington 008C,Violence and sexual offences,Formal action is not in the public interest,
3ff188a6ef2bbb768af59710bb013293522c384ac0f2612a1e7d62334a2a619b,2021-05,Durham Constabulary,Durham Constabulary,-1.556687,54.531760,On or near Corporation Road,E01012354,Darlington 008C,Violence and sexual offences,Formal action is not in the public interest,
a787bc1d1ee172d38ad9e32fba52ecb06efb1d211c3751f901f3eb741c63f444,2021-05,Durham Constabulary,Durham Constabulary,-1.556687,54.531760,On or near Corporation Road,E01012354,Darlington 008C,Violence and sexual offences,Formal action is not in the public interest,
ea43a508df86c540b64baebc64113880f391cc9d60f77c293a6cca8354d12544,2021-05,Durham Constabulary,Durham Constabulary,-1.554389,54.531356,On or near Elmfield Street,E01012354,Darlington 008C,Violence and sexual offences,Unable to prosecute suspect,
,2021-05,Durham Constabulary,Durham Constabulary,-1.560142,54.530882,On or near Chelmsford Street,E01012355,Darlington 008D,Anti-social behaviour,,
,2021-05,Durham Constabulary,Durham Constabulary,-1.565752,54.532260,On or near Hollyhurst Road,E01012355,Darlington 008D,Anti-social behaviour,,
,2021-05,Durham Constabulary,Durham Constabulary,-1.565752,54.532260,On or near Hollyhurst Road,E01012355,Darlington 008D,Anti-social behaviour,,
,2021-05,Durham Constabulary,Durham Constabulary,-1.563209,54.528737,On or near Elms Road,E01012355,Darlington 008D,Anti-social behaviour,,
2e9a98a7fb8f82605e60c73360f823394e2b6f719d27109bef10517afa2fa34d,2021-05,Durham Constabulary,Durham Constabulary,-1.559308,54.529469,On or near Selbourne Terrace,E01012355,Darlington 008D,Bicycle theft,Investigation complete; no suspect identified,
5a5129b6b4213ee7957066932336d51a7fa35d5e4e079e5a7d68d01cfebf43f6,2021-05,Durham Constabulary,Durham Constabulary,-1.558537,54.529295,On or near Lowe Street,E01012355,Darlington 008D,Burglary,Local resolution,
76235451c2b419153a097bcd22f713c1d3276beaadc46bb20ee714c5b764db87,2021-05,Durham Constabulary,Durham Constabulary,-1.558963,54.527050,On or near Woodland Road,E01012355,Darlington 008D,Criminal damage and arson,Unable to prosecute suspect,
d70657e165583dcc7ed448b37ed840032befcd4d6b1356b32b52631df066f43f,2021-05,Durham Constabulary,Durham Constabulary,-1.558749,54.529682,On or near Forster Street,E01012355,Darlington 008D,Criminal damage and arson,Investigation complete; no suspect identified,
2a3a2698913103cf7f1c39f47dd1cf6c28439dd34f59b4a2a38373fcd74c6657,2021-05,Durham Constabulary,Durham Constabulary,-1.561523,54.530420,On or near Greenbank Road,E01012355,Darlington 008D,Criminal damage and arson,Offender given a caution,
0c7d1c67887ae1f8bc12d86562a423b04fedcfb0f9870e1b8ebb972e88956289,2021-05,Durham Constabulary,Durham Constabulary,-1.559630,54.528247,On or near Greenbank Road,E01012355,Darlington 008D,Criminal damage and arson,Status update unavailable,
34442eedadede1b56001f32d2cb061d20ed056078077fce612421622c87ea0b9,2021-05,Durham Constabulary,Durham Constabulary,-1.558537,54.529295,On or near Lowe Street,E01012355,Darlington 008D,Criminal damage and arson,Investigation complete; no suspect identified,
ac21d4a9c1fc984fad6b6a69cc3fac35333838a3a1f256db18297ae94e5532ec,2021-05,Durham Constabulary,Durham Constabulary,-1.559208,54.530106,On or near Dodds Street,E01012355,Darlington 008D,Criminal damage and arson,Investigation complete; no suspect identified,
d81cbbaa001b36dd83f2a10f2067373bc724413d8229d5f65f7353b6837d6a6d,2021-05,Durham Constabulary,Durham Constabulary,-1.560142,54.530882,On or near Chelmsford Street,E01012355,Darlington 008D,Criminal damage and arson,Investigation complete; no suspect identified,
210fd2e6fca0552fa930baf47207ad9b99424a4f54120dacf6fab46b4355d28b,2021-05,Durham Constabulary,Durham Constabulary,-1.560142,54.530882,On or near Chelmsford Street,E01012355,Darlington 008D,Criminal damage and arson,Investigation complete; no suspect identified,
bead254b84b64ff3e5b6a6a4b2fb2439744d45c3169021ce7b33acf76ba60b3b,2021-05,Durham Constabulary,Durham Constabulary,-1.558963,54.527050,On or near Woodland Road,E01012355,Darlington 008D,Other theft,Court result unavailable,
c6b299699430ec8fe55aff067a5f21d33a35527a85b96083105cd193cb4ac655,2021-05,Durham Constabulary,Durham Constabulary,-1.561523,54.530420,On or near Greenbank Road,E01012355,Darlington 008D,Public order,Unable to prosecute suspect,
15a33d0847dbbb978f627f147738f00e8a0c9540fd6f2a5e7cf0365d0c7cc47b,2021-05,Durham Constabulary,Durham Constabulary,-1.565752,54.532260,On or near Hollyhurst Road,E01012355,Darlington 008D,Public order,Unable to prosecute suspect,
a59452c23a726e71ea5a822cf4df99eb0a46e9c9b332ed6cb8ad49c0bcaf35fe,2021-05,Durham Constabulary,Durham Constabulary,-1.559208,54.530106,On or near Dodds Street,E01012355,Darlington 008D,Public order,Investigation complete; no suspect identified,
bc0b83a600ac94cadf62ab8c934b774af8d2b63c8d47404f4460537f994cfcd2,2021-05,Durham Constabulary,Durham Constabulary,-1.560142,54.530882,On or near Chelmsford Street,E01012355,Darlington 008D,Public order,Investigation complete; no suspect identified,
76022a084847ad696d2f936d2fdd9afe1c6738361c9843d27df8cba66d882550,2021-05,Durham Constabulary,Durham Constabulary,-1.565752,54.532260,On or near Hollyhurst Road,E01012355,Darlington 008D,Public order,Court result unavailable,
2341511a884a90b536e553f0c646d1862ba09fadb31423b317c69fa31b7574be,2021-05,Durham Constabulary,Durham Constabulary,-1.560142,54.530882,On or near Chelmsford Street,E01012355,Darlington 008D,Public order,Further investigation is not in the public interest,
44d7dee78c352763916ad8b639aadbe3e3b162dd993a9a9d2d5b8c5abefc81f6,2021-05,Durham Constabulary,Durham Constabulary,-1.565752,54.532260,On or near Hollyhurst Road,E01012355,Darlington 008D,Public order,Unable to prosecute suspect,
fe79f11d2c3a21fa4b03f48e532ef95ef7e3c46187878d3de4a4e8fc49d07436,2021-05,Durham Constabulary,Durham Constabulary,-1.558537,54.529295,On or near Lowe Street,E01012355,Darlington 008D,Vehicle crime,Unable to prosecute suspect,
f309de7d5acd83fc06ecea04c10be5f2b476ee420bc0f30b63201fe6bdfb701d,2021-05,Durham Constabulary,Durham Constabulary,-1.560142,54.530882,On or near Chelmsford Street,E01012355,Darlington 008D,Violence and sexual offences,Investigation complete; no suspect identified,
bd73fc0b6ae83997eabb4e763edb06b11f50537de1aa7674a664ad0c84034bc8,2021-05,Durham Constabulary,Durham Constabulary,-1.558963,54.527050,On or near Woodland Road,E01012355,Darlington 008D,Violence and sexual offences,Unable to prosecute suspect,
0b981a54e1304cea1a09381e92433da5d0835a3c815962274b2da6957126f950,2021-05,Durham Constabulary,Durham Constabulary,-1.559208,54.530106,On or near Dodds Street,E01012355,Darlington 008D,Violence and sexual offences,Status update unavailable,
8a18fbb21f5b2590b77fae240fffd638c7d78bf390df1554c260cee59ac0979b,2021-05,Durham Constabulary,Durham Constabulary,-1.560142,54.530882,On or near Chelmsford Street,E01012355,Darlington 008D,Violence and sexual offences,Unable to prosecute suspect,
8fae2b380030af594f1d4b2d7802c4d25e49da1e25978655814cba7d49a62b8e,2021-05,Durham Constabulary,Durham Constabulary,-1.565752,54.532260,On or near Hollyhurst Road,E01012355,Darlington 008D,Violence and sexual offences,Further investigation is not in the public interest,
c08a9c054875f15b9901979157e8bef6de5bb18f122038472d347fd0fb1fbd5c,2021-05,Durham Constabulary,Durham Constabulary,-1.559208,54.530106,On or near Dodds Street,E01012355,Darlington 008D,Violence and sexual offences,Unable to prosecute suspect,
9a1d18e90da4aaedc8412d3b2170def4187260fc0ecd5b96dc80d831c3216c42,2021-05,Durham Constabulary,Durham Constabulary,-1.563209,54.528737,On or near Elms Road,E01012355,Darlington 008D,Violence and sexual offences,Unable to prosecute suspect,
13953d90fa0158da4e1e8fc752738b8d46f23b7c9601defa7a814391104d0c06,2021-05,Durham Constabulary,Durham Constabulary,-1.559208,54.530106,On or near Dodds Street,E01012355,Darlington 008D,Violence and sexual offences,Unable to prosecute suspect,
f2872eace12670ffd8e3dcba3ec4aceddff16c1cbc2d46499d4a0ae0d7ec302f,2021-05,Durham Constabulary,Durham Constabulary,-1.558537,54.529295,On or near Lowe Street,E01012355,Darlington 008D,Violence and sexual offences,Unable to prosecute suspect,
b16d00556c3ae79faa0ff051a3f98242838238c51f26d57ab405eba2b77c9f18,2021-05,Durham Constabulary,Durham Constabulary,-1.559630,54.528247,On or near Greenbank Road,E01012355,Darlington 008D,Violence and sexual offences,Court result unavailable,
751dd501e3f3f30a9aed1e8d70c0be909aacf53c312ea863ee16a08cb872ab28,2021-05,Durham Constabulary,Durham Constabulary,-1.559630,54.528247,On or near Greenbank Road,E01012355,Darlington 008D,Violence and sexual offences,Unable to prosecute suspect,
cd37ca6705f05bf64367065fb357a42c3d3539a2253bba84f0944351c8ac5e17,2021-05,Durham Constabulary,Durham Constabulary,-1.558963,54.527050,On or near Woodland Road,E01012355,Darlington 008D,Violence and sexual offences,Unable to prosecute suspect,
,2021-05,Durham Constabulary,Durham Constabulary,-1.547071,54.522378,On or near Pensbury Street,E01033483,Darlington 008E,Anti-social behaviour,,
,2021-05,Durham Constabulary,Durham Constabulary,-1.547133,54.525101,On or near Sanderson Street,E01033483,Darlington 008E,Anti-social behaviour,,
,2021-05,Durham Constabulary,Durham Constabulary,-1.552440,54.528652,On or near Weaver'S Way,E01033483,Darlington 008E,Anti-social behaviour,,
,2021-05,Durham Constabulary,Durham Constabulary,-1.548696,54.526293,On or near Brunswick Street North,E01033483,Darlington 008E,Anti-social behaviour,,
,2021-05,Durham Constabulary,Durham Constabulary,-1.551711,54.531759,On or near Leadenhall Street,E01033483,Darlington 008E,Anti-social behaviour,,
,2021-05,Durham Constabulary,Durham Constabulary,-1.547071,54.522378,On or near Pensbury Street,E01033483,Darlington 008E,Anti-social behaviour,,
818c4e7c1900f0f04ad9d18a9a50fa9236d7f104707caca1b80c3759b515ed2c,2021-05,Durham Constabulary,Durham Constabulary,-1.546036,54.534866,On or near Cleveland Street,E01033483,Darlington 008E,Burglary,Court result unavailable,
5dbc6d9b366fbfd0410d8191e46a82debe36fcf1e96c71d325be11a7af3bd9c6,2021-05,Durham Constabulary,Durham Constabulary,-1.546036,54.534866,On or near Cleveland Street,E01033483,Darlington 008E,Burglary,Investigation complete; no suspect identified,
81c604206cea396283870d16d6ad2d648268b68bd2930d0b3783f32b4a5707fc,2021-05,Durham Constabulary,Durham Constabulary,-1.547939,54.523513,On or near Hird Street,E01033483,Darlington 008E,Burglary,Investigation complete; no suspect identified,
37079ac194cece14943ba35abe576964bb4ce869fda159b4a856da2e20b57035,2021-05,Durham Constabulary,Durham Constabulary,-1.548484,54.524513,On or near Theatre/Concert Hall,E01033483,Darlington 008E,Criminal damage and arson,Court result unavailable,
c5aef280e52c6c61112b96c3a22c2988aa3ae56467be09b37d7aa390efe04d7f,2021-05,Durham Constabulary,Durham Constabulary,-1.547894,54.527539,On or near Upper Russell Street,E01033483,Darlington 008E,Criminal damage and arson,Unable to prosecute suspect,
1568c6562364dade2ad8887d534e21221db707677e11d43d0abe8beebc65e198,2021-05,Durham Constabulary,Durham Constabulary,-1.546531,54.523661,On or near North Eastern Terrace,E01033483,Darlington 008E,Criminal damage and arson,Unable to prosecute suspect,
54606800b987e24d80439da783be27542150a6e4f779a3e1cdd5912ed817c8c2,2021-05,Durham Constabulary,Durham Constabulary,-1.548484,54.524513,On or near Theatre/Concert Hall,E01033483,Darlington 008E,Criminal damage and arson,Unable to prosecute suspect,
2d0f321144b9d97f439603eeeea88d44055f2d7d4d4bbc02028608b763262cfe,2021-05,Durham Constabulary,Durham Constabulary,-1.548696,54.526293,On or near Brunswick Street North,E01033483,Darlington 008E,Criminal damage and arson,Unable to prosecute suspect,
ce42186435328c6d77920603785be5b4d6305b3b43bf2320ad4f92715051853d,2021-05,Durham Constabulary,Durham Constabulary,-1.547190,54.525604,On or near Middleton Street,E01033483,Darlington 008E,Criminal damage and arson,Court result unavailable,
300b5657cc5134b9050c66b0bded1f8445a7df346355c61a3df63e20d93d3435,2021-05,Durham Constabulary,Durham Constabulary,-1.548271,54.528376,On or near Lodge Street,E01033483,Darlington 008E,Drugs,Status update unavailable,
66128a66bd75ef2b3c6d267a8ceae31ce2690e8fdca61469db90163e2ea5a408,2021-05,Durham Constabulary,Durham Constabulary,-1.547894,54.527539,On or near Upper Russell Street,E01033483,Darlington 008E,Drugs,Further investigation is not in the public interest,
632a6ef96b2434025d34f387d0323c5993779467ba0ddbb0e552d9e54a2043d8,2021-05,Durham Constabulary,Durham Constabulary,-1.548484,54.524513,On or near Theatre/Concert Hall,E01033483,Darlington 008E,Drugs,Court result unavailable,
b3897700b225c584cf1d135df0106024d3a3de016f2ffa38259237a6c3913cd3,2021-05,Durham Constabulary,Durham Constabulary,-1.548484,54.524513,On or near Theatre/Concert Hall,E01033483,Darlington 008E,Drugs,Court result unavailable,
23821fae493dbe0e3492b8f53fb5dd83782028cd9160968d5936e2de68cb886c,2021-05,Durham Constabulary,Durham Constabulary,-1.551842,54.531050,On or near Wooler Street,E01033483,Darlington 008E,Other theft,Unable to prosecute suspect,
2c2e0167e7ef75d144d3af3144bd721de49d9a42d93ec3be91f02da3a11dfcdd,2021-05,Durham Constabulary,Durham Constabulary,-1.548696,54.526293,On or near Brunswick Street North,E01033483,Darlington 008E,Other theft,Investigation complete; no suspect identified,
584d81fdc3c8dc70a4fb109d3f31489e63bde71eb277a22eb394114924cb3029,2021-05,Durham Constabulary,Durham Constabulary,-1.552878,54.528151,On or near Pedestrian Subway,E01033483,Darlington 008E,Public order,Investigation complete; no suspect identified,
3d6ddd12fede59b848e9153c599e2ff4c2ef1d76b28350f375f0d82fb7373659,2021-05,Durham Constabulary,Durham Constabulary,-1.547190,54.525604,On or near Middleton Street,E01033483,Darlington 008E,Public order,Unable to prosecute suspect,
12b51c2258cf485db871cbadb5eca660aed095a5f7a90739f566f845f4cd542f,2021-05,Durham Constabulary,Durham Constabulary,-1.550117,54.527736,On or near Russell Street,E01033483,Darlington 008E,Public order,Investigation complete; no suspect identified,
c8cc96e4fbdceb3051e264bb8d83f1914fd1f45df9215aa904cec7bd5eeae792,2021-05,Durham Constabulary,Durham Constabulary,-1.547190,54.525604,On or near Middleton Street,E01033483,Darlington 008E,Theft from the person,Unable to prosecute suspect,
c7996149b5ec6685e031b77fc73922a4a55511a50bbb8d15994c1b57cad73b1a,2021-05,Durham Constabulary,Durham Constabulary,-1.547190,54.525604,On or near Middleton Street,E01033483,Darlington 008E,Violence and sexual offences,Unable to prosecute suspect,
fdec39f67b5bed6598f7f60aec84590126fb7951481b626fc5fbe0f978f461ab,2021-05,Durham Constabulary,Durham Constabulary,-1.550117,54.527736,On or near Russell Street,E01033483,Darlington 008E,Violence and sexual offences,Unable to prosecute suspect,
dde8bfaeddfc8e62a8677d77e49422135e8e1a5515f94ba46d911c90fb112941,2021-05,Durham Constabulary,Durham Constabulary,-1.546531,54.523661,On or near North Eastern Terrace,E01033483,Darlington 008E,Violence and sexual offences,Unable to prosecute suspect,
1f56b971adf693406effdf3e33f57cb552a1f6f2c8bd98a79eb3c1ef6f4b31c5,2021-05,Durham Constabulary,Durham Constabulary,-1.546000,54.522796,On or near Parking Area,E01033483,Darlington 008E,Violence and sexual offences,Unable to prosecute suspect,
31d1b49f6f55d45ef55ef9abcf596c5b1fb3387fa6903f2550c1edfa65f6d322,2021-05,Durham Constabulary,Durham Constabulary,-1.548484,54.524513,On or near Theatre/Concert Hall,E01033483,Darlington 008E,Violence and sexual offences,Unable to prosecute suspect,
7384625cb96e5346267b7030599e803ef24a8d9f1bf6e5dbb69f2fead4b8fcd5,2021-05,Durham Constabulary,Durham Constabulary,-1.546000,54.522796,On or near Parking Area,E01033483,Darlington 008E,Violence and sexual offences,Status update unavailable,
f987e75565c7dfdc14b4811cdd0d76ca300d785f9cb9f56bad69608eb1c9bcfe,2021-05,Durham Constabulary,Durham Constabulary,-1.546000,54.522796,On or near Parking Area,E01033483,Darlington 008E,Violence and sexual offences,Unable to prosecute suspect,
321752ca02d14c2441f5ed503035a9a2ad065d79d4ffdae94d1138ef09969f36,2021-05,Durham Constabulary,Durham Constabulary,-1.546954,54.524588,On or near Melland Street,E01033483,Darlington 008E,Violence and sexual offences,Unable to prosecute suspect,
f4d4acfb5c1d0a304542ac51f955a2fc2bd0963ef8b1fdf4ef444fa68d01b698,2021-05,Durham Constabulary,Durham Constabulary,-1.547873,54.522506,On or near Hargreave Terrace,E01033483,Darlington 008E,Violence and sexual offences,Unable to prosecute suspect,
4225b5dd9fd7ce100de182dd5a5abc4b1424193cbe84c38d9801ab183c9e8078,2021-05,Durham Constabulary,Durham Constabulary,-1.547808,54.524196,On or near Parkgate,E01033483,Darlington 008E,Violence and sexual offences,Investigation complete; no suspect identified,
257b4f132fa43fe03cd723f577dd997634a170a27da0c4f502cdd18a353a6e5a,2021-05,Durham Constabulary,Durham Constabulary,-1.548484,54.524513,On or near Theatre/Concert Hall,E01033483,Darlington 008E,Violence and sexual offences,Court result unavailable,
2faac6c1a4b8584ee81c740ee4cb4c9ab44fdf62316139be591f3a86309788a2,2021-05,Durham Constabulary,Durham Constabulary,-1.547190,54.525604,On or near Middleton Street,E01033483,Darlington 008E,Violence and sexual offences,Unable to prosecute suspect,
,2021-05,Durham Constabulary,Durham Constabulary,-1.553579,54.523390,On or near Feethams,E01033484,Darlington 008F,Anti-social behaviour,,
,2021-05,Durham Constabulary,Durham Constabulary,-1.553525,54.522752,On or near Bus/Coach Station,E01033484,Darlington 008F,Anti-social behaviour,,
,2021-05,Durham Constabulary,Durham Constabulary,-1.556382,54.525683,On or near Parking Area,E01033484,Darlington 008F,Anti-social behaviour,,
,2021-05,Durham Constabulary,Durham Constabulary,-1.555164,54.526811,On or near Supermarket,E01033484,Darlington 008F,Anti-social behaviour,,
,2021-05,Durham Constabulary,Durham Constabulary,-1.560230,54.527072,On or near Portland Place,E01033484,Darlington 008F,Anti-social behaviour,,
,2021-05,Durham Constabulary,Durham Constabulary,-1.558489,54.525170,On or near Raby Terrace,E01033484,Darlington 008F,Anti-social behaviour,,
,2021-05,Durham Constabulary,Durham Constabulary,-1.553749,54.524856,On or near Tubwell Row,E01033484,Darlington 008F,Anti-social behaviour,,
,2021-05,Durham Constabulary,Durham Constabulary,-1.553525,54.522752,On or near Bus/Coach Station,E01033484,Darlington 008F,Anti-social behaviour,,
,2021-05,Durham Constabulary,Durham Constabulary,-1.553737,54.524532,On or near Church Row,E01033484,Darlington 008F,Anti-social behaviour,,
,2021-05,Durham Constabulary,Durham Constabulary,-1.561746,54.525397,On or near Duke Street,E01033484,Darlington 008F,Anti-social behaviour,,
,2021-05,Durham Constabulary,Durham Constabulary,-1.553525,54.522752,On or near Bus/Coach Station,E01033484,Darlington 008F,Anti-social behaviour,,
,2021-05,Durham Constabulary,Durham Constabulary,-1.554221,54.525469,On or near Shopping Area,E01033484,Darlington 008F,Anti-social behaviour,,
,2021-05,Durham Constabulary,Durham Constabulary,-1.561746,54.525397,On or near Duke Street,E01033484,Darlington 008F,Anti-social behaviour,,
,2021-05,Durham Constabulary,Durham Constabulary,-1.561746,54.525397,On or near Duke Street,E01033484,Darlington 008F,Anti-social behaviour,,
,2021-05,Durham Constabulary,Durham Constabulary,-1.552924,54.526776,On or near Quebec Street,E01033484,Darlington 008F,Anti-social behaviour,,
,2021-05,Durham Constabulary,Durham Constabulary,-1.561746,54.525397,On or near Duke Street,E01033484,Darlington 008F,Anti-social behaviour,,
,2021-05,Durham Constabulary,Durham Constabulary,-1.558489,54.525170,On or near Raby Terrace,E01033484,Darlington 008F,Anti-social behaviour,,
,2021-05,Durham Constabulary,Durham Constabulary,-1.553737,54.524532,On or near Church Row,E01033484,Darlington 008F,Anti-social behaviour,,
,2021-05,Durham Constabulary,Durham Constabulary,-1.555737,54.523919,On or near Shopping Area,E01033484,Darlington 008F,Anti-social behaviour,,
,2021-05,Durham Constabulary,Durham Constabulary,-1.555737,54.523919,On or near Shopping Area,E01033484,Darlington 008F,Anti-social behaviour,,
,2021-05,Durham Constabulary,Durham Constabulary,-1.559095,54.523402,On or near Coniscliffe Road,E01033484,Darlington 008F,Anti-social behaviour,,
,2021-05,Durham Constabulary,Durham Constabulary,-1.554747,54.522559,On or near Beaumont Street,E01033484,Darlington 008F,Anti-social behaviour,,
,2021-05,Durham Constabulary,Durham Constabulary,-1.561746,54.525397,On or near Duke Street,E01033484,Darlington 008F,Anti-social behaviour,,
,2021-05,Durham Constabulary,Durham Constabulary,-1.554525,54.524535,On or near East Row,E01033484,Darlington 008F,Anti-social behaviour,,
,2021-05,Durham Constabulary,Durham Constabulary,-1.558111,54.522967,On or near Grange Road,E01033484,Darlington 008F,Anti-social behaviour,,
,2021-05,Durham Constabulary,Durham Constabulary,-1.558489,54.525170,On or near Raby Terrace,E01033484,Darlington 008F,Anti-social behaviour,,
,2021-05,Durham Constabulary,Durham Constabulary,-1.555571,54.523532,On or near Houndgate,E01033484,Darlington 008F,Anti-social behaviour,,
,2021-05,Durham Constabulary,Durham Constabulary,-1.561746,54.525397,On or near Duke Street,E01033484,Darlington 008F,Anti-social behaviour,,
,2021-05,Durham Constabulary,Durham Constabulary,-1.553525,54.522752,On or near Bus/Coach Station,E01033484,Darlington 008F,Anti-social behaviour,,
,2021-05,Durham Constabulary,Durham Constabulary,-1.561530,54.526798,On or near Outram Court,E01033484,Darlington 008F,Anti-social behaviour,,
,2021-05,Durham Constabulary,Durham Constabulary,-1.552947,54.527567,On or near Shopping Area,E01033484,Darlington 008F,Anti-social behaviour,,
,2021-05,Durham Constabulary,Durham Constabulary,-1.562646,54.527962,On or near Woodland Road,E01033484,Darlington 008F,Anti-social behaviour,,
,2021-05,Durham Constabulary,Durham Constabulary,-1.554747,54.522559,On or near Beaumont Street,E01033484,Darlington 008F,Anti-social behaviour,,
,2021-05,Durham Constabulary,Durham Constabulary,-1.554747,54.522559,On or near Beaumont Street,E01033484,Darlington 008F,Anti-social behaviour,,
,2021-05,Durham Constabulary,Durham Constabulary,-1.553525,54.522752,On or near Bus/Coach Station,E01033484,Darlington 008F,Anti-social behaviour,,
,2021-05,Durham Constabulary,Durham Constabulary,-1.561746,54.525397,On or near Duke Street,E01033484,Darlington 008F,Anti-social behaviour,,
,2021-05,Durham Constabulary,Durham Constabulary,-1.554747,54.522559,On or near Beaumont Street,E01033484,Darlington 008F,Anti-social behaviour,,
,2021-05,Durham Constabulary,Durham Constabulary,-1.561950,54.526566,On or near Outram Street,E01033484,Darlington 008F,Anti-social behaviour,,
,2021-05,Durham Constabulary,Durham Constabulary,-1.553525,54.522752,On or near Bus/Coach Station,E01033484,Darlington 008F,Anti-social behaviour,,
,2021-05,Durham Constabulary,Durham Constabulary,-1.561746,54.525397,On or near Duke Street,E01033484,Darlington 008F,Anti-social behaviour,,
83efd5edd5ebc696cb070b8cebc041bf011cc81677b8423bc63dacffb77a5552,2021-05,Durham Constabulary,Durham Constabulary,-1.556382,54.525683,On or near Parking Area,E01033484,Darlington 008F,Bicycle theft,Investigation complete; no suspect identified,
6b4fd9f156258187c64eae62cbbfb40a190b31c6b1b3b5ab3a32feb50065d7e5,2021-05,Durham Constabulary,Durham Constabulary,-1.553749,54.524856,On or near Tubwell Row,E01033484,Darlington 008F,Bicycle theft,Investigation complete; no suspect identified,
92e94edd6ec7d3906a0caf6a9b61bf6227e512723833c8195a850ffe0972b426,2021-05,Durham Constabulary,Durham Constabulary,-1.559635,54.524922,On or near East Raby Street,E01033484,Darlington 008F,Bicycle theft,Investigation complete; no suspect identified,
ead982c2fa83810ee5edcec122363f3a55db0179fdc90958c12fd2c85ac7b281,2021-05,Durham Constabulary,Durham Constabulary,-1.558312,54.522958,On or near Shopping Area,E01033484,Darlington 008F,Burglary,Investigation complete; no suspect identified,
ff6f0888ecb05bb00e983a93bbca314276fab6cc298a690a22f890a9a71ce3a3,2021-05,Durham Constabulary,Durham Constabulary,-1.562646,54.527962,On or near Woodland Road,E01033484,Darlington 008F,Burglary,Investigation complete; no suspect identified,
1c8c2f1d25270ed7aa86f410ae70c60eee8c77c29261e7699e33e23352299137,2021-05,Durham Constabulary,Durham Constabulary,-1.561489,54.524884,On or near Raby Street,E01033484,Darlington 008F,Criminal damage and arson,Investigation complete; no suspect identified,
6f7a05248de1f01b353e40bdf782fafd0280e7431302c1020a7d98ab30face54,2021-05,Durham Constabulary,Durham Constabulary,-1.551446,54.524937,On or near Stonebridge,E01033484,Darlington 008F,Criminal damage and arson,Investigation complete; no suspect identified,
c24163027aa69447ecd193da658904a8bbfbb5720d172c1c9994e073b43d2462,2021-05,Durham Constabulary,Durham Constabulary,-1.560230,54.527072,On or near Portland Place,E01033484,Darlington 008F,Criminal damage and arson,Investigation complete; no suspect identified,
396b7dabea294a63b7e7d01bdc144216a75d9b6f2da2528522f6b20ad9dcc8ec,2021-05,Durham Constabulary,Durham Constabulary,-1.553525,54.522752,On or near Bus/Coach Station,E01033484,Darlington 008F,Criminal damage and arson,Court result unavailable,
f96f170296f55eb090c8f547b927c15349d666b572bb4310603ce0e906b549b4,2021-05,Durham Constabulary,Durham Constabulary,-1.555711,54.522050,On or near Victoria Road,E01033484,Darlington 008F,Criminal damage and arson,Further action is not in the public interest,
17e777fa4dc9bd6b1e37e30581c9d65bc80e21568376c36a13e4acc3d36f8a3c,2021-05,Durham Constabulary,Durham Constabulary,-1.553737,54.524532,On or near Church Row,E01033484,Darlington 008F,Criminal damage and arson,Offender given a caution,
dcf380ff36f798dac700d41cef6a2408dbf4f9c68b3d471f4ba29a2c1d9e1d24,2021-05,Durham Constabulary,Durham Constabulary,-1.553579,54.523390,On or near Feethams,E01033484,Darlington 008F,Criminal damage and arson,Investigation complete; no suspect identified,
ecd446f91ea662bc9965025626d422c6b7dc52b319482bd173d8fc06685c8785,2021-05,Durham Constabulary,Durham Constabulary,-1.560230,54.527072,On or near Portland Place,E01033484,Darlington 008F,Criminal damage and arson,Unable to prosecute suspect,
2c5f0d7a15f19bd326018e65d14e4d9f3fdf276d1ded9d8009d33370af887d1a,2021-05,Durham Constabulary,Durham Constabulary,-1.553525,54.522752,On or near Bus/Coach Station,E01033484,Darlington 008F,Drugs,Unable to prosecute suspect,
64de4e28768fe3d2e5b9fa4fe2e81a6d62688a1237c1ff4018e88f92bd44d08d,2021-05,Durham Constabulary,Durham Constabulary,-1.551343,54.521648,On or near Backhouse Street,E01033484,Darlington 008F,Drugs,Court result unavailable,
ecb8a335a1caefd7a3c303f255d38ae11f2091d408ae4aa11620b17c0f4438b7,2021-05,Durham Constabulary,Durham Constabulary,-1.559920,54.524258,On or near Primrose Street,E01033484,Darlington 008F,Drugs,Further action is not in the public interest,
139536c17e280330396e55d3ddc886b48a813bc73ced017256613106109e1a94,2021-05,Durham Constabulary,Durham Constabulary,-1.559920,54.524258,On or near Primrose Street,E01033484,Darlington 008F,Drugs,Local resolution,
b37b20572a47a12501867dce2b846e1c242a981adab15da0518ce466877e4376,2021-05,Durham Constabulary,Durham Constabulary,-1.553579,54.523390,On or near Feethams,E01033484,Darlington 008F,Drugs,Status update unavailable,
62b63b068afead7c539b12f0f740b4b5e255722a0f67327f5fbd16bb016e173d,2021-05,Durham Constabulary,Durham Constabulary,-1.561555,54.525963,On or near Napier Street,E01033484,Darlington 008F,Drugs,Formal action is not in the public interest,
2d54d79aa72f8ec1ae7dbe7e33d4ab82cf1b3f9fea62bf27aa60665390851f46,2021-05,Durham Constabulary,Durham Constabulary,-1.555737,54.523919,On or near Shopping Area,E01033484,Darlington 008F,Drugs,Local resolution,
42114ad34e0e7b4292d8445e8bef3e99a48defbcbfd205d0ecade3cddab7e4ba,2021-05,Durham Constabulary,Durham Constabulary,-1.555571,54.523532,On or near Houndgate,E01033484,Darlington 008F,Drugs,Further action is not in the public interest,
875d2046d13d9f516cfd2374ac6b6d3497a9d7ed75b91a3a349a9f086ff6ef23,2021-05,Durham Constabulary,Durham Constabulary,-1.557748,54.523648,On or near Blackwellgate,E01033484,Darlington 008F,Drugs,Unable to prosecute suspect,
fdc6ffa94e801fd4866100f7ec77eb1ebcdb987db1711a9fce76b5bed2812624,2021-05,Durham Constabulary,Durham Constabulary,-1.552924,54.526776,On or near Quebec Street,E01033484,Darlington 008F,Drugs,Local resolution,
ea7aeb25eee2ee8e28b31ebbf10fa223deee3a4865d103b9935b98c789a96cf0,2021-05,Durham Constabulary,Durham Constabulary,-1.553579,54.523390,On or near Feethams,E01033484,Darlington 008F,Drugs,Further action is not in the public interest,
300810df4a935953b70bf2cd566843cd22644a8b60f8363c910a8583e07a4014,2021-05,Durham Constabulary,Durham Constabulary,-1.552924,54.526776,On or near Quebec Street,E01033484,Darlington 008F,Drugs,Local resolution,
1ece46e6137e9793d2e1044b1c28cb7a76e4910e83939c9afa8f87764499bd9c,2021-05,Durham Constabulary,Durham Constabulary,-1.557748,54.523648,On or near Blackwellgate,E01033484,Darlington 008F,Drugs,Further investigation is not in the public interest,
7f0de628f08423e73ffaf6d4644b6ad18c21ff948eb030f8968c45f26cbb3e70,2021-05,Durham Constabulary,Durham Constabulary,-1.557748,54.523648,On or near Blackwellgate,E01033484,Darlington 008F,Other theft,Court result unavailable,
2cd62a913e26374f8764149ed7351ed454ece3d734d0ee3282ec5d365706ad9e,2021-05,Durham Constabulary,Durham Constabulary,-1.553737,54.524532,On or near Church Row,E01033484,Darlington 008F,Other theft,Unable to prosecute suspect,
7caec5c8bad53c3fe753e6c7220c5df0bc102615e5121ea04071cf518dac9a29,2021-05,Durham Constabulary,Durham Constabulary,-1.551343,54.521648,On or near Backhouse Street,E01033484,Darlington 008F,Other theft,Unable to prosecute suspect,
b08f6a4ced790d8f345c9a5ca239959afc9b6226a4e30e476b5498a7484ac986,2021-05,Durham Constabulary,Durham Constabulary,-1.557748,54.523648,On or near Blackwellgate,E01033484,Darlington 008F,Other theft,Investigation complete; no suspect identified,
996e52f0d706997edb26f372f242d3325fe96a31139d65ae6cccbf279784ffb5,2021-05,Durham Constabulary,Durham Constabulary,-1.561950,54.526566,On or near Outram Street,E01033484,Darlington 008F,Possession of weapons,Further investigation is not in the public interest,
8da2b962fc7ac993e06ed7e4d10b91574cf97269d2b761f14a359d46d8248dcd,2021-05,Durham Constabulary,Durham Constabulary,-1.555149,54.525382,On or near Prebend Row,E01033484,Darlington 008F,Possession of weapons,Unable to prosecute suspect,
133040a887819f7016eb71aab4fdf15318fba843e372b4a7d21f0e6115d5f011,2021-05,Durham Constabulary,Durham Constabulary,-1.552924,54.526776,On or near Quebec Street,E01033484,Darlington 008F,Public order,Action to be taken by another organisation,
5319b2bf3099c8541dc23adc0027a6ddda8b2391202078755e0a638407ceacb3,2021-05,Durham Constabulary,Durham Constabulary,-1.556357,54.522313,On or near South Arden Street,E01033484,Darlington 008F,Public order,Unable to prosecute suspect,
0bd0160bf8b32fbf117d296bcfa883d3824fdd8c889fafc06d99a08a8c76f07b,2021-05,Durham Constabulary,Durham Constabulary,-1.555571,54.523532,On or near Houndgate,E01033484,Darlington 008F,Public order,Further action is not in the public interest,
a369deb599dd141cde69b552b63e46f42d0d09c4596622c01a5214befb2b3ed8,2021-05,Durham Constabulary,Durham Constabulary,-1.553525,54.522752,On or near Bus/Coach Station,E01033484,Darlington 008F,Public order,Investigation complete; no suspect identified,
6c2bb43bf283c5add83a41bb4a355627c499931f1d08808f8248fea43962555d,2021-05,Durham Constabulary,Durham Constabulary,-1.560685,54.524917,On or near Larchfield Street,E01033484,Darlington 008F,Public order,Unable to prosecute suspect,
92c196bf9cfd3154ee08cacbb70fabe628f0b5cf31dc35270d0559572e6373f9,2021-05,Durham Constabulary,Durham Constabulary,-1.557748,54.523648,On or near Blackwellgate,E01033484,Darlington 008F,Public order,Further action is not in the public interest,
f5f5899547555dcc24dc8594fb90f680bf6812a26b473c6f6b1fd09b82a714fd,2021-05,Durham Constabulary,Durham Constabulary,-1.557290,54.526010,On or near Skinnergate,E01033484,Darlington 008F,Public order,Local resolution,
e79430cb3ac1232cc06364c5aae423679de4911922c50bad1ce53da6a7a341cb,2021-05,Durham Constabulary,Durham Constabulary,-1.554221,54.525469,On or near Shopping Area,E01033484,Darlington 008F,Public order,Investigation complete; no suspect identified,
a6846c4c6283418627e62e1cc1c6185c7a656ad7d520d0b755ae476138f0df1c,2021-05,Durham Constabulary,Durham Constabulary,-1.556357,54.522313,On or near South Arden Street,E01033484,Darlington 008F,Public order,Offender given a caution,
a45622ceacdf301a7e3347df810aeba2d02c9fb98d76b1a63870e91ae3132d52,2021-05,Durham Constabulary,Durham Constabulary,-1.553525,54.522752,On or near Bus/Coach Station,E01033484,Darlington 008F,Public order,Investigation complete; no suspect identified,
301eb0faf120db87a69573a0704947db842bbd726e135f595b3c7367a601ebae,2021-05,Durham Constabulary,Durham Constabulary,-1.553737,54.524532,On or near Church Row,E01033484,Darlington 008F,Public order,Unable to prosecute suspect,
bf7bcdf59f62ae0c1a3c9ff13ed2facc860025df985a4b613bc11aae7d05c8ee,2021-05,Durham Constabulary,Durham Constabulary,-1.553749,54.524856,On or near Tubwell Row,E01033484,Darlington 008F,Public order,Court result unavailable,
8c637a6c5c67523bf9b8571a02196e213ba50d9c9f44dd355f63e692c74660e1,2021-05,Durham Constabulary,Durham Constabulary,-1.555054,54.524223,On or near Parking Area,E01033484,Darlington 008F,Public order,Unable to prosecute suspect,
9e2ebda6bcb451ab1be48eca8134ccd51e12513cd01ba92f25ed581e42205dcd,2021-05,Durham Constabulary,Durham Constabulary,-1.557748,54.523648,On or near Blackwellgate,E01033484,Darlington 008F,Public order,Further investigation is not in the public interest,
48d3bf0ab87cced81b10e57cc23ea6925c67a71cd3246708061fe8dfa6177ae0,2021-05,Durham Constabulary,Durham Constabulary,-1.560685,54.524917,On or near Larchfield Street,E01033484,Darlington 008F,Public order,Unable to prosecute suspect,
d71940290924362f82a9eb975c1aaf1f2c756c0bc120da59d0c3dfe55f957a4a,2021-05,Durham Constabulary,Durham Constabulary,-1.557748,54.523648,On or near Blackwellgate,E01033484,Darlington 008F,Public order,Investigation complete; no suspect identified,
e30124e37d054be9278b32e4cfb214c56e862beffeabd534357982a79d36c901,2021-05,Durham Constabulary,Durham Constabulary,-1.559635,54.524922,On or near East Raby Street,E01033484,Darlington 008F,Public order,Unable to prosecute suspect,
ec590760a5c92bae14315dd86468560e3785f35861f2b108a2b77d7ddbab0b20,2021-05,Durham Constabulary,Durham Constabulary,-1.560685,54.524917,On or near Larchfield Street,E01033484,Darlington 008F,Public order,Unable to prosecute suspect,
4681798e7e2414373ee0bce56be744373561498bdd8d4444761f17d4ecf9ae44,2021-05,Durham Constabulary,Durham Constabulary,-1.555164,54.526811,On or near Supermarket,E01033484,Darlington 008F,Shoplifting,Court result unavailable,
77d93750a3b7f3761171070da72ce68f47baae401cbb6e03db6bed643a3ce479,2021-05,Durham Constabulary,Durham Constabulary,-1.558489,54.525170,On or near Raby Terrace,E01033484,Darlington 008F,Shoplifting,Court result unavailable,
4431f9eed7837cd83c0da8872ddf847d4741568c2050d006760206ff1122b811,2021-05,Durham Constabulary,Durham Constabulary,-1.555164,54.526811,On or near Supermarket,E01033484,Darlington 008F,Shoplifting,Court result unavailable,
49f44484174ef9ea4ff1efc3ef09717732bf0ca1f0b61021a8e95b01a70ef418,2021-05,Durham Constabulary,Durham Constabulary,-1.561746,54.525397,On or near Duke Street,E01033484,Darlington 008F,Shoplifting,Unable to prosecute suspect,
437f4cb6217bbbafb78ace5536719b56138bfdc1dbfc685716b748317b8eb869,2021-05,Durham Constabulary,Durham Constabulary,-1.555164,54.526811,On or near Supermarket,E01033484,Darlington 008F,Shoplifting,Court result unavailable,
d552154ccb564507bb8439d8baa7728c7256de0f4447f6fa0c8f282935ffb84e,2021-05,Durham Constabulary,Durham Constabulary,-1.554221,54.525469,On or near Shopping Area,E01033484,Darlington 008F,Shoplifting,Court result unavailable,
09e56f1717bf9adcde2ce62e14f80981dbfda9802c78171cc9a7ffb05e478717,2021-05,Durham Constabulary,Durham Constabulary,-1.555737,54.523919,On or near Shopping Area,E01033484,Darlington 008F,Shoplifting,Investigation complete; no suspect identified,
a1b4f920feec99f2691434f7961377734d0f8b34c298fd5af5815de07d405575,2021-05,Durham Constabulary,Durham Constabulary,-1.554221,54.525469,On or near Shopping Area,E01033484,Darlington 008F,Shoplifting,Suspect charged as part of another case,
47998dbcc2926865410d78caa7779fcc997936b3b054da57274d2b679bc11cb1,2021-05,Durham Constabulary,Durham Constabulary,-1.554221,54.525469,On or near Shopping Area,E01033484,Darlington 008F,Shoplifting,Local resolution,
99b6f5f46f8d877010d7c51793a188159f18f8e5e6b04c4d075ef2c3fd83bf33,2021-05,Durham Constabulary,Durham Constabulary,-1.552947,54.527567,On or near Shopping Area,E01033484,Darlington 008F,Shoplifting,Investigation complete; no suspect identified,
d8d5f7a69df67f4d6a1ec42eae73f3664b81da01cc14869b65a22087c8e52e69,2021-05,Durham Constabulary,Durham Constabulary,-1.555737,54.523919,On or near Shopping Area,E01033484,Darlington 008F,Shoplifting,Investigation complete; no suspect identified,
8293610e04d014612a396e047bbc31cdc641b7d9de656769ccc0656e85dd143f,2021-05,Durham Constabulary,Durham Constabulary,-1.558977,54.522853,On or near Shopping Area,E01033484,Darlington 008F,Shoplifting,Court result unavailable,
119c9c2d8567d2fa2ffb429cd9d3b7e38b9e14caab9c82ee0fdbf4e7bf5447c6,2021-05,Durham Constabulary,Durham Constabulary,-1.552924,54.526776,On or near Quebec Street,E01033484,Darlington 008F,Shoplifting,Investigation complete; no suspect identified,
be5791f7a409481ce90dcf551d96f62c2f69e74a0b0a451810d962c329589c92,2021-05,Durham Constabulary,Durham Constabulary,-1.554221,54.525469,On or near Shopping Area,E01033484,Darlington 008F,Shoplifting,Suspect charged as part of another case,
ad77655d1f6585fe566f41f9b8d4d9967d3a6b8426a1154ce8dc5e5193aa5cd4,2021-05,Durham Constabulary,Durham Constabulary,-1.552924,54.526776,On or near Quebec Street,E01033484,Darlington 008F,Shoplifting,Unable to prosecute suspect,
07298d914e264bf5c99c7f4e5db4b0e84312ad5afbf2aefaa332fc7ff3f4ec62,2021-05,Durham Constabulary,Durham Constabulary,-1.552924,54.526776,On or near Quebec Street,E01033484,Darlington 008F,Shoplifting,Investigation complete; no suspect identified,
853cdfd4e6e3b6a52d15a5e16c633306602f3b61d019031d62cebbf1340ca665,2021-05,Durham Constabulary,Durham Constabulary,-1.557748,54.523648,On or near Blackwellgate,E01033484,Darlington 008F,Theft from the person,Status update unavailable,
7cdb96b3c4f4e75d148428a73ccdcf232ed014a649a8cbdda3f6bb92fdc8dfc6,2021-05,Durham Constabulary,Durham Constabulary,-1.556382,54.525683,On or near Parking Area,E01033484,Darlington 008F,Vehicle crime,Court result unavailable,
8ea9263ce2fb18b2369f6673838f8177cd62c2059e1fec867077ff3df24bf8a7,2021-05,Durham Constabulary,Durham Constabulary,-1.556382,54.525683,On or near Parking Area,E01033484,Darlington 008F,Vehicle crime,Court result unavailable,
a5ec6bcfbfebadb0cd38a46e653f90659d35556bc17c28269f061049a82757d7,2021-05,Durham Constabulary,Durham Constabulary,-1.556382,54.525683,On or near Parking Area,E01033484,Darlington 008F,Vehicle crime,Court result unavailable,
a347596d6795d76788333df140c363d37c0ea96d82b7f6b1330e8a9bd17d16af,2021-05,Durham Constabulary,Durham Constabulary,-1.554221,54.525469,On or near Shopping Area,E01033484,Darlington 008F,Violence and sexual offences,Unable to prosecute suspect,
668cbe68876cd3a087ba1627c7253f58c491ceb7ddcbea157f4ee47239795551,2021-05,Durham Constabulary,Durham Constabulary,-1.551446,54.524937,On or near Stonebridge,E01033484,Darlington 008F,Violence and sexual offences,Court result unavailable,
e170ef8ce948176d99d74ca2427dadd6ecb5170aefa839c6196d02ce320a56fe,2021-05,Durham Constabulary,Durham Constabulary,-1.558111,54.522967,On or near Grange Road,E01033484,Darlington 008F,Violence and sexual offences,Unable to prosecute suspect,
5940de55faa9dc570ad7e5a95f881ed14e960237d393390ab647a6659720666b,2021-05,Durham Constabulary,Durham Constabulary,-1.553579,54.523390,On or near Feethams,E01033484,Darlington 008F,Violence and sexual offences,Unable to prosecute suspect,
4ed46cb7081a95912a7c9ff3d97ae640b62105d598cb4ce10ee91cecb7a89f64,2021-05,Durham Constabulary,Durham Constabulary,-1.558489,54.525170,On or near Raby Terrace,E01033484,Darlington 008F,Violence and sexual offences,Status update unavailable,
ef30209d6570c460302f23ed3c9eade917db0d5f0f13b0ccc2c7bd485d2de0b4,2021-05,Durham Constabulary,Durham Constabulary,-1.557748,54.523648,On or near Blackwellgate,E01033484,Darlington 008F,Violence and sexual offences,Unable to prosecute suspect,
9b48f9af99073aaf00c90b644bfe86b8fbd6f434bbd798ccc10be1a9c95b398d,2021-05,Durham Constabulary,Durham Constabulary,-1.552259,54.526863,On or near Parking Area,E01033484,Darlington 008F,Violence and sexual offences,Unable to prosecute suspect,
fce9b2ed4c57f35a722cb1b7598204287fc88b3087613d40d153e14ea98d714e,2021-05,Durham Constabulary,Durham Constabulary,-1.552259,54.526863,On or near Parking Area,E01033484,Darlington 008F,Violence and sexual offences,Unable to prosecute suspect,
4dc2232014485431e669c33ce09b10632e43d9c2fd0b258042f3c7695ee1808b,2021-05,Durham Constabulary,Durham Constabulary,-1.555164,54.526811,On or near Supermarket,E01033484,Darlington 008F,Violence and sexual offences,Investigation complete; no suspect identified,
95c14cd5b386133dde3266a1e847199c5cb74acb9c1cbef62ed6f640f8edbcf2,2021-05,Durham Constabulary,Durham Constabulary,-1.559778,54.524518,On or near Powlett Street,E01033484,Darlington 008F,Violence and sexual offences,Unable to prosecute suspect,
7fec166bad430d0a24f5aecae455322f73971c9f0c2ae0d273bafc9acab32846,2021-05,Durham Constabulary,Durham Constabulary,-1.556042,54.524244,On or near Shopping Area,E01033484,Darlington 008F,Violence and sexual offences,Unable to prosecute suspect,
361ccb85913c4a4d17548d2a697f40a3dfeaab3e4bee3f6012d69b234326180f,2021-05,Durham Constabulary,Durham Constabulary,-1.557748,54.523648,On or near Blackwellgate,E01033484,Darlington 008F,Violence and sexual offences,Investigation complete; no suspect identified,
a6d152eca2f8b822950be4ea2b86b39f17a642c4111663c1b7f187098321cee3,2021-05,Durham Constabulary,Durham Constabulary,-1.553252,54.527865,On or near Pedestrian Subway,E01033484,Darlington 008F,Violence and sexual offences,Unable to prosecute suspect,
1cf6d6169c40a47a816f11431024ec7735fa082e40aa0544161d67b70e1885c6,2021-05,Durham Constabulary,Durham Constabulary,-1.555149,54.525382,On or near Prebend Row,E01033484,Darlington 008F,Violence and sexual offences,Unable to prosecute suspect,
eb895381d43c7ba3792d04373789a73fec05644bc41b7b1cd319ee91674da6f6,2021-05,Durham Constabulary,Durham Constabulary,-1.557748,54.523648,On or near Blackwellgate,E01033484,Darlington 008F,Violence and sexual offences,Local resolution,
7203e63961b0164929c9e85a405cbb7ed6d1c690db339ebc729f43f650cc3c19,2021-05,Durham Constabulary,Durham Constabulary,-1.557748,54.523648,On or near Blackwellgate,E01033484,Darlington 008F,Violence and sexual offences,Further action is not in the public interest,
6c37aaa6f60f7787f4a75de7747dbcb96348e0ff520954dd85ad70f29d35287d,2021-05,Durham Constabulary,Durham Constabulary,-1.555164,54.526811,On or near Supermarket,E01033484,Darlington 008F,Violence and sexual offences,Unable to prosecute suspect,
5319b526288db093adfabbc9d32c0ffa13426aa4934e16a7ff0e5a8ac44244d2,2021-05,Durham Constabulary,Durham Constabulary,-1.557170,54.525704,On or near Bell'S Place,E01033484,Darlington 008F,Violence and sexual offences,Offender given a caution,
4e2ab1ed133acde1168a3da8d556f544e77dcf3fb42ba0929070f8fe81e37d34,2021-05,Durham Constabulary,Durham Constabulary,-1.559778,54.524518,On or near Powlett Street,E01033484,Darlington 008F,Violence and sexual offences,Unable to prosecute suspect,
3a8e8409314895aa9a5f56720dd7857a57aa441db1e30d96e115696f58fdb077,2021-05,Durham Constabulary,Durham Constabulary,-1.553579,54.523390,On or near Feethams,E01033484,Darlington 008F,Violence and sexual offences,Further action is not in the public interest,
349f624e46dd5ceffe03b9d16c693735d8dc0f1dd00669a0f1de21129cb23c89,2021-05,Durham Constabulary,Durham Constabulary,-1.553737,54.524532,On or near Church Row,E01033484,Darlington 008F,Violence and sexual offences,Investigation complete; no suspect identified,
2a73bf52288ce3609c4fd0db1905ec419eb5ee7f6b58bb2cc4d53690968a1804,2021-05,Durham Constabulary,Durham Constabulary,-1.555164,54.526811,On or near Supermarket,E01033484,Darlington 008F,Violence and sexual offences,Investigation complete; no suspect identified,
5f1b0557c8e3fd1c7fae5f4c4d0cec8977262655c4b88bd7a66896a7489a9fb0,2021-05,Durham Constabulary,Durham Constabulary,-1.551446,54.524937,On or near Stonebridge,E01033484,Darlington 008F,Violence and sexual offences,Unable to prosecute suspect,
0552bd2951db26a4e265195ec2664334ddd2c594b85bc4e1aac65da29187069d,2021-05,Durham Constabulary,Durham Constabulary,-1.553749,54.524856,On or near Tubwell Row,E01033484,Darlington 008F,Violence and sexual offences,Unable to prosecute suspect,
62cd3fde79db7e040a0df911108e4e6e15e39b94bf85b6fdfb12e78c7c342646,2021-05,Durham Constabulary,Durham Constabulary,-1.551343,54.521648,On or near Backhouse Street,E01033484,Darlington 008F,Violence and sexual offences,Status update unavailable,
be09858609c4ff77bbd50844d5cd3600b3d45e9807318662987a1bf75043b168,2021-05,Durham Constabulary,Durham Constabulary,-1.561746,54.525397,On or near Duke Street,E01033484,Darlington 008F,Violence and sexual offences,Investigation complete; no suspect identified,
399e853d67c8f63637127ef3e0901c5e2d3e3a53cf2805971f1ad83d48e6606c,2021-05,Durham Constabulary,Durham Constabulary,-1.557170,54.525704,On or near Bell'S Place,E01033484,Darlington 008F,Violence and sexual offences,Unable to prosecute suspect,
161bc377e961ca829bbf8506a0767916a3ff212fdbef91be2dae9518cbe87cb5,2021-05,Durham Constabulary,Durham Constabulary,-1.557170,54.525704,On or near Bell'S Place,E01033484,Darlington 008F,Violence and sexual offences,Unable to prosecute suspect,
60cdb823e9f3f386c5940d3e261efb11982e626878ab002c12ad6c71d5844b8c,2021-05,Durham Constabulary,Durham Constabulary,-1.557170,54.525704,On or near Bell'S Place,E01033484,Darlington 008F,Violence and sexual offences,Unable to prosecute suspect,
593e168428cc4bd2dca3eb38143b56e5f3dbb75736ec93481c185adb236b7c85,2021-05,Durham Constabulary,Durham Constabulary,-1.558489,54.525170,On or near Raby Terrace,E01033484,Darlington 008F,Violence and sexual offences,Unable to prosecute suspect,
0dd9e6c01130d7cfbaec975813aefa847aea2801e5e8c3c9e0074a9edff14a3d,2021-05,Durham Constabulary,Durham Constabulary,-1.554221,54.525469,On or near Shopping Area,E01033484,Darlington 008F,Violence and sexual offences,Unable to prosecute suspect,
cf53c722f0497d95db892794441542db9ce119bc262d8ef2bd9e0fdf9011415c,2021-05,Durham Constabulary,Durham Constabulary,-1.557748,54.523648,On or near Blackwellgate,E01033484,Darlington 008F,Violence and sexual offences,Offender given a caution,
1e99da4eebdb4c146f83f3699cc638d0921dcf5ce58c51c149b2c1dc1ff70186,2021-05,Durham Constabulary,Durham Constabulary,-1.560230,54.527072,On or near Portland Place,E01033484,Darlington 008F,Violence and sexual offences,Unable to prosecute suspect,
39a0b63ac4472cbf7c6a573c603cd8e174208dc8f1a576eff28e4d896519c202,2021-05,Durham Constabulary,Durham Constabulary,-1.551343,54.521648,On or near Backhouse Street,E01033484,Darlington 008F,Violence and sexual offences,Investigation complete; no suspect identified,
f6b91df0addb35ddaa420b7cff2c60c7e34f5291555cb9249a91e93651f3aaf2,2021-05,Durham Constabulary,Durham Constabulary,-1.556042,54.524244,On or near Shopping Area,E01033484,Darlington 008F,Violence and sexual offences,Unable to prosecute suspect,
36286936fcf00673c09aa7f6bf2ae4526dab4e3079e6f34652e9b79671d343fb,2021-05,Durham Constabulary,Durham Constabulary,-1.553737,54.524532,On or near Church Row,E01033484,Darlington 008F,Violence and sexual offences,Offender given a caution,
24c6e47430c836323826c880cd36cfed9a69b4d5cf073636654974bcb1dc83da,2021-05,Durham Constabulary,Durham Constabulary,-1.553525,54.522752,On or near Bus/Coach Station,E01033484,Darlington 008F,Violence and sexual offences,Court result unavailable,
a3620482446091756dd86165e89803fa720c6e75680de34f57731cc444d6252d,2021-05,Durham Constabulary,Durham Constabulary,-1.554525,54.524535,On or near East Row,E01033484,Darlington 008F,Violence and sexual offences,Local resolution,
93a61ff4cdbe98789f03cf4af1835f225f2cd4c4e141407631a9d4c7880ca4f7,2021-05,Durham Constabulary,Durham Constabulary,-1.551986,54.523618,On or near Parking Area,E01033484,Darlington 008F,Violence and sexual offences,Investigation complete; no suspect identified,
54fdb187d0b655df9e31eb852f495fc96370661cb1903cb1b97bed9a8e91d2a7,2021-05,Durham Constabulary,Durham Constabulary,-1.554525,54.524535,On or near East Row,E01033484,Darlington 008F,Violence and sexual offences,Local resolution,
5ca0881e3b005821b3360583858657994c6f7993da7fc208029cbdb13697b475,2021-05,Durham Constabulary,Durham Constabulary,-1.558312,54.522958,On or near Shopping Area,E01033484,Darlington 008F,Violence and sexual offences,Unable to prosecute suspect,
526edc7e159ce57fc34a9fb2f650a5890a8ef83393dc4e0a2a1d9f53313947b9,2021-05,Durham Constabulary,Durham Constabulary,-1.557748,54.523648,On or near Blackwellgate,E01033484,Darlington 008F,Violence and sexual offences,Investigation complete; no suspect identified,
1885fdab4bb709dc6d43bf37af391797c66de2712c8aea3f06859ce0a9045599,2021-05,Durham Constabulary,Durham Constabulary,-1.557170,54.525704,On or near Bell'S Place,E01033484,Darlington 008F,Violence and sexual offences,Investigation complete; no suspect identified,
cc1794cbefd873d96fb342fabcd89abe13dd68a0837aec9c7c67c9d8cd519200,2021-05,Durham Constabulary,Durham Constabulary,-1.557748,54.523648,On or near Blackwellgate,E01033484,Darlington 008F,Violence and sexual offences,Investigation complete; no suspect identified,
7249cc6d30e364f073463f496b331f7bc0b0619714d3c61fa64c03b2535c8235,2021-05,Durham Constabulary,Durham Constabulary,-1.556042,54.524244,On or near Shopping Area,E01033484,Darlington 008F,Violence and sexual offences,Investigation complete; no suspect identified,
66405cba838d6a691db12265736e353498350c1864c4a62d1cb22e6a0fd40619,2021-05,Durham Constabulary,Durham Constabulary,-1.549305,54.522889,On or near Park Place,E01033484,Darlington 008F,Violence and sexual offences,Investigation complete; no suspect identified,
3d06f31ee14590227301796ce308cde4b7d4f15639840212dc70f42eb41b26df,2021-05,Durham Constabulary,Durham Constabulary,-1.557748,54.523648,On or near Blackwellgate,E01033484,Darlington 008F,Violence and sexual offences,Unable to prosecute suspect,
892b2efa071febd6c1a7ec8c5ab6e7d9ca22bc735f5b27ec04691a8880e347e2,2021-05,Durham Constabulary,Durham Constabulary,-1.557748,54.523648,On or near Blackwellgate,E01033484,Darlington 008F,Violence and sexual offences,Unable to prosecute suspect,
cfadc8a2be6b48cb52be7ba29c8c991063ac75974721089ad11c42099e8c6da5,2021-05,Durham Constabulary,Durham Constabulary,-1.557748,54.523648,On or near Blackwellgate,E01033484,Darlington 008F,Other crime,Investigation complete; no suspect identified,
,2021-05,Durham Constabulary,Durham Constabulary,-1.546153,54.531307,On or near Dumfries Street,E01012307,Darlington 009A,Anti-social behaviour,,
,2021-05,Durham Constabulary,Durham Constabulary,-1.538878,54.533715,On or near Grey Street,E01012307,Darlington 009A,Anti-social behaviour,,
,2021-05,Durham Constabulary,Durham Constabulary,-1.539575,54.533610,On or near Prescott Street,E01012307,Darlington 009A,Anti-social behaviour,,
,2021-05,Durham Constabulary,Durham Constabulary,-1.541348,54.532619,On or near Bowes Court,E01012307,Darlington 009A,Anti-social behaviour,,
,2021-05,Durham Constabulary,Durham Constabulary,-1.532788,54.533880,On or near Throstlenest Avenue,E01012307,Darlington 009A,Anti-social behaviour,,
,2021-05,Durham Constabulary,Durham Constabulary,-1.537505,54.534959,On or near Church Close,E01012307,Darlington 009A,Anti-social behaviour,,
794515beaf177bf3fe3cf14fe1e017f0d226f2d83f1b287662bc01b40d85f6e3,2021-05,Durham Constabulary,Durham Constabulary,-1.536603,54.532664,On or near Arnold Road,E01012307,Darlington 009A,Burglary,Investigation complete; no suspect identified,
c61e69a2043d9ef03b2c956461b5e0bc46ec628024b8df9b0f8b3533048c259d,2021-05,Durham Constabulary,Durham Constabulary,-1.541348,54.532619,On or near Bowes Court,E01012307,Darlington 009A,Criminal damage and arson,Unable to prosecute suspect,
eb2ae24cd5880cba3b3bc2b6b35ae5a2255d520a5cf340c6046267d49c6473ad,2021-05,Durham Constabulary,Durham Constabulary,-1.530321,54.534752,On or near Blackett Road,E01012307,Darlington 009A,Criminal damage and arson,Unable to prosecute suspect,
b29cb02ee41c58827684105cf71126838fd402cb19b271de6d3937ee206b0973,2021-05,Durham Constabulary,Durham Constabulary,-1.534819,54.533268,On or near Alexander Street,E01012307,Darlington 009A,Criminal damage and arson,Investigation complete; no suspect identified,
3353bcebc33f056732e227241810f82ccd04f80a1c84d4502a5fca551016cd0b,2021-05,Durham Constabulary,Durham Constabulary,-1.545142,54.530548,On or near Montrose Street,E01012307,Darlington 009A,Criminal damage and arson,Investigation complete; no suspect identified,
bc9246e59c0c6a37e1a29dd15e3fbcd2fe42f82fba04e209641a5dbe5920b98a,2021-05,Durham Constabulary,Durham Constabulary,-1.541348,54.532619,On or near Bowes Court,E01012307,Darlington 009A,Criminal damage and arson,Status update unavailable,
779b4009dce64734fc5c6529c0671179aa52afecd375098b3ba7d095238acec4,2021-05,Durham Constabulary,Durham Constabulary,-1.544336,54.536297,On or near Forge Way,E01012307,Darlington 009A,Other theft,Investigation complete; no suspect identified,
2bef6762692bafe2d14753874eb1324b4dabc9ec055b748167c788ba7f93e279,2021-05,Durham Constabulary,Durham Constabulary,-1.532788,54.533880,On or near Throstlenest Avenue,E01012307,Darlington 009A,Robbery,Investigation complete; no suspect identified,
ad4ff2f31a5b4e041289890068dafb8202e57b88d9238f98da545afae887d741,2021-05,Durham Constabulary,Durham Constabulary,-1.545142,54.530548,On or near Montrose Street,E01012307,Darlington 009A,Vehicle crime,Investigation complete; no suspect identified,
1b60bade8ce4bfe1463e1ae1cb2a36151bc20ca862a821b98945035a18480f9c,2021-05,Durham Constabulary,Durham Constabulary,-1.546153,54.531307,On or near Dumfries Street,E01012307,Darlington 009A,Vehicle crime,Investigation complete; no suspect identified,
28c8f1e4c03d837e45e90e5b2475f258fdd88c67997ed71b0d34daee1b15d7b8,2021-05,Durham Constabulary,Durham Constabulary,-1.543372,54.536806,On or near Shopping Area,E01012307,Darlington 009A,Vehicle crime,Investigation complete; no suspect identified,
34f83638eec389e5835cd170b0e477b68ce2ce6f0a57abb97626bec2a4b7f878,2021-05,Durham Constabulary,Durham Constabulary,-1.546153,54.531307,On or near Dumfries Street,E01012307,Darlington 009A,Violence and sexual offences,Unable to prosecute suspect,
cbfb6658e0aa9ee3c8ef88b489804464a8fc34183ea370734e9c12687e4e4fb7,2021-05,Durham Constabulary,Durham Constabulary,-1.537505,54.534959,On or near Church Close,E01012307,Darlington 009A,Violence and sexual offences,Unable to prosecute suspect,
4a6237d79ed6bb75c5c8a826f84097970969769a52e1bc71f8f72fbef9b41275,2021-05,Durham Constabulary,Durham Constabulary,-1.537505,54.534959,On or near Church Close,E01012307,Darlington 009A,Violence and sexual offences,Further investigation is not in the public interest,
04238278b25bc73185d470c7b35934114bc15e5ce061967ce61dd1f7b367e95d,2021-05,Durham Constabulary,Durham Constabulary,-1.536603,54.532664,On or near Arnold Road,E01012307,Darlington 009A,Violence and sexual offences,Further investigation is not in the public interest,
6e5b8896af2c071221d753e376556c1052e3e4dec8c64e6c36bfd9a6c2f18048,2021-05,Durham Constabulary,Durham Constabulary,-1.539575,54.533610,On or near Prescott Street,E01012307,Darlington 009A,Violence and sexual offences,Unable to prosecute suspect,
f899baad5629933102f3099c077a7f64bca21ef2653289650ba1ab24d58a45cd,2021-05,Durham Constabulary,Durham Constabulary,-1.532788,54.533880,On or near Throstlenest Avenue,E01012307,Darlington 009A,Violence and sexual offences,Unable to prosecute suspect,
957870cc6248fa8b9483dc50dde43378d363ede641aafc328da6569542f91759,2021-05,Durham Constabulary,Durham Constabulary,-1.534819,54.533268,On or near Alexander Street,E01012307,Darlington 009A,Violence and sexual offences,Further action is not in the public interest,
b0c90fa74ff2860075b4f1b393a26d16df6dcc37440ae0b8c54fd29b65adf752,2021-05,Durham Constabulary,Durham Constabulary,-1.534819,54.533268,On or near Alexander Street,E01012307,Darlington 009A,Violence and sexual offences,Further action is not in the public interest,
cf02d87d130de809866d507f504ccebacb3d5e287c4f80e7184379398ee629d6,2021-05,Durham Constabulary,Durham Constabulary,-1.539575,54.533610,On or near Prescott Street,E01012307,Darlington 009A,Violence and sexual offences,Investigation complete; no suspect identified,
1465715ed974f0f5709c8742ae392f8f3b73865f7db6b55cf2b69415a9736491,2021-05,Durham Constabulary,Durham Constabulary,-1.546153,54.531307,On or near Dumfries Street,E01012307,Darlington 009A,Violence and sexual offences,Unable to prosecute suspect,
,2021-05,Durham Constabulary,Durham Constabulary,-1.510628,54.533811,On or near Bisley Court,E01012327,Darlington 009B,Anti-social behaviour,,
,2021-05,Durham Constabulary,Durham Constabulary,-1.513835,54.534444,On or near Kempton Court,E01012327,Darlington 009B,Anti-social behaviour,,
,2021-05,Durham Constabulary,Durham Constabulary,-1.513080,54.534216,On or near Hickstead Court,E01012327,Darlington 009B,Anti-social behaviour,,
,2021-05,Durham Constabulary,Durham Constabulary,-1.513699,54.532880,On or near Deepdale Way,E01012327,Darlington 009B,Anti-social behaviour,,
,2021-05,Durham Constabulary,Durham Constabulary,-1.521826,54.533002,On or near Roker Close,E01012327,Darlington 009B,Anti-social behaviour,,
,2021-05,Durham Constabulary,Durham Constabulary,-1.524820,54.533319,On or near Red Barnes Way,E01012327,Darlington 009B,Anti-social behaviour,,
,2021-05,Durham Constabulary,Durham Constabulary,-1.513699,54.532880,On or near Deepdale Way,E01012327,Darlington 009B,Anti-social behaviour,,
42579dd0c230d7a3081aaf237f4abf816c5d34cdf6b9cc2b8d5a50b5ffd28c2b,2021-05,Durham Constabulary,Durham Constabulary,-1.510628,54.533811,On or near Bisley Court,E01012327,Darlington 009B,Public order,Unable to prosecute suspect,
4c88cbd65e2b3403c7262635651d1c0aac2ae55680c793e0408ea33961f4a969,2021-05,Durham Constabulary,Durham Constabulary,-1.518614,54.532818,On or near Goodison Way,E01012327,Darlington 009B,Public order,Unable to prosecute suspect,
388633cb7b8dbd015c36eb7ba0dad9695696b9e48c8505e5a24d559bafb7a1c8,2021-05,Durham Constabulary,Durham Constabulary,-1.515147,54.534557,On or near Mallory Court,E01012327,Darlington 009B,Public order,Unable to prosecute suspect,
cc3febc27dce74fa932c9804557c53c2febb9da3b7645ed81d72a18e0d9fbc44,2021-05,Durham Constabulary,Durham Constabulary,-1.519267,54.533738,On or near Trafford Close,E01012327,Darlington 009B,Public order,Unable to prosecute suspect,
926c969b2589acf78dd6de4affe627f45b5c967cb81ed8044791c36242a10e94,2021-05,Durham Constabulary,Durham Constabulary,-1.516820,54.532937,On or near White Hart Crescent,E01012327,Darlington 009B,Shoplifting,Unable to prosecute suspect,
fe55ac3ecc61feb022899b1ccae64de502fc5fe9d4e90ae3fb2b7c20e8471cbd,2021-05,Durham Constabulary,Durham Constabulary,-1.518898,54.533592,On or near Headingley Crescent,E01012327,Darlington 009B,Shoplifting,Investigation complete; no suspect identified,
b84ff3b944a544c395f8a87060c6270bc65a8638149175e998ad7c1866d0ad00,2021-05,Durham Constabulary,Durham Constabulary,-1.519267,54.533738,On or near Trafford Close,E01012327,Darlington 009B,Violence and sexual offences,Unable to prosecute suspect,
dbc1ff976670795c137ab326d722792e775b6b71f09183d49523342e697b04a6,2021-05,Durham Constabulary,Durham Constabulary,-1.521826,54.533002,On or near Roker Close,E01012327,Darlington 009B,Violence and sexual offences,Unable to prosecute suspect,
c17647440fc660efd11300faba9fcdcbcd24497fc575ac762de732973965bb32,2021-05,Durham Constabulary,Durham Constabulary,-1.521826,54.533002,On or near Roker Close,E01012327,Darlington 009B,Violence and sexual offences,Unable to prosecute suspect,
deedcd34154170faf67f475f995f9458473e0441c1abbcc4b64778cf5e31e552,2021-05,Durham Constabulary,Durham Constabulary,-1.524820,54.533319,On or near Red Barnes Way,E01012327,Darlington 009B,Violence and sexual offences,Unable to prosecute suspect,
bee089d5272ff26f1f571892409f5a1fbec38057be2c13d77edf33bc2de49f11,2021-05,Durham Constabulary,Durham Constabulary,-1.519267,54.533738,On or near Trafford Close,E01012327,Darlington 009B,Violence and sexual offences,Unable to prosecute suspect,
b2f06887ec9ddfbf9e3e7942b29db0aefaf41c17d0e6c68b57f44689210e1e5f,2021-05,Durham Constabulary,Durham Constabulary,-1.521297,54.533287,On or near Harringay Crescent,E01012327,Darlington 009B,Violence and sexual offences,Investigation complete; no suspect identified,
4939d129b84e8120331890d089eaf4719c88fc4c80c6821f9ca15dc70c00bf00,2021-05,Durham Constabulary,Durham Constabulary,-1.513835,54.534444,On or near Kempton Court,E01012327,Darlington 009B,Violence and sexual offences,Investigation complete; no suspect identified,
a235525fe1317659b81135c3b6d9cbfa7051f2201e40fe4e72f336e42ca1c89a,2021-05,Durham Constabulary,Durham Constabulary,-1.510628,54.533811,On or near Bisley Court,E01012327,Darlington 009B,Violence and sexual offences,Investigation complete; no suspect identified,
372e159218c3c34e765183a53d41f603244238f889b349b7a66df705aa9ef4b2,2021-05,Durham Constabulary,Durham Constabulary,-1.516820,54.532937,On or near White Hart Crescent,E01012327,Darlington 009B,Violence and sexual offences,Unable to prosecute suspect,
47631669a8dd7a5de7065e15244ba27203024021918dc27f7b52e5d5590d1791,2021-05,Durham Constabulary,Durham Constabulary,-1.516820,54.532937,On or near White Hart Crescent,E01012327,Darlington 009B,Violence and sexual offences,Unable to prosecute suspect,
64dbbe78e993781823438b4a24073ffa984d33276b9e1fb95380d543972c841a,2021-05,Durham Constabulary,Durham Constabulary,-1.516820,54.532937,On or near White Hart Crescent,E01012327,Darlington 009B,Violence and sexual offences,Unable to prosecute suspect,
e318da4074082a47ed66aae68f211d979c41fd1a07434867a83fea1b497c9566,2021-05,Durham Constabulary,Durham Constabulary,-1.516820,54.532937,On or near White Hart Crescent,E01012327,Darlington 009B,Violence and sexual offences,Unable to prosecute suspect,
89c55120ac515e3bfceac71f3028c4fb2224a3ea57c04ae68fee7ae9825c243c,2021-05,Durham Constabulary,Durham Constabulary,-1.519267,54.533738,On or near Trafford Close,E01012327,Darlington 009B,Violence and sexual offences,Unable to prosecute suspect,
,2021-05,Durham Constabulary,Durham Constabulary,-1.528969,54.525957,On or near The Causeway,E01012342,Darlington 009C,Anti-social behaviour,,
,2021-05,Durham Constabulary,Durham Constabulary,-1.536977,54.531030,On or near Shelley Road,E01012342,Darlington 009C,Anti-social behaviour,,
,2021-05,Durham Constabulary,Durham Constabulary,-1.535597,54.524644,On or near Cyclamen Grove,E01012342,Darlington 009C,Anti-social behaviour,,
,2021-05,Durham Constabulary,Durham Constabulary,-1.541652,54.530338,On or near Further/Higher Educational Building,E01012342,Darlington 009C,Anti-social behaviour,,
,2021-05,Durham Constabulary,Durham Constabulary,-1.523681,54.530286,On or near Bus/Coach Station,E01012342,Darlington 009C,Anti-social behaviour,,
,2021-05,Durham Constabulary,Durham Constabulary,-1.536764,54.523956,On or near Dinsdale Crescent,E01012342,Darlington 009C,Anti-social behaviour,,
,2021-05,Durham Constabulary,Durham Constabulary,-1.536658,54.530561,On or near Byron Road,E01012342,Darlington 009C,Anti-social behaviour,,
,2021-05,Durham Constabulary,Durham Constabulary,-1.539829,54.531661,On or near Haughton Road,E01012342,Darlington 009C,Anti-social behaviour,,
,2021-05,Durham Constabulary,Durham Constabulary,-1.535366,54.530071,On or near Arnold Road,E01012342,Darlington 009C,Anti-social behaviour,,
,2021-05,Durham Constabulary,Durham Constabulary,-1.535366,54.530071,On or near Arnold Road,E01012342,Darlington 009C,Anti-social behaviour,,
,2021-05,Durham Constabulary,Durham Constabulary,-1.536833,54.527389,On or near Hundens Lane,E01012342,Darlington 009C,Anti-social behaviour,,
57cee30cc2a8b26f53ddfbfacf246bfa039564dd79c0575e054b89e29d96f856,2021-05,Durham Constabulary,Durham Constabulary,-1.541652,54.530338,On or near Further/Higher Educational Building,E01012342,Darlington 009C,Burglary,Investigation complete; no suspect identified,
d5c12ca336c5f83119885821ae12b0200bb202bf29aba3c0946964e5a4a140d6,2021-05,Durham Constabulary,Durham Constabulary,-1.535999,54.527314,On or near Yellowley Court,E01012342,Darlington 009C,Burglary,Court result unavailable,
fe6e5a0391708898ec56ad550c2802318cff140ecbd5e402c0fb660ba99b94c8,2021-05,Durham Constabulary,Durham Constabulary,-1.537118,54.525369,On or near Larkspur Drive,E01012342,Darlington 009C,Criminal damage and arson,Investigation complete; no suspect identified,
a95fe2d0cfc37e155e826cdc80fcd673c9b4ea1d0b7a115be47164390c45e350,2021-05,Durham Constabulary,Durham Constabulary,-1.524917,54.528988,On or near Banks Road,E01012342,Darlington 009C,Criminal damage and arson,Investigation complete; no suspect identified,
e852e8df72a6909206603b268176c4bb855df9ba8683c0d7f03d34894f6ec32c,2021-05,Durham Constabulary,Durham Constabulary,-1.523681,54.530286,On or near Bus/Coach Station,E01012342,Darlington 009C,Criminal damage and arson,Investigation complete; no suspect identified,
df3538f7818903aa040420312f386774409f2188bca735c1c3f2f12caf131733,2021-05,Durham Constabulary,Durham Constabulary,-1.538770,54.525492,On or near Rennie Close,E01012342,Darlington 009C,Criminal damage and arson,Investigation complete; no suspect identified,
55c5f81b46b8908856a1652ca5eb0d3bad2994051d71fd5b2cd36737f471a255,2021-05,Durham Constabulary,Durham Constabulary,-1.537118,54.525369,On or near Larkspur Drive,E01012342,Darlington 009C,Criminal damage and arson,Investigation complete; no suspect identified,
549efb97bcfbc1b5d05647cc8d29b602d928bda86f01b986922992b3e890679a,2021-05,Durham Constabulary,Durham Constabulary,-1.535999,54.527314,On or near Yellowley Court,E01012342,Darlington 009C,Other theft,Investigation complete; no suspect identified,
02adcf890a0a0616f9df5f7bd036b27f882dc6ea842b293396c4583297329100,2021-05,Durham Constabulary,Durham Constabulary,-1.538770,54.525492,On or near Rennie Close,E01012342,Darlington 009C,Public order,Unable to prosecute suspect,
61d73c4aa25daf8be466a15a0b3562d365409fd77faf3c73c1b85dd81169f016,2021-05,Durham Constabulary,Durham Constabulary,-1.535366,54.530071,On or near Arnold Road,E01012342,Darlington 009C,Public order,Investigation complete; no suspect identified,
ca31f44130a33a61440270594429a482d4e00ecb723bd64b1c402427b988b973,2021-05,Durham Constabulary,Durham Constabulary,-1.536658,54.530561,On or near Byron Road,E01012342,Darlington 009C,Public order,Investigation complete; no suspect identified,
51f6bc699d40d556c3ff9834f2f6041e0a94585d4240c249947b46ff03c35c9a,2021-05,Durham Constabulary,Durham Constabulary,-1.535999,54.527314,On or near Yellowley Court,E01012342,Darlington 009C,Robbery,Unable to prosecute suspect,
e09fffd59ed8b15088d081f2b659255ce79bf280d6779a5d4d7e24ad97ed58a3,2021-05,Durham Constabulary,Durham Constabulary,-1.541652,54.530338,On or near Further/Higher Educational Building,E01012342,Darlington 009C,Vehicle crime,Court result unavailable,
53463b5638f8cc5d84911110b9cccb281c45ac8849aa4e8ce625f1ea481d90a7,2021-05,Durham Constabulary,Durham Constabulary,-1.536833,54.527389,On or near Hundens Lane,E01012342,Darlington 009C,Violence and sexual offences,Offender given a caution,
e23c92cfd7f77156a814627d5fc5c59d7a5cf8f32c0ae4ddc7368e9d801e6a51,2021-05,Durham Constabulary,Durham Constabulary,-1.536977,54.531030,On or near Shelley Road,E01012342,Darlington 009C,Violence and sexual offences,Unable to prosecute suspect,
5b7c439ff27a96d15ed870d5bc0db99ec2baa36df05b1441d6aac90e53f20753,2021-05,Durham Constabulary,Durham Constabulary,-1.536833,54.527389,On or near Hundens Lane,E01012342,Darlington 009C,Violence and sexual offences,Unable to prosecute suspect,
968dc04eda78a040ca5e43381a4b87cf0ef4b1f521807e4f93cf982fffe418f2,2021-05,Durham Constabulary,Durham Constabulary,-1.538770,54.525492,On or near Rennie Close,E01012342,Darlington 009C,Violence and sexual offences,Unable to prosecute suspect,
d523c8718fd5178630bc60b2194ab77e0892fd942cebe862dae2fedac679e73f,2021-05,Durham Constabulary,Durham Constabulary,-1.536833,54.527389,On or near Hundens Lane,E01012342,Darlington 009C,Violence and sexual offences,Unable to prosecute suspect,
b90ade86fcefb2b197f071c3dfc747bb6a0c409ac1ac69ecc2d61a07a3b06c9f,2021-05,Durham Constabulary,Durham Constabulary,-1.533344,54.527089,On or near Sports/Recreation Area,E01012342,Darlington 009C,Violence and sexual offences,Unable to prosecute suspect,
a834c9bc48a0a33c7507fc8dc383d11550c6991179bbdff9f68a55b777ef28d7,2021-05,Durham Constabulary,Durham Constabulary,-1.538770,54.525492,On or near Rennie Close,E01012342,Darlington 009C,Violence and sexual offences,Unable to prosecute suspect,
9f68054f6c713b46820893274589bcfc7cc30a3c186b5605ffc4e0578f1e300a,2021-05,Durham Constabulary,Durham Constabulary,-1.538770,54.525492,On or near Rennie Close,E01012342,Darlington 009C,Violence and sexual offences,Unable to prosecute suspect,
be586e2f69794553fbcf585ed9747c5ccf58c8624b6e457f69be67e8d74161f6,2021-05,Durham Constabulary,Durham Constabulary,-1.536977,54.531030,On or near Shelley Road,E01012342,Darlington 009C,Violence and sexual offences,Unable to prosecute suspect,
90c6aa850ca55526ced21120fda9aa5300bb6dca7b3a4f99e514677a0424289a,2021-05,Durham Constabulary,Durham Constabulary,-1.536764,54.523956,On or near Dinsdale Crescent,E01012342,Darlington 009C,Violence and sexual offences,Unable to prosecute suspect,
1cd503694975c7c87562b397faad77a0f81ca08c95244c09a002ef812a2e25fc,2021-05,Durham Constabulary,Durham Constabulary,-1.539829,54.531661,On or near Haughton Road,E01012342,Darlington 009C,Violence and sexual offences,Court result unavailable,
67da9fa657ed680822c82fe6fa3647fa776f98d276cee9ed6a5b93d50c48d3af,2021-05,Durham Constabulary,Durham Constabulary,-1.533344,54.527089,On or near Sports/Recreation Area,E01012342,Darlington 009C,Violence and sexual offences,Unable to prosecute suspect,
b824e7857b3bdd6773efe2e17118947151cb7fafb702eb44122d647494e70f34,2021-05,Durham Constabulary,Durham Constabulary,-1.535366,54.530071,On or near Arnold Road,E01012342,Darlington 009C,Violence and sexual offences,Unable to prosecute suspect,
,2021-05,Durham Constabulary,Durham Constabulary,-1.526019,54.523205,On or near Supermarket,E01012343,Darlington 009D,Anti-social behaviour,,
,2021-05,Durham Constabulary,Durham Constabulary,-1.521076,54.521810,On or near Yarm Road,E01012343,Darlington 009D,Anti-social behaviour,,
,2021-05,Durham Constabulary,Durham Constabulary,-1.526019,54.523205,On or near Supermarket,E01012343,Darlington 009D,Anti-social behaviour,,
,2021-05,Durham Constabulary,Durham Constabulary,-1.519334,54.522837,On or near Mallard Road,E01012343,Darlington 009D,Anti-social behaviour,,
,2021-05,Durham Constabulary,Durham Constabulary,-1.518083,54.521484,On or near Yarm Road,E01012343,Darlington 009D,Anti-social behaviour,,
,2021-05,Durham Constabulary,Durham Constabulary,-1.521532,54.523735,On or near Teal Road,E01012343,Darlington 009D,Anti-social behaviour,,
,2021-05,Durham Constabulary,Durham Constabulary,-1.516896,54.522557,On or near Shopping Area,E01012343,Darlington 009D,Anti-social behaviour,,
,2021-05,Durham Constabulary,Durham Constabulary,-1.522881,54.523318,On or near Flamingo Close,E01012343,Darlington 009D,Anti-social behaviour,,
,2021-05,Durham Constabulary,Durham Constabulary,-1.520362,54.524710,On or near Lingfield Green,E01012343,Darlington 009D,Anti-social behaviour,,
,2021-05,Durham Constabulary,Durham Constabulary,-1.519334,54.522837,On or near Mallard Road,E01012343,Darlington 009D,Anti-social behaviour,,
,2021-05,Durham Constabulary,Durham Constabulary,-1.520570,54.526760,On or near Mcmullen Road,E01012343,Darlington 009D,Anti-social behaviour,,
,2021-05,Durham Constabulary,Durham Constabulary,-1.529747,54.524136,On or near The Stray,E01012343,Darlington 009D,Anti-social behaviour,,
,2021-05,Durham Constabulary,Durham Constabulary,-1.521076,54.521810,On or near Yarm Road,E01012343,Darlington 009D,Anti-social behaviour,,
,2021-05,Durham Constabulary,Durham Constabulary,-1.521076,54.521810,On or near Yarm Road,E01012343,Darlington 009D,Anti-social behaviour,,
,2021-05,Durham Constabulary,Durham Constabulary,-1.524452,54.526425,On or near The Broadway,E01012343,Darlington 009D,Anti-social behaviour,,
,2021-05,Durham Constabulary,Durham Constabulary,-1.506637,54.521339,On or near Wild Road,E01012343,Darlington 009D,Anti-social behaviour,,
25741ec3c826944474ab3b62ca7435babe90d3543f810dad0bc53f338c5071cb,2021-05,Durham Constabulary,Durham Constabulary,-1.516896,54.522557,On or near Shopping Area,E01012343,Darlington 009D,Bicycle theft,Investigation complete; no suspect identified,
e7aa95db6994881e0f064b4d4225a1c9a2a58f1685d2656bd5361a036fa4fa1b,2021-05,Durham Constabulary,Durham Constabulary,-1.521532,54.523735,On or near Teal Road,E01012343,Darlington 009D,Bicycle theft,Investigation complete; no suspect identified,
63e74651cfd3f409c3aaa3075668263da08dacbec81d68244bd600e211996abe,2021-05,Durham Constabulary,Durham Constabulary,-1.520144,54.523541,On or near Kestrel Close,E01012343,Darlington 009D,Burglary,Unable to prosecute suspect,
40f653286d2e4d0d4dea337173942789d66803f57cc8e06747ebcbe5796d24dc,2021-05,Durham Constabulary,Durham Constabulary,-1.506838,54.523829,On or near Lingfield Way,E01012343,Darlington 009D,Burglary,Investigation complete; no suspect identified,
8334be62bff08c07bd6d98840156090997268b19b635ba8340561abf29a8cf5b,2021-05,Durham Constabulary,Durham Constabulary,-1.522473,54.522571,On or near Albatross Way,E01012343,Darlington 009D,Criminal damage and arson,Investigation complete; no suspect identified,
272212d03c783eb151d91daa635b2be77938f49c6394609f10a75175171e724a,2021-05,Durham Constabulary,Durham Constabulary,-1.525602,54.523203,On or near Supermarket,E01012343,Darlington 009D,Criminal damage and arson,Investigation complete; no suspect identified,
46f665882bd7942e4958e089a3114faeac4a3392d650498c4492aec37f0f696a,2021-05,Durham Constabulary,Durham Constabulary,-1.524452,54.526425,On or near The Broadway,E01012343,Darlington 009D,Criminal damage and arson,Unable to prosecute suspect,
b35f0d174de16399a66c1cf0c0a482f579f8c7fa7aea3764e5e7f606d95af4a7,2021-05,Durham Constabulary,Durham Constabulary,-1.519334,54.522837,On or near Mallard Road,E01012343,Darlington 009D,Criminal damage and arson,Investigation complete; no suspect identified,
d27bbb8f498926c3d8a595e427d12545d90e19cc9a353ca66d3c9a91a54d05ed,2021-05,Durham Constabulary,Durham Constabulary,-1.519334,54.522837,On or near Mallard Road,E01012343,Darlington 009D,Other theft,Investigation complete; no suspect identified,
291b17660b560777eb2f7cad72f217a91a8335b879c49003a3bf10278daf74ee,2021-05,Durham Constabulary,Durham Constabulary,-1.523354,54.523832,On or near Heron Drive,E01012343,Darlington 009D,Other theft,Investigation complete; no suspect identified,
3c8da853698e9b53bf87742be0610dfb94b001647fe3ffde4dbff300d917e908,2021-05,Durham Constabulary,Durham Constabulary,-1.516896,54.522557,On or near Shopping Area,E01012343,Darlington 009D,Other theft,Investigation complete; no suspect identified,
47a3ff7c371f90e0cc0e3f1d161d003608cc5a2c5fec3e1954825f6743b1ecc9,2021-05,Durham Constabulary,Durham Constabulary,-1.518083,54.521484,On or near Yarm Road,E01012343,Darlington 009D,Shoplifting,Investigation complete; no suspect identified,
84ef4316f76c84b074d14ad9cb8c3bedbfd02a2893bd208efe2e1d103d25ce1b,2021-05,Durham Constabulary,Durham Constabulary,-1.518083,54.521484,On or near Yarm Road,E01012343,Darlington 009D,Shoplifting,Investigation complete; no suspect identified,
4609fceb677c72367dbceb89d9d86529a44fd46300bd9d1fdce1270225e710f9,2021-05,Durham Constabulary,Durham Constabulary,-1.516896,54.522557,On or near Shopping Area,E01012343,Darlington 009D,Shoplifting,Investigation complete; no suspect identified,
8526dfc5bd29cfea1317aea5209b67a500724152fc1be932ee20e9f15a2cc672,2021-05,Durham Constabulary,Durham Constabulary,-1.516896,54.522557,On or near Shopping Area,E01012343,Darlington 009D,Shoplifting,Investigation complete; no suspect identified,
a539dff3f6b97a5572952ee9284610fd53df2f38011e49d3fe7e526d728b1ae8,2021-05,Durham Constabulary,Durham Constabulary,-1.516896,54.522557,On or near Shopping Area,E01012343,Darlington 009D,Shoplifting,Court result unavailable,
d24f88f358e758fc8a04813cdebff96cb1aff6168cc23a6e0278b8e673ede620,2021-05,Durham Constabulary,Durham Constabulary,-1.516896,54.522557,On or near Shopping Area,E01012343,Darlington 009D,Shoplifting,Investigation complete; no suspect identified,
24bc840556072c1ed84422b15ce7b6718294fccb83959ec38b5dde7c118a0fef,2021-05,Durham Constabulary,Durham Constabulary,-1.525602,54.523203,On or near Supermarket,E01012343,Darlington 009D,Shoplifting,Status update unavailable,
d8d6747a78c987386568509e21d95d2196e5f4e31f4514830ac873dbd841788c,2021-05,Durham Constabulary,Durham Constabulary,-1.520570,54.526760,On or near Mcmullen Road,E01012343,Darlington 009D,Vehicle crime,Investigation complete; no suspect identified,
0dc1967eb5bbfadbc87fc77ce58168cfd579e0da70d977fb20680c39670d481b,2021-05,Durham Constabulary,Durham Constabulary,-1.520184,54.522822,On or near Widgeon Road,E01012343,Darlington 009D,Violence and sexual offences,Investigation complete; no suspect identified,
ca702235dfc21b3e54e9daa9975e4c6155aec41b609b37df661ffcbbf3dead54,2021-05,Durham Constabulary,Durham Constabulary,-1.516896,54.522557,On or near Shopping Area,E01012343,Darlington 009D,Violence and sexual offences,Unable to prosecute suspect,
869f5d1e1ad28b67089fcd146c5676caa12d937e60ac862dadccf6a5480105e4,2021-05,Durham Constabulary,Durham Constabulary,-1.522881,54.523318,On or near Flamingo Close,E01012343,Darlington 009D,Violence and sexual offences,Investigation complete; no suspect identified,
5ca01b92c7752ca0ff614e6ae8f961ecfae8a266460c868041c0fb1b24f5e64f,2021-05,Durham Constabulary,Durham Constabulary,-1.519915,54.528600,On or near Sports/Recreation Area,E01012343,Darlington 009D,Violence and sexual offences,Unable to prosecute suspect,
ba9e530b92efd1edb9f98aec748a76902eca128d1b6f68b8fa9abc67968a486b,2021-05,Durham Constabulary,Durham Constabulary,-1.519915,54.528600,On or near Sports/Recreation Area,E01012343,Darlington 009D,Violence and sexual offences,Unable to prosecute suspect,
ca4da0b47fea9dd1e624f555ceec699fa2649c1d4e39554a4f5bd8b1883326e8,2021-05,Durham Constabulary,Durham Constabulary,-1.516896,54.522557,On or near Shopping Area,E01012343,Darlington 009D,Violence and sexual offences,Unable to prosecute suspect,
,2021-05,Durham Constabulary,Durham Constabulary,-1.571726,54.524022,On or near Westbourne Grove,E01012315,Darlington 010A,Anti-social behaviour,,
,2021-05,Durham Constabulary,Durham Constabulary,-1.571591,54.522197,On or near Elton Grove,E01012315,Darlington 010A,Anti-social behaviour,,
,2021-05,Durham Constabulary,Durham Constabulary,-1.571591,54.522197,On or near Elton Grove,E01012315,Darlington 010A,Anti-social behaviour,,
,2021-05,Durham Constabulary,Durham Constabulary,-1.575852,54.528467,On or near Boyes Hill Grove,E01012315,Darlington 010A,Anti-social behaviour,,
f02daf53c237f9be40c669d3da9c8fdeea8632b485b86e3434a31e5c3b09cc53,2021-05,Durham Constabulary,Durham Constabulary,-1.574746,54.529272,On or near Woodland Terrace,E01012315,Darlington 010A,Public order,Investigation complete; no suspect identified,
26b7e3ed39d13954a361bceb370f66bdf192342aee5aae1007f22a263cc53544,2021-05,Durham Constabulary,Durham Constabulary,-1.571726,54.524022,On or near Westbourne Grove,E01012315,Darlington 010A,Vehicle crime,Court result unavailable,
e40e42bba6e7f90be57cc542b26de61b1b0525261360560e96bf73064a72d0f8,2021-05,Durham Constabulary,Durham Constabulary,-1.577207,54.527411,On or near Milbank Court,E01012315,Darlington 010A,Vehicle crime,Formal action is not in the public interest,
0c9e98c44fd91a0e569779f3e1dbfc57d09570c0b3608b41122bc66da2789020,2021-05,Durham Constabulary,Durham Constabulary,-1.571726,54.524022,On or near Westbourne Grove,E01012315,Darlington 010A,Vehicle crime,Court result unavailable,
70205cdc0b5ae90d600c4580c86e6141869eac751f466c166df81b15e6f1ffed,2021-05,Durham Constabulary,Durham Constabulary,-1.577578,54.524411,On or near Spruce Grove,E01012315,Darlington 010A,Violence and sexual offences,Local resolution,
,2021-05,Durham Constabulary,Durham Constabulary,-1.569849,54.526244,On or near Glaisdale Court,E01012316,Darlington 010B,Anti-social behaviour,,
,2021-05,Durham Constabulary,Durham Constabulary,-1.565035,54.522668,On or near Langholm Crescent,E01012316,Darlington 010B,Anti-social behaviour,,
3be7accab23fff1d2a1df45200c3a27eea389aa27ede8cd4acee5a96ccc99672,2021-05,Durham Constabulary,Durham Constabulary,-1.566138,54.523544,On or near Fife Road,E01012316,Darlington 010B,Criminal damage and arson,Local resolution,
ca291b71d4076865f5c018e907f1307f4eb007848764b93c3f8aed434d542c68,2021-05,Durham Constabulary,Durham Constabulary,-1.562935,54.522634,On or near Scarth Street,E01012316,Darlington 010B,Criminal damage and arson,Investigation complete; no suspect identified,
8efece1eb77d2489373407c154c7264cb62067226d4c1e3fa5afbd616c144d16,2021-05,Durham Constabulary,Durham Constabulary,-1.565265,54.525751,On or near Further/Higher Educational Building,E01012316,Darlington 010B,Criminal damage and arson,Local resolution,
84e65247f0d27ca1ec83871f5138583c483ba3cbb7ecdbde4adecf64368b12e9,2021-05,Durham Constabulary,Durham Constabulary,-1.565732,54.526868,On or near Trinity Road,E01012316,Darlington 010B,Other theft,Investigation complete; no suspect identified,
77d1ef4982eeeee1622d7d96b9b8a61b6261b1aae552a88f9f8f308b9c69c439,2021-05,Durham Constabulary,Durham Constabulary,-1.565035,54.522668,On or near Langholm Crescent,E01012316,Darlington 010B,Public order,Unable to prosecute suspect,
80e9586504a471390a98d358a7769666a5a8689569ac9cd25b65234ec87c29d4,2021-05,Durham Constabulary,Durham Constabulary,-1.563169,54.526733,On or near Stanhope Road North,E01012316,Darlington 010B,Public order,Further investigation is not in the public interest,
55571607920f15fd2b7317a1ca4f122b84f19a9928bb37c9271d4c33dd880fc0,2021-05,Durham Constabulary,Durham Constabulary,-1.566547,54.527257,On or near Trinity Mews,E01012316,Darlington 010B,Vehicle crime,Formal action is not in the public interest,
76da4bad60c330c9c3538dc4855bd3ed0f23afdd0e118359953417a6c816fc9d,2021-05,Durham Constabulary,Durham Constabulary,-1.567431,54.528383,On or near Milbank Road,E01012316,Darlington 010B,Vehicle crime,Court result unavailable,
4d302477314e62f024fbea11239453f6553d8308c4be88fd80369236d1ccbfd9,2021-05,Durham Constabulary,Durham Constabulary,-1.562935,54.522634,On or near Scarth Street,E01012316,Darlington 010B,Violence and sexual offences,Unable to prosecute suspect,
91819abcf7cd0aed31e6390b40536b944f86daf4ee1376f9efd0faf15eb07446,2021-05,Durham Constabulary,Durham Constabulary,-1.566749,54.525658,On or near Sports/Recreation Area,E01012316,Darlington 010B,Violence and sexual offences,Unable to prosecute suspect,
b73fca38eb12b024d998b6d7bc9ad9e4f62e4feaedbbdd5eb14d7f8fa82c56bf,2021-05,Durham Constabulary,Durham Constabulary,-1.562935,54.522634,On or near Scarth Street,E01012316,Darlington 010B,Violence and sexual offences,Unable to prosecute suspect,
,2021-05,Durham Constabulary,Durham Constabulary,-1.575282,54.519370,On or near Knoll Avenue,E01012360,Darlington 010C,Anti-social behaviour,,
,2021-05,Durham Constabulary,Durham Constabulary,-1.575282,54.519370,On or near Knoll Avenue,E01012360,Darlington 010C,Anti-social behaviour,,
,2021-05,Durham Constabulary,Durham Constabulary,-1.563331,54.518798,On or near Harewood Grove,E01012360,Darlington 010C,Anti-social behaviour,,
,2021-05,Durham Constabulary,Durham Constabulary,-1.563331,54.518798,On or near Harewood Grove,E01012360,Darlington 010C,Anti-social behaviour,,
,2021-05,Durham Constabulary,Durham Constabulary,-1.564074,54.517156,On or near Kendal Close,E01012360,Darlington 010C,Anti-social behaviour,,
,2021-05,Durham Constabulary,Durham Constabulary,-1.569990,54.518678,On or near Woodvale Road,E01012360,Darlington 010C,Anti-social behaviour,,
31fa0523bb12cac9f4c81739831d541d94dfa94130a11a45b09e5d202dfac175,2021-05,Durham Constabulary,Durham Constabulary,-1.574292,54.520967,On or near Sylvan Grove,E01012360,Darlington 010C,Criminal damage and arson,Local resolution,
00dd0f73d06a10bb8139782fcacdce269b1d6cdc1e4f0944490197ffc336c811,2021-05,Durham Constabulary,Durham Constabulary,-1.574001,54.519267,On or near Linden Drive,E01012360,Darlington 010C,Criminal damage and arson,Local resolution,
96e75e4c4f5485120171b58f0476e49955cff6927221675342e5584112fa8294,2021-05,Durham Constabulary,Durham Constabulary,-1.574001,54.519267,On or near Linden Drive,E01012360,Darlington 010C,Criminal damage and arson,Investigation complete; no suspect identified,
0273a158f6c348d0e10d921b07d51bf82d4b406a26062cd69e44c7c88d2e2817,2021-05,Durham Constabulary,Durham Constabulary,-1.572647,54.520224,On or near Elton Parade,E01012360,Darlington 010C,Criminal damage and arson,Local resolution,
1ff4570042179e3d80f5f55897a2b64eff5e64104f70fdc30c0ca62658822262,2021-05,Durham Constabulary,Durham Constabulary,-1.569990,54.518678,On or near Woodvale Road,E01012360,Darlington 010C,Other theft,Investigation complete; no suspect identified,
e72421e2965148b42260b9f77be8cc149905062fb16933077651e1352fbbddc2,2021-05,Durham Constabulary,Durham Constabulary,-1.563564,54.517253,On or near Petrol Station,E01012360,Darlington 010C,Other theft,Investigation complete; no suspect identified,
9daac3569bced473604ba8a825de9f5f1389487303291204353cd9678a00a121,2021-05,Durham Constabulary,Durham Constabulary,-1.563564,54.517253,On or near Petrol Station,E01012360,Darlington 010C,Other theft,Unable to prosecute suspect,
b2a18cb0f185c8ce15c3b0e8bd6d5e9356c0ae26b1e78ba05aa0c0a889aa88d3,2021-05,Durham Constabulary,Durham Constabulary,-1.566585,54.519259,On or near Greenmount Road,E01012360,Darlington 010C,Public order,Unable to prosecute suspect,
90c4348a89eb1701bbd0c9458ba1693e5ffdbef08214b2a1f23940759a60300c,2021-05,Durham Constabulary,Durham Constabulary,-1.569543,54.515683,On or near Blackwell Lane,E01012360,Darlington 010C,Vehicle crime,Investigation complete; no suspect identified,
2930ffd513405e706a4ed75e1eb05563cf11f2c5305d66b6cb7653bef0c3ec59,2021-05,Durham Constabulary,Durham Constabulary,-1.563331,54.518798,On or near Harewood Grove,E01012360,Darlington 010C,Violence and sexual offences,Unable to prosecute suspect,
,2021-05,Durham Constabulary,Durham Constabulary,-1.591778,54.519652,On or near Teesdale Avenue,E01012336,Darlington 011A,Anti-social behaviour,,
,2021-05,Durham Constabulary,Durham Constabulary,-1.591778,54.519652,On or near Teesdale Avenue,E01012336,Darlington 011A,Anti-social behaviour,,
7e54d58b5625cf2e9a9ffaa023733842d71d45b605af567b858249d0b25718b5,2021-05,Durham Constabulary,Durham Constabulary,-1.601037,54.525425,On or near Arncliffe Grove,E01012336,Darlington 011A,Vehicle crime,Court result unavailable,
3cc40a5ba1d0e6fa70907c64675d88255fb802e52e679b0829e7eedfc33e3bad,2021-05,Durham Constabulary,Durham Constabulary,-1.600000,54.525566,On or near Shawbrow View,E01012336,Darlington 011A,Vehicle crime,Court result unavailable,
b685a13aed25a3ee16821b5f17ad43da92545d020ce2f7a70a5a7a878676eb38,2021-05,Durham Constabulary,Durham Constabulary,-1.601037,54.525425,On or near Arncliffe Grove,E01012336,Darlington 011A,Vehicle crime,Formal action is not in the public interest,
7df71c83acc4066acee010b593d3c7c1e9c68edafb8475bfe97f6888ffbdf3fb,2021-05,Durham Constabulary,Durham Constabulary,-1.583813,54.526608,On or near Whitemeadows,E01012336,Darlington 011A,Violence and sexual offences,Unable to prosecute suspect,
df8739015d0b69e6ab71287fbc1e3c400d82814398778f77c95d882ab0f50c75,2021-05,Durham Constabulary,Durham Constabulary,-1.593268,54.522038,On or near Edinburgh Drive,E01012336,Darlington 011A,Violence and sexual offences,Action to be taken by another organisation,
1f44b58ba4d7ede205ac3929d6f3a1edfe411cc938f10725f17224006b241beb,2021-05,Durham Constabulary,Durham Constabulary,-1.591778,54.519652,On or near Teesdale Avenue,E01012336,Darlington 011A,Violence and sexual offences,Unable to prosecute suspect,
,2021-05,Durham Constabulary,Durham Constabulary,-1.580223,54.518102,On or near Stonehurst Drive,E01012337,Darlington 011B,Anti-social behaviour,,
,2021-05,Durham Constabulary,Durham Constabulary,-1.585998,54.522867,On or near St Hild Close,E01012337,Darlington 011B,Anti-social behaviour,,
,2021-05,Durham Constabulary,Durham Constabulary,-1.580223,54.518102,On or near Stonehurst Drive,E01012337,Darlington 011B,Anti-social behaviour,,
,2021-05,Durham Constabulary,Durham Constabulary,-1.586586,54.533510,On or near Staindrop Road,E01012347,Darlington 011C,Anti-social behaviour,,
d0c7266f8676f421782ebd43554764226d469ca83a8ff3bb0fc3379925aa07ca,2021-05,Durham Constabulary,Durham Constabulary,-1.593272,54.534054,On or near Chase Close,E01012347,Darlington 011C,Vehicle crime,Investigation complete; no suspect identified,
6f4d510da0ca0aa314efeafd77700f057074be1f826880926ba9b56829e00d8d,2021-05,Durham Constabulary,Durham Constabulary,-1.588560,54.532357,On or near Mowden Hall Drive,E01012347,Darlington 011C,Violence and sexual offences,Action to be taken by another organisation,
0ef514a0147fb716c0f781b31662269c700a0c886df139f618e91da108b10cf7,2021-05,Durham Constabulary,Durham Constabulary,-1.581386,54.529754,On or near Pennine Close,E01012347,Darlington 011C,Violence and sexual offences,Unable to prosecute suspect,
,2021-05,Durham Constabulary,Durham Constabulary,-1.595100,54.528964,On or near Sports/Recreation Area,E01012348,Darlington 011D,Anti-social behaviour,,
,2021-05,Durham Constabulary,Durham Constabulary,-1.591760,54.527659,On or near Carlbury Crescent,E01012348,Darlington 011D,Anti-social behaviour,,
,2021-05,Durham Constabulary,Durham Constabulary,-1.594656,54.526950,On or near Supermarket,E01012348,Darlington 011D,Anti-social behaviour,,
,2021-05,Durham Constabulary,Durham Constabulary,-1.589934,54.530924,On or near Conyers Close,E01012348,Darlington 011D,Anti-social behaviour,,
d4bbcc5e59e59af13ff5fbd172e91393875f5011db1740183d4af183f685253f,2021-05,Durham Constabulary,Durham Constabulary,-1.594656,54.526950,On or near Supermarket,E01012348,Darlington 011D,Other theft,Court result unavailable,
4350c1af94758efe81146b37781f6a059ba8c6d9fa20705bdbfcf1a8982f5b9d,2021-05,Durham Constabulary,Durham Constabulary,-1.594656,54.526950,On or near Supermarket,E01012348,Darlington 011D,Public order,Status update unavailable,
b0f09bd30bca5eade8bb92c183b0c90b89dda5d907ac6c65adfbf0432998fcd8,2021-05,Durham Constabulary,Durham Constabulary,-1.586115,54.529698,On or near Lazenby Close,E01012348,Darlington 011D,Vehicle crime,Investigation complete; no suspect identified,
8c29eb424b8ee04f5a952def1aea14a7efab685d430b3c281241f8568c8a04c9,2021-05,Durham Constabulary,Durham Constabulary,-1.586621,54.531542,On or near Lazenby Grove,E01012348,Darlington 011D,Violence and sexual offences,Unable to prosecute suspect,
,2021-05,Durham Constabulary,Durham Constabulary,-1.601068,54.519036,On or near Parking Area,E01012361,Darlington 011E,Anti-social behaviour,,
,2021-05,Durham Constabulary,Durham Constabulary,-1.577376,54.515486,On or near Carmel Road South,E01012361,Darlington 011E,Anti-social behaviour,,
,2021-05,Durham Constabulary,Durham Constabulary,-1.572171,54.515495,On or near Glenfield Road,E01012361,Darlington 011E,Anti-social behaviour,,
,2021-05,Durham Constabulary,Durham Constabulary,-1.575676,54.512614,On or near Blackwell Close,E01012361,Darlington 011E,Anti-social behaviour,,
,2021-05,Durham Constabulary,Durham Constabulary,-1.576983,54.511657,On or near Blackwell Grove,E01012361,Darlington 011E,Anti-social behaviour,,
5eb0d36b20712e7debfdf5a56b4ef669cf65bbe424544267b6f950d65294044b,2021-05,Durham Constabulary,Durham Constabulary,-1.576607,54.509184,On or near Briar Walk,E01012361,Darlington 011E,Burglary,Investigation complete; no suspect identified,
e8f3410dfc03e8b107edface46034b115758c2f6be9479e0f5dc4b214cc15ccc,2021-05,Durham Constabulary,Durham Constabulary,-1.577953,54.507508,On or near Bridge Road,E01012361,Darlington 011E,Criminal damage and arson,Investigation complete; no suspect identified,
1d2043792d3c63a0bece04f869c778ca4293d023d5431eeca95b580d29d93529,2021-05,Durham Constabulary,Durham Constabulary,-1.570692,54.507770,On or near Snipe Lane,E01012361,Darlington 011E,Vehicle crime,Investigation complete; no suspect identified,
107824b90743a4e13860592ec41d99d30926196b002f20336567e9ebd6049905,2021-05,Durham Constabulary,Durham Constabulary,-1.569950,54.518066,On or near The Rise,E01012361,Darlington 011E,Vehicle crime,Investigation complete; no suspect identified,
cba365b61a0b4249ca039118372e804069bb69a4a0f6efd6ccb9b1b655e0002b,2021-05,Durham Constabulary,Durham Constabulary,-1.576862,54.509994,On or near Briar Close,E01012361,Darlington 011E,Vehicle crime,Investigation complete; no suspect identified,
77159df0944ca0badf74991e90b6c895d32e04ae7df10496ac65f925e798a2f2,2021-05,Durham Constabulary,Durham Constabulary,-1.577953,54.507508,On or near Bridge Road,E01012361,Darlington 011E,Vehicle crime,Investigation complete; no suspect identified,
f55938393b5e048cff0bd66584d89afa7db3820af9d5b041f5b45ad829a07077,2021-05,Durham Constabulary,Durham Constabulary,-1.601068,54.519036,On or near Parking Area,E01012361,Darlington 011E,Violence and sexual offences,Unable to prosecute suspect,
,2021-05,Durham Constabulary,Durham Constabulary,-1.541443,54.524127,On or near Rocket Street,E01012304,Darlington 012A,Anti-social behaviour,,
,2021-05,Durham Constabulary,Durham Constabulary,-1.543615,54.523299,On or near Bridge Terrace,E01012304,Darlington 012A,Anti-social behaviour,,
,2021-05,Durham Constabulary,Durham Constabulary,-1.542821,54.522514,On or near St John'S Crescent,E01012304,Darlington 012A,Anti-social behaviour,,
,2021-05,Durham Constabulary,Durham Constabulary,-1.543615,54.523299,On or near Bridge Terrace,E01012304,Darlington 012A,Anti-social behaviour,,
,2021-05,Durham Constabulary,Durham Constabulary,-1.542821,54.522514,On or near St John'S Crescent,E01012304,Darlington 012A,Anti-social behaviour,,
,2021-05,Durham Constabulary,Durham Constabulary,-1.541443,54.524127,On or near Rocket Street,E01012304,Darlington 012A,Anti-social behaviour,,
,2021-05,Durham Constabulary,Durham Constabulary,-1.543615,54.523299,On or near Bridge Terrace,E01012304,Darlington 012A,Anti-social behaviour,,
,2021-05,Durham Constabulary,Durham Constabulary,-1.542406,54.523654,On or near Peel Street,E01012304,Darlington 012A,Anti-social behaviour,,
e6afa2340e424ba38fd803b8ec770123fbb3cd581b635afc32a8627b40f53bd7,2021-05,Durham Constabulary,Durham Constabulary,-1.542406,54.523654,On or near Peel Street,E01012304,Darlington 012A,Burglary,Court result unavailable,
b67500bfb8d7c54276b74f7ab028ee3b18090632d8f45076df1a6fafcb2d142d,2021-05,Durham Constabulary,Durham Constabulary,-1.542193,54.522018,On or near King William Street,E01012304,Darlington 012A,Burglary,Court result unavailable,
2ab6a17f0f20cb890357e2aaa808c80f11793b607f8b29d645b2f1b2776e7740,2021-05,Durham Constabulary,Durham Constabulary,-1.542406,54.523654,On or near Peel Street,E01012304,Darlington 012A,Burglary,Court result unavailable,
ac11cce4f3522cb6703923a768d08203d1703d27cd4770312f82aeaafefdc608,2021-05,Durham Constabulary,Durham Constabulary,-1.541443,54.524127,On or near Rocket Street,E01012304,Darlington 012A,Criminal damage and arson,Unable to prosecute suspect,
2f79be2930d6fc20564d1bbda5588329377628efd6b49f7467d35dddf15c4c9d,2021-05,Durham Constabulary,Durham Constabulary,-1.541730,54.523319,On or near Wesley Street,E01012304,Darlington 012A,Criminal damage and arson,Unable to prosecute suspect,
0da82e9d440fe345556d49ac2fbb26d8b9bdf94b8e361c98e8897dce1e41851f,2021-05,Durham Constabulary,Durham Constabulary,-1.541949,54.521675,On or near Thomas Court,E01012304,Darlington 012A,Criminal damage and arson,Investigation complete; no suspect identified,
cbb3fc27126100862dcd34b15afe6f94a871fb76698f3abcacf288605baae83f,2021-05,Durham Constabulary,Durham Constabulary,-1.540458,54.523764,On or near Stanley Street,E01012304,Darlington 012A,Criminal damage and arson,Unable to prosecute suspect,
e0fb1dbcf66ae46054909355623decf2dc6b851ee519d7efbdcc9205d41118c1,2021-05,Durham Constabulary,Durham Constabulary,-1.541443,54.524127,On or near Rocket Street,E01012304,Darlington 012A,Other theft,Unable to prosecute suspect,
f952935d36da792df232caec09378c12287b879bc6560d0f85aea71cfba37556,2021-05,Durham Constabulary,Durham Constabulary,-1.539814,54.524741,On or near Telford Drive,E01012304,Darlington 012A,Other theft,Investigation complete; no suspect identified,
3ea4d84366e6eddbf2cb6bf7ab1c59941ec7cbe2e8c2a6f2e089576519edcfae,2021-05,Durham Constabulary,Durham Constabulary,-1.542406,54.523654,On or near Peel Street,E01012304,Darlington 012A,Public order,Investigation complete; no suspect identified,
fffae7738d8f762025922d8827ba738cee88702b9b9df2db9a9ed1f223335fcc,2021-05,Durham Constabulary,Durham Constabulary,-1.541443,54.524127,On or near Rocket Street,E01012304,Darlington 012A,Public order,Unable to prosecute suspect,
0d8446d685b5da646d2676a1b2de869f65314b3a292a62ae7f5cd81d201089cd,2021-05,Durham Constabulary,Durham Constabulary,-1.541443,54.524127,On or near Rocket Street,E01012304,Darlington 012A,Violence and sexual offences,Unable to prosecute suspect,
e31b77e8788c32313f963335c0b608f58db6a7fd9530477d1eb30ed2180473a3,2021-05,Durham Constabulary,Durham Constabulary,-1.541730,54.523319,On or near Wesley Street,E01012304,Darlington 012A,Violence and sexual offences,Unable to prosecute suspect,
38916cc4288c7e83f1b0fc95a830e38b3b5a649c0bf749e37f44124e1f04e1aa,2021-05,Durham Constabulary,Durham Constabulary,-1.539255,54.522204,On or near Dickinson Street,E01012304,Darlington 012A,Violence and sexual offences,Unable to prosecute suspect,
c9e0de3a8847920ccd672e28c965f8b95d4cea1ac42ae3d59cc2ffaabe4cfb0a,2021-05,Durham Constabulary,Durham Constabulary,-1.539255,54.522204,On or near Dickinson Street,E01012304,Darlington 012A,Violence and sexual offences,Unable to prosecute suspect,
446c1d150e04655ee72b355b63aa5318125335e9a6e039d76c04f33f87b7637c,2021-05,Durham Constabulary,Durham Constabulary,-1.541949,54.521675,On or near Thomas Court,E01012304,Darlington 012A,Violence and sexual offences,Unable to prosecute suspect,
0896da36c1d6b69a21fa1263e70359482fae1a079d5e1abe21b8645632c61c0e,2021-05,Durham Constabulary,Durham Constabulary,-1.543615,54.523299,On or near Bridge Terrace,E01012304,Darlington 012A,Violence and sexual offences,Investigation complete; no suspect identified,
889e960a43e74e905a5ba203cc2dfb4d140dfa4715317eafe78f11d54be4b2c3,2021-05,Durham Constabulary,Durham Constabulary,-1.539346,54.525134,On or near Brunel Way,E01012304,Darlington 012A,Violence and sexual offences,Unable to prosecute suspect,
dae178f0a455adfe7ded4506c14adef05fc23d808e3e8aa492d28f252c13c5b0,2021-05,Durham Constabulary,Durham Constabulary,-1.541949,54.521675,On or near Thomas Court,E01012304,Darlington 012A,Violence and sexual offences,Investigation complete; no suspect identified,
d7eb13962feb13c7d7c32c91d1da87354ae618516568f5c6fbd002d3b54165b2,2021-05,Durham Constabulary,Durham Constabulary,-1.540458,54.523764,On or near Stanley Street,E01012304,Darlington 012A,Violence and sexual offences,Local resolution,
4ef24e57e7d38ece6df6b0ebb6cb672d774e55cdb3241a3aeee4de966436927c,2021-05,Durham Constabulary,Durham Constabulary,-1.541949,54.521675,On or near Thomas Court,E01012304,Darlington 012A,Violence and sexual offences,Unable to prosecute suspect,
3c4583a93c1b9217da912af563e23ad5aca01c7d20298ebf5408ca0b10a95a76,2021-05,Durham Constabulary,Durham Constabulary,-1.542821,54.522514,On or near St John'S Crescent,E01012304,Darlington 012A,Violence and sexual offences,Local resolution,
7e8d8ee7ebb20a1d6b9384140fdba591b93f4430b62b18ca326f8beeaa2a63cd,2021-05,Durham Constabulary,Durham Constabulary,-1.541949,54.521675,On or near Thomas Court,E01012304,Darlington 012A,Violence and sexual offences,Offender given a caution,
85fbda8fbb86921a5759f46d084e8d8387abe1e377e1e39361ecb4a478e61712,2021-05,Durham Constabulary,Durham Constabulary,-1.541949,54.521675,On or near Thomas Court,E01012304,Darlington 012A,Violence and sexual offences,Unable to prosecute suspect,
756ac59975f990f91341a152e5a663057a4ee608a8ce2a12478b024e907074af,2021-05,Durham Constabulary,Durham Constabulary,-1.541443,54.524127,On or near Rocket Street,E01012304,Darlington 012A,Violence and sexual offences,Unable to prosecute suspect,
51aa9344eb887ea711b42e1379b86edad09fea0d9fffd3ea9be25ab211a96092,2021-05,Durham Constabulary,Durham Constabulary,-1.539280,54.522798,On or near Lawrence Street,E01012304,Darlington 012A,Violence and sexual offences,Unable to prosecute suspect,
1c0a823e35f1a3a4b54b2ac9ab657c54f9c5485a8530a319877de9aba583311e,2021-05,Durham Constabulary,Durham Constabulary,-1.542193,54.522018,On or near King William Street,E01012304,Darlington 012A,Violence and sexual offences,Unable to prosecute suspect,
,2021-05,Durham Constabulary,Durham Constabulary,-1.544931,54.518865,On or near Bank Top Mews,E01012305,Darlington 012B,Anti-social behaviour,,
44324db4689f0aa906436c95b85fdde8439e2b73729136149dd5625bb83c4651,2021-05,Durham Constabulary,Durham Constabulary,-1.543492,54.519102,On or near Leonard Street,E01012305,Darlington 012B,Criminal damage and arson,Investigation complete; no suspect identified,
2973fb0b9d36a021905bdc1102f85dac3e89d75b941e1d9bd31f785b9c44f19d,2021-05,Durham Constabulary,Durham Constabulary,-1.544931,54.518865,On or near Bank Top Mews,E01012305,Darlington 012B,Criminal damage and arson,Further action is not in the public interest,
49169133a0d8e8190ee552e6c3c2ce8064fbd15761785230237c253d902ccf76,2021-05,Durham Constabulary,Durham Constabulary,-1.544931,54.518865,On or near Bank Top Mews,E01012305,Darlington 012B,Drugs,Offender given a caution,
3a0f0d415b7002cd7126f1609816854252f8c2bcfcd6cf4dfc8701db97f26bf6,2021-05,Durham Constabulary,Durham Constabulary,-1.539853,54.521245,On or near Louisa Street,E01012305,Darlington 012B,Drugs,Investigation complete; no suspect identified,
933588762342f879e314d51e9e5e31cadbd30d89124df2d5b6d33b72c6f74bf5,2021-05,Durham Constabulary,Durham Constabulary,-1.540877,54.519460,On or near Lewes Road,E01012305,Darlington 012B,Other theft,Offender given a caution,
08ad27cb5c365f6d66fed0accc16934bcf2bc0b86a971b5682c675d69550b004,2021-05,Durham Constabulary,Durham Constabulary,-1.543192,54.521078,On or near Neasham Road,E01012305,Darlington 012B,Public order,Unable to prosecute suspect,
45ccd436a00b7ea07d1930cb2b0a4e123b267f02994459b95b43bdd7e9a3888c,2021-05,Durham Constabulary,Durham Constabulary,-1.544653,54.520319,On or near Supermarket,E01012305,Darlington 012B,Shoplifting,Court result unavailable,
ee740f6475823f724cb6290462b4df5396ecc7e641d3ae718fd9f9b00633de2f,2021-05,Durham Constabulary,Durham Constabulary,-1.544653,54.520319,On or near Supermarket,E01012305,Darlington 012B,Shoplifting,Investigation complete; no suspect identified,
e64f0b666280e3799a1726f61185138fe9d10e3379f098d387af2094d85117ad,2021-05,Durham Constabulary,Durham Constabulary,-1.544653,54.520319,On or near Supermarket,E01012305,Darlington 012B,Shoplifting,Court result unavailable,
a65b1a4641db32250d5bc5c8e68309fb1e6ff5bd89a3300099e70e84767ca0c3,2021-05,Durham Constabulary,Durham Constabulary,-1.544931,54.518865,On or near Bank Top Mews,E01012305,Darlington 012B,Theft from the person,Unable to prosecute suspect,
e62a15be78a9f6ce35063d8945c833bd5946801f37c93e84dc5c31aac2427c2c,2021-05,Durham Constabulary,Durham Constabulary,-1.539853,54.521245,On or near Louisa Street,E01012305,Darlington 012B,Violence and sexual offences,Unable to prosecute suspect,
ee3ffece272291c8c7daadb5ad5e0d5d9a1a8f244570e5e8bd7e9121e8058ad6,2021-05,Durham Constabulary,Durham Constabulary,-1.543192,54.521078,On or near Neasham Road,E01012305,Darlington 012B,Violence and sexual offences,Unable to prosecute suspect,
3758f03c481b2bd5d31adc1c5d7a22ca499325a0c8e87d7afa394aad19212e6d,2021-05,Durham Constabulary,Durham Constabulary,-1.541146,54.520333,On or near Belgrave Street,E01012305,Darlington 012B,Violence and sexual offences,Unable to prosecute suspect,
ed3819a1b05b9eed7b881713fabc8fb2504cf27232f142de6a7805f9c1f33f78,2021-05,Durham Constabulary,Durham Constabulary,-1.543047,54.521572,On or near Thomas Street,E01012305,Darlington 012B,Violence and sexual offences,Unable to prosecute suspect,
5752e10ac7eb384dd0c434712f8e7cb4beab1316ff07ba5e57116ff18ced7789,2021-05,Durham Constabulary,Durham Constabulary,-1.543047,54.521572,On or near Thomas Street,E01012305,Darlington 012B,Violence and sexual offences,Unable to prosecute suspect,
f1826133350e28d2b66880273652abf3a38bad141d2b351481a214ed3f86a45b,2021-05,Durham Constabulary,Durham Constabulary,-1.543047,54.521572,On or near Thomas Street,E01012305,Darlington 012B,Violence and sexual offences,Unable to prosecute suspect,
153c8c4766c543ecf3d21c4ff7125b02a3797c504f32c5a6d23e1909b5d35974,2021-05,Durham Constabulary,Durham Constabulary,-1.541012,54.519847,On or near Brighton Road,E01012305,Darlington 012B,Violence and sexual offences,Unable to prosecute suspect,
37571ceb027747a1f1176e73b8fde18bfe793d461e9c272297a46df0a17c7b2c,2021-05,Durham Constabulary,Durham Constabulary,-1.541146,54.520333,On or near Belgrave Street,E01012305,Darlington 012B,Violence and sexual offences,Unable to prosecute suspect,
7b329b945be46e71655623ed2b86fbb8128233e1f2e4f2f9133f3c235a83183c,2021-05,Durham Constabulary,Durham Constabulary,-1.544653,54.520319,On or near Supermarket,E01012305,Darlington 012B,Violence and sexual offences,Unable to prosecute suspect,
0d38a4e8719081cb41cad83b6c6cda7579206711e7698cc5128983bd40b44a4c,2021-05,Durham Constabulary,Durham Constabulary,-1.543389,54.518679,On or near Walton Street,E01012305,Darlington 012B,Violence and sexual offences,Unable to prosecute suspect,
bdec7e802c8899c9b0a8b8b5de22072351ea52954e0782427e9138dbbffe483b,2021-05,Durham Constabulary,Durham Constabulary,-1.543047,54.521572,On or near Thomas Street,E01012305,Darlington 012B,Violence and sexual offences,Unable to prosecute suspect,
e828f5bfeb3a58436fb9069d0bee3d07724315540418c6437d31258daa191cd8,2021-05,Durham Constabulary,Durham Constabulary,-1.543389,54.518679,On or near Walton Street,E01012305,Darlington 012B,Violence and sexual offences,Unable to prosecute suspect,
125b361ff7a61bad0a62390df4dfd19001d127fb098cb973a84b1806066dd79d,2021-05,Durham Constabulary,Durham Constabulary,-1.540896,54.520575,On or near Pattison Street,E01012305,Darlington 012B,Violence and sexual offences,Investigation complete; no suspect identified,
4a51d1ebd41b768a199532e78ec0901bf565fde9a0661312975847aa8cb15321,2021-05,Durham Constabulary,Durham Constabulary,-1.541012,54.519847,On or near Brighton Road,E01012305,Darlington 012B,Violence and sexual offences,Unable to prosecute suspect,
,2021-05,Durham Constabulary,Durham Constabulary,-1.537709,54.520985,On or near Eastbourne Road,E01012306,Darlington 012C,Anti-social behaviour,,
,2021-05,Durham Constabulary,Durham Constabulary,-1.537709,54.520985,On or near Eastbourne Road,E01012306,Darlington 012C,Anti-social behaviour,,
,2021-05,Durham Constabulary,Durham Constabulary,-1.538499,54.522121,On or near Ridsdale Street,E01012306,Darlington 012C,Anti-social behaviour,,
09f0b52dcf39bd3feadb5ebad8d0b78097c33adbe85fa089c44c7e1820b11ca5,2021-05,Durham Constabulary,Durham Constabulary,-1.531615,54.520234,On or near Cobden Court,E01012306,Darlington 012C,Burglary,Unable to prosecute suspect,
b29048fea4cc99a21dbeef572e6ff442723bd0bcc6496173954117f85365e318,2021-05,Durham Constabulary,Durham Constabulary,-1.530805,54.519422,On or near Harris Street,E01012306,Darlington 012C,Other theft,Investigation complete; no suspect identified,
475aa45ed6e1ea857391de496760e0e221bd72330577b6a045c742f37bfc6654,2021-05,Durham Constabulary,Durham Constabulary,-1.537709,54.520985,On or near Eastbourne Road,E01012306,Darlington 012C,Other theft,Investigation complete; no suspect identified,
12e6ed2ffbd0f0f9530bd41504ef82d3e810da84e7acd966e31c75fd880997cf,2021-05,Durham Constabulary,Durham Constabulary,-1.538499,54.522121,On or near Ridsdale Street,E01012306,Darlington 012C,Other theft,Investigation complete; no suspect identified,
914e9cd5699022ea598c1437e10206b19492b8938edf7d56a449a0148ddeb51d,2021-05,Durham Constabulary,Durham Constabulary,-1.538499,54.522121,On or near Ridsdale Street,E01012306,Darlington 012C,Public order,Further investigation is not in the public interest,
43deb87f530098a1de6c2b0e50bca875926de5c25fb097bb86db26f9694f205f,2021-05,Durham Constabulary,Durham Constabulary,-1.536850,54.523175,On or near Yarm Road,E01012306,Darlington 012C,Theft from the person,Further action is not in the public interest,
632f5fa4f9ca6306f43cea003bf078cf41db93657bdfed4f14210ed9c9281acc,2021-05,Durham Constabulary,Durham Constabulary,-1.537709,54.520985,On or near Eastbourne Road,E01012306,Darlington 012C,Violence and sexual offences,Unable to prosecute suspect,
fde79eb992fc70733ee563cf9b04d97eccecee311d55c75dd2f7a2ac5863ee31,2021-05,Durham Constabulary,Durham Constabulary,-1.537709,54.520985,On or near Eastbourne Road,E01012306,Darlington 012C,Violence and sexual offences,Unable to prosecute suspect,
ced73f7e85f0582fdba2ad0154dc73061acba12c28f0bcca8586442ec8ce3e9c,2021-05,Durham Constabulary,Durham Constabulary,-1.538499,54.522121,On or near Ridsdale Street,E01012306,Darlington 012C,Other crime,Further action is not in the public interest,
,2021-05,Durham Constabulary,Durham Constabulary,-1.539227,54.519212,On or near Falmer Road,E01012340,Darlington 012D,Anti-social behaviour,,
,2021-05,Durham Constabulary,Durham Constabulary,-1.537294,54.516697,On or near Headlam Road,E01012340,Darlington 012D,Anti-social behaviour,,
,2021-05,Durham Constabulary,Durham Constabulary,-1.541627,54.514583,On or near Fernlea Court,E01012340,Darlington 012D,Anti-social behaviour,,
,2021-05,Durham Constabulary,Durham Constabulary,-1.537294,54.516697,On or near Headlam Road,E01012340,Darlington 012D,Anti-social behaviour,,
,2021-05,Durham Constabulary,Durham Constabulary,-1.541627,54.514583,On or near Fernlea Court,E01012340,Darlington 012D,Anti-social behaviour,,
493bab38654d4ce77cb5d8f670d1b9e8247da438fdb3993bef4f1993c1361f37,2021-05,Durham Constabulary,Durham Constabulary,-1.539932,54.517003,On or near Ennerdale Road,E01012340,Darlington 012D,Criminal damage and arson,Investigation complete; no suspect identified,
51faf05b47b5223476f3841542ec6752c45a7c1357e5350aa889e173f98f1c26,2021-05,Durham Constabulary,Durham Constabulary,-1.542950,54.515065,On or near Tebay Close,E01012340,Darlington 012D,Criminal damage and arson,Investigation complete; no suspect identified,
220e81cf5fa15a1a89bdc9aa97a7db145b94238ed2b0aa48028ea22033eaf4a4,2021-05,Durham Constabulary,Durham Constabulary,-1.543433,54.514725,On or near Sports/Recreation Area,E01012340,Darlington 012D,Criminal damage and arson,Investigation complete; no suspect identified,
2ddec81733dfdbaf45103e12a44030d04c44e8a497120049ba20186b8c2dbdc8,2021-05,Durham Constabulary,Durham Constabulary,-1.540746,54.517384,On or near Aysgarth Road,E01012340,Darlington 012D,Criminal damage and arson,Court result unavailable,
696780774cd3dd68e705d30c47b1fee0bb782ccd0382263dac1a1eb102072642,2021-05,Durham Constabulary,Durham Constabulary,-1.543433,54.514725,On or near Sports/Recreation Area,E01012340,Darlington 012D,Other theft,Local resolution,
97a69d8b2836c16e43bfc56b16bd2ecdb258b5e530cd8883b081ce48965739d3,2021-05,Durham Constabulary,Durham Constabulary,-1.541627,54.514583,On or near Fernlea Court,E01012340,Darlington 012D,Public order,Unable to prosecute suspect,
1f9a68fdd0c4bcde4530c11438f22813c614c097cd8d2bcc8904655efcf5ca29,2021-05,Durham Constabulary,Durham Constabulary,-1.539415,54.518997,On or near Rydal Road,E01012340,Darlington 012D,Public order,Unable to prosecute suspect,
7b1434ba12d18e46354e627c371dead42f8b42506e95433819c331001a8a2948,2021-05,Durham Constabulary,Durham Constabulary,-1.539055,54.516703,On or near Streatlam Road,E01012340,Darlington 012D,Vehicle crime,Investigation complete; no suspect identified,
cc9ba84a33a8c26e1e30fd400d45998935ad899fd968b0ab32519ab65f2ff0fb,2021-05,Durham Constabulary,Durham Constabulary,-1.539055,54.516703,On or near Streatlam Road,E01012340,Darlington 012D,Vehicle crime,Investigation complete; no suspect identified,
8d78c379575995c4ee39b1f2db52c2c95187c810b8c5d947e7b8cd44e865c473,2021-05,Durham Constabulary,Durham Constabulary,-1.540803,54.517789,On or near Langdale Road,E01012340,Darlington 012D,Vehicle crime,Investigation complete; no suspect identified,
c5073172a60500dcfa2f75693f10216d77264e10b1ac7531a3811cf9748b7390,2021-05,Durham Constabulary,Durham Constabulary,-1.539415,54.518997,On or near Rydal Road,E01012340,Darlington 012D,Violence and sexual offences,Unable to prosecute suspect,
a77ec6ddbde880e75fa8f074bc4e6a7c4f394d463af4124799b53433d7a2e63f,2021-05,Durham Constabulary,Durham Constabulary,-1.541682,54.513811,On or near Geneva Drive,E01012340,Darlington 012D,Violence and sexual offences,Court result unavailable,
5e98e96b3bdc853f61f7c02a7d7fef14ae63a78491b7d8bafa4f172d60063074,2021-05,Durham Constabulary,Durham Constabulary,-1.540746,54.517384,On or near Aysgarth Road,E01012340,Darlington 012D,Violence and sexual offences,Unable to prosecute suspect,
ab9a38d2ac4cd88f5b01ce0dd0c73d834dcf85da19f915a6b6ecf3ec848d9e7b,2021-05,Durham Constabulary,Durham Constabulary,-1.540746,54.517384,On or near Aysgarth Road,E01012340,Darlington 012D,Violence and sexual offences,Investigation complete; no suspect identified,
568b2f482487eb24107f065825e90d84eba07de100a1b8847a69786e282b38d8,2021-05,Durham Constabulary,Durham Constabulary,-1.541145,54.519021,On or near Falmer Road,E01012340,Darlington 012D,Violence and sexual offences,Investigation complete; no suspect identified,
bb50e4e2b32483856b9b116f3972dbe1357dd37446872a8ccef16358a82cc2fb,2021-05,Durham Constabulary,Durham Constabulary,-1.541627,54.514583,On or near Fernlea Court,E01012340,Darlington 012D,Violence and sexual offences,Investigation complete; no suspect identified,
efcd0c156dc212a8ab536690eebdf402a065740265a47942cf28c919e3486d4c,2021-05,Durham Constabulary,Durham Constabulary,-1.537294,54.516697,On or near Headlam Road,E01012340,Darlington 012D,Violence and sexual offences,Unable to prosecute suspect,
,2021-05,Durham Constabulary,Durham Constabulary,-1.537583,54.515736,On or near Ramsgill,E01012341,Darlington 012E,Anti-social behaviour,,
,2021-05,Durham Constabulary,Durham Constabulary,-1.537583,54.515736,On or near Ramsgill,E01012341,Darlington 012E,Anti-social behaviour,,
,2021-05,Durham Constabulary,Durham Constabulary,-1.532955,54.516536,On or near Fenby Avenue,E01012341,Darlington 012E,Anti-social behaviour,,
,2021-05,Durham Constabulary,Durham Constabulary,-1.531180,54.517725,On or near Gilling Crescent,E01012341,Darlington 012E,Anti-social behaviour,,
acb2449aca213b030f59a377bf10bdc343d2427a1734f01d5545d81fd1e96e87,2021-05,Durham Constabulary,Durham Constabulary,-1.531180,54.517725,On or near Gilling Crescent,E01012341,Darlington 012E,Criminal damage and arson,Offender given a caution,
985e61246ad75148032c5617fc3e9f70ee922d142b02d5f946a757c71988956c,2021-05,Durham Constabulary,Durham Constabulary,-1.531180,54.517725,On or near Gilling Crescent,E01012341,Darlington 012E,Criminal damage and arson,Unable to prosecute suspect,
c14b934136e84a43716d2e342e206802ca9745774089ea609677b2a4444c95ec,2021-05,Durham Constabulary,Durham Constabulary,-1.531180,54.517725,On or near Gilling Crescent,E01012341,Darlington 012E,Public order,Local resolution,
9bd5a315ec6e4beb6051ebf76651fc0d39dec07a7d54175d6e1395520299818c,2021-05,Durham Constabulary,Durham Constabulary,-1.531180,54.517725,On or near Gilling Crescent,E01012341,Darlington 012E,Theft from the person,Unable to prosecute suspect,
133b8b5517893ff6dea7ba1b62955305ad453f54e8771e5b41f8dd43aca6b68b,2021-05,Durham Constabulary,Durham Constabulary,-1.537583,54.515736,On or near Ramsgill,E01012341,Darlington 012E,Vehicle crime,Investigation complete; no suspect identified,
e81d5b94ecbcbfd7911d7a4d43703c3d1ef86e570d7ea644bb274dd45981f857,2021-05,Durham Constabulary,Durham Constabulary,-1.537922,54.515756,On or near Coxwold Drive,E01012341,Darlington 012E,Vehicle crime,Investigation complete; no suspect identified,
50dcf73021451c0b738fea928e93ce9993096e1ccd3395c818e5143f50d1881c,2021-05,Durham Constabulary,Durham Constabulary,-1.531180,54.517725,On or near Gilling Crescent,E01012341,Darlington 012E,Vehicle crime,Investigation complete; no suspect identified,
313b1ee064b1668c123052b7eed1648bff381f9e5ede5cd959476d3536fab896,2021-05,Durham Constabulary,Durham Constabulary,-1.531933,54.518069,On or near Melsonby Crescent,E01012341,Darlington 012E,Violence and sexual offences,Awaiting court outcome,
8ab9edb764c4ebeab171ad2ae51f2456ef9d6e0d3ee1d08406ef1c29d7b53e2b,2021-05,Durham Constabulary,Durham Constabulary,-1.531180,54.517725,On or near Gilling Crescent,E01012341,Darlington 012E,Violence and sexual offences,Unable to prosecute suspect,
9f7119cbad7cd2356e5719a28a69ba0051963fa65a99bf0c7f5693b2d36bdaed,2021-05,Durham Constabulary,Durham Constabulary,-1.535359,54.514317,On or near Spencer Grove,E01012341,Darlington 012E,Violence and sexual offences,Unable to prosecute suspect,
5e558a2df5301091bc81880dc6392e07ca4272834e4afa348053f93ad73dc8ab,2021-05,Durham Constabulary,Durham Constabulary,-1.533422,54.514813,On or near Huxley Grove,E01012341,Darlington 012E,Violence and sexual offences,Unable to prosecute suspect,
22364439413f5950948cbb63a211cde7d0c12dd35d428b94f9eca45ad4fe9ba6,2021-05,Durham Constabulary,Durham Constabulary,-1.537922,54.515756,On or near Coxwold Drive,E01012341,Darlington 012E,Violence and sexual offences,Unable to prosecute suspect,
2147ae829a6ae5682d893e55d41940f8197b2c03751dfbee28e78cd6c05b10ce,2021-05,Durham Constabulary,Durham Constabulary,-1.531933,54.518069,On or near Melsonby Crescent,E01012341,Darlington 012E,Violence and sexual offences,Offender given a caution,
6e2823a30261c76fdf2889841660dcefa658c42b6f9ecce2663d801e00eb4224,2021-05,Durham Constabulary,Durham Constabulary,-1.532027,54.516605,On or near Cliffe Way,E01012341,Darlington 012E,Violence and sexual offences,Unable to prosecute suspect,
20be6eeded85148d7f62e7cdd4540aa01fa4817080dbf1caf8590fbde031770f,2021-05,Durham Constabulary,Durham Constabulary,-1.533712,54.519244,On or near Harris Street,E01012341,Darlington 012E,Violence and sexual offences,Investigation complete; no suspect identified,
8c5274d90c38c1b0f09ae9c08b28b5293951a0876ac5b9c7b1714890575ac134,2021-05,Durham Constabulary,Durham Constabulary,-1.532027,54.516605,On or near Cliffe Way,E01012341,Darlington 012E,Violence and sexual offences,Unable to prosecute suspect,
0e18da6a9f22b36b47b13247dd4acb6865f8689fabc71414a389b4f0254afb1e,2021-05,Durham Constabulary,Durham Constabulary,-1.532027,54.516605,On or near Cliffe Way,E01012341,Darlington 012E,Violence and sexual offences,Unable to prosecute suspect,
d55b07cc233f3fba9a44a3be21f72c2004af0646e05d23b93a86c6731cae875e,2021-05,Durham Constabulary,Durham Constabulary,-1.531180,54.517725,On or near Gilling Crescent,E01012341,Darlington 012E,Violence and sexual offences,Unable to prosecute suspect,
68774474e29af73e3299af553b51613afe98c75f32320831d179be3cff1ed19c,2021-05,Durham Constabulary,Durham Constabulary,-1.531180,54.517725,On or near Gilling Crescent,E01012341,Darlington 012E,Violence and sexual offences,Local resolution,
cce7cf2277baf78ec27f4231ae42c2df557ffb1a29152b834cd61040820e7e6c,2021-05,Durham Constabulary,Durham Constabulary,-1.533422,54.514813,On or near Huxley Grove,E01012341,Darlington 012E,Other crime,Further investigation is not in the public interest,
bd66be5a0a40ef71c030d7e81ec2aee51e0ba7f0656e84fb072bcb629cb01391,2021-05,Durham Constabulary,Durham Constabulary,-1.535359,54.514317,On or near Spencer Grove,E01012341,Darlington 012E,Other crime,Court result unavailable,
,2021-05,Durham Constabulary,Durham Constabulary,-1.537128,54.513551,On or near Claremont Road,E01012317,Darlington 013A,Anti-social behaviour,,
,2021-05,Durham Constabulary,Durham Constabulary,-1.541062,54.512604,On or near Geneva Drive,E01012317,Darlington 013A,Anti-social behaviour,,
ae0efca12c61ee182e7ad5aee001fe44f919896aed31ae09516e5d402ed8a7c1,2021-05,Durham Constabulary,Durham Constabulary,-1.544399,54.512581,On or near Geneva Gardens,E01012317,Darlington 013A,Burglary,Investigation complete; no suspect identified,
643ff080e3a7d908cd5268b9ec32ba49ef7692efecd5de6be6ff1156bc2d9bee,2021-05,Durham Constabulary,Durham Constabulary,-1.536584,54.512533,On or near Brankin Drive,E01012317,Darlington 013A,Criminal damage and arson,Investigation complete; no suspect identified,
f3b3ab3542beb9ab08299cdeff128054f5488ad09159a6def2181f9201bd8696,2021-05,Durham Constabulary,Durham Constabulary,-1.537128,54.513551,On or near Claremont Road,E01012317,Darlington 013A,Criminal damage and arson,Local resolution,
8008c30624d7b29682a52e6d1398d7ec02086c8b12e3b72dfe7e3be406e44bac,2021-05,Durham Constabulary,Durham Constabulary,-1.536269,54.511687,On or near Hildon Drive,E01012317,Darlington 013A,Public order,Investigation complete; no suspect identified,
345501441f5b5eaab7ad0d405890732e81a350550af4f528922ee13463ccb3e9,2021-05,Durham Constabulary,Durham Constabulary,-1.537128,54.513551,On or near Claremont Road,E01012317,Darlington 013A,Violence and sexual offences,Unable to prosecute suspect,
b2c17029f040b656bf737c7a9b31168449a915216f794dc66c3e8669d76611b4,2021-05,Durham Constabulary,Durham Constabulary,-1.544399,54.512581,On or near Geneva Gardens,E01012317,Darlington 013A,Violence and sexual offences,Unable to prosecute suspect,
65ac9ba64252ecb69e30b1ccdb779a4812a2f4a09ecf62be01e9564e72c9b488,2021-05,Durham Constabulary,Durham Constabulary,-1.543256,54.512603,On or near Worton Drive,E01012317,Darlington 013A,Violence and sexual offences,Unable to prosecute suspect,
7a5df4f203558762815ddabdd13107d4c30b8e6d7347acc9866924d5091c9746,2021-05,Durham Constabulary,Durham Constabulary,-1.543256,54.512603,On or near Worton Drive,E01012317,Darlington 013A,Violence and sexual offences,Unable to prosecute suspect,
,2021-05,Durham Constabulary,Durham Constabulary,-1.522181,54.511830,On or near Ridgewood Close,E01012318,Darlington 013B,Anti-social behaviour,,
,2021-05,Durham Constabulary,Durham Constabulary,-1.523522,54.512123,On or near Chestnut Drive,E01012318,Darlington 013B,Anti-social behaviour,,
,2021-05,Durham Constabulary,Durham Constabulary,-1.534467,54.508490,On or near Sports/Recreation Area,E01012318,Darlington 013B,Anti-social behaviour,,
,2021-05,Durham Constabulary,Durham Constabulary,-1.530862,54.513140,On or near Stocksmoor Close,E01012318,Darlington 013B,Anti-social behaviour,,
,2021-05,Durham Constabulary,Durham Constabulary,-1.523522,54.512123,On or near Chestnut Drive,E01012318,Darlington 013B,Anti-social behaviour,,
,2021-05,Durham Constabulary,Durham Constabulary,-1.528770,54.515091,On or near Westminster Road,E01012318,Darlington 013B,Anti-social behaviour,,
,2021-05,Durham Constabulary,Durham Constabulary,-1.523522,54.512123,On or near Chestnut Drive,E01012318,Darlington 013B,Anti-social behaviour,,
,2021-05,Durham Constabulary,Durham Constabulary,-1.531167,54.512099,On or near Barden Moor Road,E01012318,Darlington 013B,Anti-social behaviour,,
,2021-05,Durham Constabulary,Durham Constabulary,-1.534467,54.508490,On or near Sports/Recreation Area,E01012318,Darlington 013B,Anti-social behaviour,,
86b6671999ac0bd9850403496a073bac788f9772cf3475ff28e42af0e5f347cf,2021-05,Durham Constabulary,Durham Constabulary,-1.527066,54.511445,On or near Edgemoor Road,E01012318,Darlington 013B,Bicycle theft,Status update unavailable,
d31389e91814f693693312c6cd0bace2f7290a4c755081f7b6a320a4b73057cd,2021-05,Durham Constabulary,Durham Constabulary,-1.527066,54.511445,On or near Edgemoor Road,E01012318,Darlington 013B,Criminal damage and arson,Unable to prosecute suspect,
c31345d63c04b0baa3bf444eaf48026886ce47e4cf2c97fcb22a44cad59176a7,2021-05,Durham Constabulary,Durham Constabulary,-1.525080,54.512273,On or near Forest Moor Road,E01012318,Darlington 013B,Criminal damage and arson,Investigation complete; no suspect identified,
d9314644a319e0c8d2e27867d1d5f4cdba35d50ecd040a2ba92ee795fdf7730d,2021-05,Durham Constabulary,Durham Constabulary,-1.523522,54.512123,On or near Chestnut Drive,E01012318,Darlington 013B,Criminal damage and arson,Investigation complete; no suspect identified,
effba80dbb3e49cb74808c673a90cf5253e47e74d0a15f59d8b95d9dd2beeca9,2021-05,Durham Constabulary,Durham Constabulary,-1.525080,54.512273,On or near Forest Moor Road,E01012318,Darlington 013B,Criminal damage and arson,Investigation complete; no suspect identified,
1aa62cbc8bff1066cf366c2a9b67a18451611f6cfca4d1a1eba3dbce30908d16,2021-05,Durham Constabulary,Durham Constabulary,-1.527195,54.516370,On or near Westminster Road,E01012318,Darlington 013B,Criminal damage and arson,Investigation complete; no suspect identified,
457ce3282f5cc61e157efe90909cae3f0dd6e7ceea8990d558ceaaecd88e5423,2021-05,Durham Constabulary,Durham Constabulary,-1.526227,54.515944,On or near Cotherstone Moor Drive,E01012318,Darlington 013B,Public order,Investigation complete; no suspect identified,
85ea93f74b5a312bcfc80ddabda1a008dd2d7d613fc51b11169d0f61a851856f,2021-05,Durham Constabulary,Durham Constabulary,-1.526227,54.515944,On or near Cotherstone Moor Drive,E01012318,Darlington 013B,Public order,Local resolution,
27af7573123be0617fe4260791cab44fb54027cf11d14529226ba08dbee44271,2021-05,Durham Constabulary,Durham Constabulary,-1.527066,54.511445,On or near Edgemoor Road,E01012318,Darlington 013B,Robbery,Unable to prosecute suspect,
e9b440998475812cb0294ba271dfd7e2f6f08b0b3939238a628f5e49844d6763,2021-05,Durham Constabulary,Durham Constabulary,-1.531167,54.512099,On or near Barden Moor Road,E01012318,Darlington 013B,Theft from the person,Investigation complete; no suspect identified,
6efb6c4e5a51717356c920f833fc88b7f0e6bbacb695c760610e5d11851fc5c9,2021-05,Durham Constabulary,Durham Constabulary,-1.530862,54.513140,On or near Stocksmoor Close,E01012318,Darlington 013B,Vehicle crime,Investigation complete; no suspect identified,
80dbfacc4ad023073699f42de40c5cf54429b18e00657df659283443061eec1f,2021-05,Durham Constabulary,Durham Constabulary,-1.523522,54.512123,On or near Chestnut Drive,E01012318,Darlington 013B,Vehicle crime,Investigation complete; no suspect identified,
2b392c8ef603d3cb4b9ca5d2d9f023570813b7b83822fd587cc4d64f2928d29c,2021-05,Durham Constabulary,Durham Constabulary,-1.523173,54.511555,On or near Pinewood Close,E01012318,Darlington 013B,Vehicle crime,Unable to prosecute suspect,
2fc9ddc9af9acfb76e9d5d596239544dd9b821358c632de16dd56cb33424deae,2021-05,Durham Constabulary,Durham Constabulary,-1.522181,54.511830,On or near Ridgewood Close,E01012318,Darlington 013B,Vehicle crime,Investigation complete; no suspect identified,
50443919dc18b4892be85b47fcf750f758aafdeabd83c6de5298cc5adb9dcf00,2021-05,Durham Constabulary,Durham Constabulary,-1.531159,54.511443,On or near Pateley Moor Crescent,E01012318,Darlington 013B,Violence and sexual offences,Unable to prosecute suspect,
c904b4aa803a753380aeddb8cb71404955b100d2a191c3943c2307b2ac79f47f,2021-05,Durham Constabulary,Durham Constabulary,-1.526590,54.513905,On or near Carlton Moor Crescent,E01012318,Darlington 013B,Violence and sexual offences,Local resolution,
b5e63014bc816a330f51490bf82993c5dec616fdb5d1a421a99fdb4a8798aab1,2021-05,Durham Constabulary,Durham Constabulary,-1.526227,54.515944,On or near Cotherstone Moor Drive,E01012318,Darlington 013B,Violence and sexual offences,Local resolution,
da93d46392a4c6ced8d2f8155caef9a7e82d40e80785a7a38726a081bd74bfe9,2021-05,Durham Constabulary,Durham Constabulary,-1.533797,54.511794,On or near West Moor Road,E01012318,Darlington 013B,Violence and sexual offences,Unable to prosecute suspect,
c4c6a8b8b952728e901bd2ae13e84e41a56d00b152edf1eec90ff59ddfbb633b,2021-05,Durham Constabulary,Durham Constabulary,-1.526227,54.515944,On or near Cotherstone Moor Drive,E01012318,Darlington 013B,Violence and sexual offences,Local resolution,
7605430b91cbd0458171955466c4737c9f58a8ca88f3a761d6f1d2b3eb554021,2021-05,Durham Constabulary,Durham Constabulary,-1.526207,54.516339,On or near Alston Moor Close,E01012318,Darlington 013B,Violence and sexual offences,Action to be taken by another organisation,
c6e04e4b1d99cb5fa4b716309080eff81490064b2d8f5c0bc18d7e93cfb52849,2021-05,Durham Constabulary,Durham Constabulary,-1.530862,54.513140,On or near Stocksmoor Close,E01012318,Darlington 013B,Violence and sexual offences,Unable to prosecute suspect,
983a99f148c5b7ac6ea493c2d35252f0de3abf3ffb77b869321334af2a792d24,2021-05,Durham Constabulary,Durham Constabulary,-1.533797,54.511794,On or near West Moor Road,E01012318,Darlington 013B,Violence and sexual offences,Further action is not in the public interest,
9d16d053c291298da1d9631c5f1ee28ed6d740b9322719ed9fc1769e4be492f9,2021-05,Durham Constabulary,Durham Constabulary,-1.533797,54.511794,On or near West Moor Road,E01012318,Darlington 013B,Violence and sexual offences,Unable to prosecute suspect,
8ab74a19ecd57db9a5b6b7e64fcca1f34a053e47961ed5c7ab41cae57260e765,2021-05,Durham Constabulary,Durham Constabulary,-1.531159,54.511443,On or near Pateley Moor Crescent,E01012318,Darlington 013B,Violence and sexual offences,Offender given a caution,
01946d70f6225c1b3c3633491a751aa64f1bf7076029ac4087a0c0ed54d8e76e,2021-05,Durham Constabulary,Durham Constabulary,-1.533797,54.511794,On or near West Moor Road,E01012318,Darlington 013B,Violence and sexual offences,Unable to prosecute suspect,
fda8bd1b1c9bd96fb308284bf168733675b2933f0452f6e9a04d0832fcc418bf,2021-05,Durham Constabulary,Durham Constabulary,-1.533797,54.511794,On or near West Moor Road,E01012318,Darlington 013B,Violence and sexual offences,Unable to prosecute suspect,
edb94a3a718504769242c19eed890b93d76db71bd47d7a6269726dc11ef58302,2021-05,Durham Constabulary,Durham Constabulary,-1.528770,54.515091,On or near Westminster Road,E01012318,Darlington 013B,Violence and sexual offences,Unable to prosecute suspect,
5cddfb8132c1137f91c7edb3c181a0386da33f49e845c8cc459bb1941aac864d,2021-05,Durham Constabulary,Durham Constabulary,-1.533797,54.511794,On or near West Moor Road,E01012318,Darlington 013B,Violence and sexual offences,Unable to prosecute suspect,
7e07197284fc1fd88b7a3db00a2751dbce1e0959a343e10ae68b37e5ddbfce5a,2021-05,Durham Constabulary,Durham Constabulary,-1.531159,54.511443,On or near Pateley Moor Crescent,E01012318,Darlington 013B,Violence and sexual offences,Unable to prosecute suspect,
,2021-05,Durham Constabulary,Durham Constabulary,-1.524574,54.515893,On or near Burnside Road,E01012319,Darlington 013C,Anti-social behaviour,,
,2021-05,Durham Constabulary,Durham Constabulary,-1.524112,54.519800,On or near Harris Street,E01012319,Darlington 013C,Anti-social behaviour,,
,2021-05,Durham Constabulary,Durham Constabulary,-1.527794,54.517999,On or near Geneva Road,E01012319,Darlington 013C,Anti-social behaviour,,
,2021-05,Durham Constabulary,Durham Constabulary,-1.522274,54.515830,On or near Firthmoor Crescent,E01012319,Darlington 013C,Anti-social behaviour,,
,2021-05,Durham Constabulary,Durham Constabulary,-1.517605,54.518795,On or near Salters Lane,E01012319,Darlington 013C,Anti-social behaviour,,
,2021-05,Durham Constabulary,Durham Constabulary,-1.522348,54.517358,On or near Marston Moor Road,E01012319,Darlington 013C,Anti-social behaviour,,
,2021-05,Durham Constabulary,Durham Constabulary,-1.517605,54.518795,On or near Salters Lane,E01012319,Darlington 013C,Anti-social behaviour,,
,2021-05,Durham Constabulary,Durham Constabulary,-1.522348,54.517358,On or near Marston Moor Road,E01012319,Darlington 013C,Anti-social behaviour,,
,2021-05,Durham Constabulary,Durham Constabulary,-1.522274,54.515830,On or near Firthmoor Crescent,E01012319,Darlington 013C,Anti-social behaviour,,
,2021-05,Durham Constabulary,Durham Constabulary,-1.524574,54.515893,On or near Burnside Road,E01012319,Darlington 013C,Anti-social behaviour,,
,2021-05,Durham Constabulary,Durham Constabulary,-1.522274,54.515830,On or near Firthmoor Crescent,E01012319,Darlington 013C,Anti-social behaviour,,
,2021-05,Durham Constabulary,Durham Constabulary,-1.522666,54.519255,On or near Tansley Gardens,E01012319,Darlington 013C,Anti-social behaviour,,
,2021-05,Durham Constabulary,Durham Constabulary,-1.520858,54.515357,On or near Warren Close,E01012319,Darlington 013C,Anti-social behaviour,,
,2021-05,Durham Constabulary,Durham Constabulary,-1.522666,54.519255,On or near Tansley Gardens,E01012319,Darlington 013C,Anti-social behaviour,,
,2021-05,Durham Constabulary,Durham Constabulary,-1.521582,54.520833,On or near Estoril Road,E01012319,Darlington 013C,Anti-social behaviour,,
,2021-05,Durham Constabulary,Durham Constabulary,-1.520858,54.515357,On or near Warren Close,E01012319,Darlington 013C,Anti-social behaviour,,
5dd49250c80d85bc6a1c5abb5f7178d3407e5a98befb272ce3bb7e40614613d5,2021-05,Durham Constabulary,Durham Constabulary,-1.522498,54.517790,On or near Reeth Moor Close,E01012319,Darlington 013C,Bicycle theft,Investigation complete; no suspect identified,
ee22d73d8fff75257a6d3970be98ad4ff6f5e624cabae10fb6f506e37a517f75,2021-05,Durham Constabulary,Durham Constabulary,-1.520858,54.515357,On or near Warren Close,E01012319,Darlington 013C,Burglary,Investigation complete; no suspect identified,
09d3c2cdf768ab5ff19874ee40c0b9da58c584d0262381639ef13ab1cbdc300e,2021-05,Durham Constabulary,Durham Constabulary,-1.522557,54.520711,On or near Carnaby Road,E01012319,Darlington 013C,Criminal damage and arson,Investigation complete; no suspect identified,
6d52ebcb9aa754ce0e9367c5692652a4e4f0f9c6072ee63df93bf65618042ff8,2021-05,Durham Constabulary,Durham Constabulary,-1.522002,54.513941,On or near Chestnut Drive,E01012319,Darlington 013C,Criminal damage and arson,Investigation complete; no suspect identified,
531d93a97240bc57425f22d0abe2f92db7af7fe2a995a8fec673282d4c9e1b48,2021-05,Durham Constabulary,Durham Constabulary,-1.526150,54.517229,On or near Lanethorpe Road,E01012319,Darlington 013C,Drugs,Offender given a caution,
760687cb59ce0f0489866fbde2f3c9a2536b9e0afa8841875bc6e1f86fe7c5c1,2021-05,Durham Constabulary,Durham Constabulary,-1.522274,54.515830,On or near Firthmoor Crescent,E01012319,Darlington 013C,Public order,Unable to prosecute suspect,
06dc761641c168b3ffca7c3ec8b118e5a06d73e400f953cb957534796f160a55,2021-05,Durham Constabulary,Durham Constabulary,-1.522348,54.517358,On or near Marston Moor Road,E01012319,Darlington 013C,Vehicle crime,Investigation complete; no suspect identified,
cf927afc9b4eb7d02ad02e2abf6ce0d3c5ba292ec1f400558938188150dfb6a7,2021-05,Durham Constabulary,Durham Constabulary,-1.526150,54.517229,On or near Lanethorpe Road,E01012319,Darlington 013C,Violence and sexual offences,Unable to prosecute suspect,
3b1d86d891d792aaae2cb387ddc5c766cafeaa54fc72a40c4f1dc15443feaa1f,2021-05,Durham Constabulary,Durham Constabulary,-1.523647,54.514604,On or near Ingleby Moor Crescent,E01012319,Darlington 013C,Violence and sexual offences,Unable to prosecute suspect,
8a433b5999c3b493b2a69cc733af8116fa6f9f8506fbfdbcd5cdce81540afb51,2021-05,Durham Constabulary,Durham Constabulary,-1.527794,54.517999,On or near Geneva Road,E01012319,Darlington 013C,Violence and sexual offences,Offender given a caution,
,2021-05,Durham Constabulary,Durham Constabulary,-1.559672,54.520052,On or near Polam Road,E01012356,Darlington 014A,Anti-social behaviour,,
,2021-05,Durham Constabulary,Durham Constabulary,-1.555205,54.520197,On or near Sports/Recreation Area,E01012356,Darlington 014A,Anti-social behaviour,,
,2021-05,Durham Constabulary,Durham Constabulary,-1.563391,54.520389,On or near Oakdene Avenue,E01012356,Darlington 014A,Anti-social behaviour,,
,2021-05,Durham Constabulary,Durham Constabulary,-1.553990,54.519734,On or near Victoria Embankment,E01012356,Darlington 014A,Anti-social behaviour,,
,2021-05,Durham Constabulary,Durham Constabulary,-1.553015,54.519874,On or near Bedford Street,E01012356,Darlington 014A,Anti-social behaviour,,
,2021-05,Durham Constabulary,Durham Constabulary,-1.551211,54.521018,On or near Herbert Street,E01012356,Darlington 014A,Anti-social behaviour,,
,2021-05,Durham Constabulary,Durham Constabulary,-1.559768,54.522595,On or near West Street,E01012356,Darlington 014A,Anti-social behaviour,,
,2021-05,Durham Constabulary,Durham Constabulary,-1.553990,54.519734,On or near Victoria Embankment,E01012356,Darlington 014A,Anti-social behaviour,,
,2021-05,Durham Constabulary,Durham Constabulary,-1.560913,54.522402,On or near B6280,E01012356,Darlington 014A,Anti-social behaviour,,
29fb6e0a0a3acd3fa4c8595bdc8b8d62d6c1aa0ab2fbc056199946a09f2350c9,2021-05,Durham Constabulary,Durham Constabulary,-1.551775,54.520238,On or near Rockingham Street,E01012356,Darlington 014A,Burglary,Investigation complete; no suspect identified,
d376fd07fd9553b957d93da77686f1e4af1ac50c113eea5b34e4b926e627481a,2021-05,Durham Constabulary,Durham Constabulary,-1.563391,54.520389,On or near Oakdene Avenue,E01012356,Darlington 014A,Criminal damage and arson,Investigation complete; no suspect identified,
87697b71ba2adf8b980d934560426be534942f5e94eacf9948d0f9a9e030240a,2021-05,Durham Constabulary,Durham Constabulary,-1.552058,54.519835,On or near Greenwell Street,E01012356,Darlington 014A,Other theft,Unable to prosecute suspect,
84d6bfa5f57b7f946fc52f94a6973445c5dba1067af40955cf8d36dd485bd2f3,2021-05,Durham Constabulary,Durham Constabulary,-1.559672,54.520052,On or near Polam Road,E01012356,Darlington 014A,Other theft,Investigation complete; no suspect identified,
f355b45a1fbb7dbea880297132bde5a0468aabf2823e75faad29275be850d93b,2021-05,Durham Constabulary,Durham Constabulary,-1.557454,54.520861,On or near Supermarket,E01012356,Darlington 014A,Other theft,Unable to prosecute suspect,
4af079f3e334afd45a3be0e0e13f43e51b45bdaa3b9879e61afacb2300fe2ab2,2021-05,Durham Constabulary,Durham Constabulary,-1.557454,54.520861,On or near Supermarket,E01012356,Darlington 014A,Public order,Unable to prosecute suspect,
d59efd15a065a14eca6c1862ce45b5acd30d1b9cab47a93df669f17013ce4e1e,2021-05,Durham Constabulary,Durham Constabulary,-1.559672,54.520052,On or near Polam Road,E01012356,Darlington 014A,Public order,Action to be taken by another organisation,
4642845de6ccd78b13b07f7a964d094e00c9f447e1e255f6eb80a01a40ebbab5,2021-05,Durham Constabulary,Durham Constabulary,-1.550376,54.521078,On or near Supermarket,E01012356,Darlington 014A,Public order,Court result unavailable,
83160a42334d4ba1d022be2bf6d40879f7c7625e40588644f69689b8d21c94f9,2021-05,Durham Constabulary,Durham Constabulary,-1.557454,54.520861,On or near Supermarket,E01012356,Darlington 014A,Shoplifting,Local resolution,
5140d667b155768793ed9392c2d5028fb2b7b1af24b6c2ff3e697bca3d7b8d3c,2021-05,Durham Constabulary,Durham Constabulary,-1.557454,54.520861,On or near Supermarket,E01012356,Darlington 014A,Shoplifting,Unable to prosecute suspect,
c249afaa3de20598bcd128ba5266e81a2f749193e08877ed62cc0230d4651c71,2021-05,Durham Constabulary,Durham Constabulary,-1.550376,54.521078,On or near Supermarket,E01012356,Darlington 014A,Shoplifting,Investigation complete; no suspect identified,
5bb066939935561257246bce76b10d20df86b618b0f3f67d6fb5f144e7050c54,2021-05,Durham Constabulary,Durham Constabulary,-1.557454,54.520861,On or near Supermarket,E01012356,Darlington 014A,Shoplifting,Unable to prosecute suspect,
1b121aec86815193c2c67d552e477f25628f5639805e1ad4b7aead565a3ee26b,2021-05,Durham Constabulary,Durham Constabulary,-1.550376,54.521078,On or near Supermarket,E01012356,Darlington 014A,Shoplifting,Court result unavailable,
cb2ab4134bdba8833ed8f63d570b45981cf099c1b91036744eec5d35801d15b1,2021-05,Durham Constabulary,Durham Constabulary,-1.562675,54.520943,On or near Beechwood Avenue,E01012356,Darlington 014A,Vehicle crime,Court result unavailable,
15587071370c17bbb2627cef20e24b36ecf339b7bbe046a897bad561f4634fed,2021-05,Durham Constabulary,Durham Constabulary,-1.562675,54.520943,On or near Beechwood Avenue,E01012356,Darlington 014A,Vehicle crime,Court result unavailable,
08c549272c182807e403d5078a184c3bcb602ace955b58a5e17a9dfd7801a198,2021-05,Durham Constabulary,Durham Constabulary,-1.562675,54.520943,On or near Beechwood Avenue,E01012356,Darlington 014A,Vehicle crime,Court result unavailable,
57fa4bd4b845b8b2f2cd8aae49245db57c695c139cec0471defe772d1ada570f,2021-05,Durham Constabulary,Durham Constabulary,-1.551493,54.520633,On or near George Street,E01012356,Darlington 014A,Vehicle crime,Investigation complete; no suspect identified,
54532817aec86a727c01cda8750981441edc6861d538dbe345883b50b8f4db90,2021-05,Durham Constabulary,Durham Constabulary,-1.562675,54.520943,On or near Beechwood Avenue,E01012356,Darlington 014A,Vehicle crime,Court result unavailable,
5e626cf015aca5f27041473a879a0399e6b06135bd0b8c71e2b749de23af7610,2021-05,Durham Constabulary,Durham Constabulary,-1.551493,54.520633,On or near George Street,E01012356,Darlington 014A,Violence and sexual offences,Court result unavailable,
038f6511d61034e892529c5d4855801b56a5843ddbb2ce3b97a0ceb9569a263e,2021-05,Durham Constabulary,Durham Constabulary,-1.556139,54.518169,On or near Polam Lane,E01012356,Darlington 014A,Violence and sexual offences,Unable to prosecute suspect,
8e57ee4f049e757ff1659c4b09d107df0573b771ed932556b9acabee639cfdac,2021-05,Durham Constabulary,Durham Constabulary,-1.553990,54.519734,On or near Victoria Embankment,E01012356,Darlington 014A,Violence and sexual offences,Unable to prosecute suspect,
435d1180f4ba8789996774d5e227f69c4371d1425f2ff3962be68a6dbea84344,2021-05,Durham Constabulary,Durham Constabulary,-1.552058,54.519835,On or near Greenwell Street,E01012356,Darlington 014A,Violence and sexual offences,Unable to prosecute suspect,
266f9b6b4c2e703a14ab868143c8892da2944bc7f43fa370e1cc5ace7d61bf7b,2021-05,Durham Constabulary,Durham Constabulary,-1.550376,54.521078,On or near Supermarket,E01012356,Darlington 014A,Violence and sexual offences,Investigation complete; no suspect identified,
ee58d499a08a905de99c0ca82004b0350f030922859c9be1ade6e0ee13638542,2021-05,Durham Constabulary,Durham Constabulary,-1.551493,54.520633,On or near George Street,E01012356,Darlington 014A,Violence and sexual offences,Court result unavailable,
,2021-05,Durham Constabulary,Durham Constabulary,-1.549718,54.519062,On or near Nelson Terrace,E01012357,Darlington 014B,Anti-social behaviour,,
,2021-05,Durham Constabulary,Durham Constabulary,-1.550229,54.517572,On or near Welbeck Street,E01012357,Darlington 014B,Anti-social behaviour,,
,2021-05,Durham Constabulary,Durham Constabulary,-1.546479,54.521387,On or near Police Station,E01012357,Darlington 014B,Anti-social behaviour,,
5e7bd7a7c03701831621b0ded3fc6d01163f7e03fcea9d07449f6073ac09dbdb,2021-05,Durham Constabulary,Durham Constabulary,-1.549547,54.517803,On or near Grainger Street,E01012357,Darlington 014B,Burglary,Court result unavailable,
a3dd43bee24c8b1653c35870dc5e324d8e7ca0b08a01cc510d4f6cf7d6b6e3fd,2021-05,Durham Constabulary,Durham Constabulary,-1.551591,54.518719,On or near Leafield Road,E01012357,Darlington 014B,Criminal damage and arson,Formal action is not in the public interest,
a36474ddcf66e17985098b6b90a4bf89054ec87ca5036420f49009bed8c61d08,2021-05,Durham Constabulary,Durham Constabulary,-1.548910,54.520893,On or near Back Lane,E01012357,Darlington 014B,Drugs,Court result unavailable,
8591bc4bba6c3710644dda7dbd99e4bab6888849bbd7825ce0b03b01c2e08691,2021-05,Durham Constabulary,Durham Constabulary,-1.552682,54.519226,On or near Roslyn Street,E01012357,Darlington 014B,Drugs,Formal action is not in the public interest,
f0966705dace3a21298458d10a53f960fba10d8076e34519fef6055d2dd3981b,2021-05,Durham Constabulary,Durham Constabulary,-1.551591,54.518719,On or near Leafield Road,E01012357,Darlington 014B,Drugs,Formal action is not in the public interest,
dc01328a62969396414d9c7089498aee223715e2579ffa656bf545c5eef95ecf,2021-05,Durham Constabulary,Durham Constabulary,-1.548910,54.520893,On or near Back Lane,E01012357,Darlington 014B,Drugs,Unable to prosecute suspect,
3cc0e82fbc14ebd02c1776b5be6170f800384e6d21521b190f19bad3af35a32f,2021-05,Durham Constabulary,Durham Constabulary,-1.551697,54.517533,On or near Clifton Road,E01012357,Darlington 014B,Other theft,Investigation complete; no suspect identified,
f570a2389bd80c2a1d8fedac52c1129a5b4e8e80e2d623e6ee0e9375811adfd6,2021-05,Durham Constabulary,Durham Constabulary,-1.551591,54.518719,On or near Leafield Road,E01012357,Darlington 014B,Public order,Formal action is not in the public interest,
67975816b82508db34a83c15c2d3ac348bdb696daa0ef7ff3147324e69e7c09d,2021-05,Durham Constabulary,Durham Constabulary,-1.547413,54.520725,On or near Parking Area,E01012357,Darlington 014B,Vehicle crime,Formal action is not in the public interest,
8c25dc8ebc9bab76266ba9ad03a70f3c7f2123cfae259ffc5675d010e7976777,2021-05,Durham Constabulary,Durham Constabulary,-1.549718,54.519062,On or near Nelson Terrace,E01012357,Darlington 014B,Vehicle crime,Court result unavailable,
e42b9ead1b91b62cf3e3bfb89d96c3215680889c5151b81364222b214b2d33ae,2021-05,Durham Constabulary,Durham Constabulary,-1.551591,54.518719,On or near Leafield Road,E01012357,Darlington 014B,Violence and sexual offences,Further investigation is not in the public interest,
c304c68c2b3516fcf8204e67e13e3200253cb2b4f8974f7b82f2308b5cf9f13a,2021-05,Durham Constabulary,Durham Constabulary,-1.550623,54.518212,On or near Belvedere Road,E01012357,Darlington 014B,Violence and sexual offences,Further investigation is not in the public interest,
076cec42c7201b85f5bac80f2165c8a7940c70261cca065ef1dbe5e644bfe3e4,2021-05,Durham Constabulary,Durham Constabulary,-1.548910,54.520893,On or near Back Lane,E01012357,Darlington 014B,Violence and sexual offences,Unable to prosecute suspect,
e61b091a1679154756a225c7d4fc9a187201d2dabe76133ac8c8f6f7a042c52f,2021-05,Durham Constabulary,Durham Constabulary,-1.546479,54.521387,On or near Police Station,E01012357,Darlington 014B,Violence and sexual offences,Status update unavailable,
c3b4efd6c44a223bb51461b6c5b69eb96374a2ed39e5f59f6f9119d626918dd2,2021-05,Durham Constabulary,Durham Constabulary,-1.550454,54.516764,On or near Hawthorn Street,E01012357,Darlington 014B,Violence and sexual offences,Unable to prosecute suspect,
5400c45f21b3e78141a3dcc3e77f020f405104a95649f9e13b0c7d09659e41fe,2021-05,Durham Constabulary,Durham Constabulary,-1.549547,54.517803,On or near Grainger Street,E01012357,Darlington 014B,Violence and sexual offences,Court result unavailable,
aa654153943d24ca2b7cb4f7babf3f69a717ab91c837d8963dba86fd59ed2ddb,2021-05,Durham Constabulary,Durham Constabulary,-1.551591,54.518719,On or near Leafield Road,E01012357,Darlington 014B,Other crime,Status update unavailable,
,2021-05,Durham Constabulary,Durham Constabulary,-1.561153,54.512957,On or near Lakeside,E01012358,Darlington 014C,Anti-social behaviour,,
,2021-05,Durham Constabulary,Durham Constabulary,-1.552677,54.514068,On or near Kingsbury Mews,E01012358,Darlington 014C,Anti-social behaviour,,
,2021-05,Durham Constabulary,Durham Constabulary,-1.557618,54.511336,On or near Humber Place,E01012358,Darlington 014C,Anti-social behaviour,,
,2021-05,Durham Constabulary,Durham Constabulary,-1.558813,54.513749,On or near Heslop Drive,E01012358,Darlington 014C,Anti-social behaviour,,
,2021-05,Durham Constabulary,Durham Constabulary,-1.558135,54.510664,On or near Hammond Drive,E01012358,Darlington 014C,Anti-social behaviour,,
,2021-05,Durham Constabulary,Durham Constabulary,-1.552677,54.514068,On or near Kingsbury Mews,E01012358,Darlington 014C,Anti-social behaviour,,
,2021-05,Durham Constabulary,Durham Constabulary,-1.561153,54.512957,On or near Lakeside,E01012358,Darlington 014C,Anti-social behaviour,,
,2021-05,Durham Constabulary,Durham Constabulary,-1.552677,54.514068,On or near Kingsbury Mews,E01012358,Darlington 014C,Anti-social behaviour,,
,2021-05,Durham Constabulary,Durham Constabulary,-1.549570,54.514236,On or near Clifton Avenue,E01012358,Darlington 014C,Anti-social behaviour,,
,2021-05,Durham Constabulary,Durham Constabulary,-1.558135,54.510664,On or near Hammond Drive,E01012358,Darlington 014C,Anti-social behaviour,,
,2021-05,Durham Constabulary,Durham Constabulary,-1.552677,54.514068,On or near Kingsbury Mews,E01012358,Darlington 014C,Anti-social behaviour,,
,2021-05,Durham Constabulary,Durham Constabulary,-1.549570,54.514236,On or near Clifton Avenue,E01012358,Darlington 014C,Anti-social behaviour,,
,2021-05,Durham Constabulary,Durham Constabulary,-1.552677,54.514068,On or near Kingsbury Mews,E01012358,Darlington 014C,Anti-social behaviour,,
,2021-05,Durham Constabulary,Durham Constabulary,-1.561153,54.512957,On or near Lakeside,E01012358,Darlington 014C,Anti-social behaviour,,
6de04d694a154d3e2a6cc569936557ebc37dbde15ed4d3ee20da4b5dcc321f16,2021-05,Durham Constabulary,Durham Constabulary,-1.558061,54.516082,On or near Park/Open Space,E01012358,Darlington 014C,Criminal damage and arson,Investigation complete; no suspect identified,
6b96e5e606205f6632e9fd253d4f06b79181061adaca167b43c4586fa81be542,2021-05,Durham Constabulary,Durham Constabulary,-1.561153,54.512957,On or near Lakeside,E01012358,Darlington 014C,Criminal damage and arson,Investigation complete; no suspect identified,
4fbfd5ad1b21491491491ecbe1900d93b9930a697b30308dcfd827f6614c3c86,2021-05,Durham Constabulary,Durham Constabulary,-1.561153,54.512957,On or near Lakeside,E01012358,Darlington 014C,Criminal damage and arson,Investigation complete; no suspect identified,
7bd3e0c09a19e519a75f100c1ada5cf031df1491d7ad3d257dd5b11a9989a131,2021-05,Durham Constabulary,Durham Constabulary,-1.556668,54.512060,On or near Eden Crescent,E01012358,Darlington 014C,Criminal damage and arson,Investigation complete; no suspect identified,
d6f56f88d73c23ee7d715d0718ca1f08cd8513d249b322c54481415125aa445d,2021-05,Durham Constabulary,Durham Constabulary,-1.557618,54.511336,On or near Humber Place,E01012358,Darlington 014C,Criminal damage and arson,Unable to prosecute suspect,
18357b25edb6935e7c99efd7f3d048ccf0eb530f239ba4baa45dc4c57bc0a6bc,2021-05,Durham Constabulary,Durham Constabulary,-1.561153,54.512957,On or near Lakeside,E01012358,Darlington 014C,Public order,Unable to prosecute suspect,
eaa1d0a7dd3fd2377a68251fcbeff17cda89f3e30d96544ff0bc1b3854267a33,2021-05,Durham Constabulary,Durham Constabulary,-1.558061,54.516082,On or near Park/Open Space,E01012358,Darlington 014C,Public order,Investigation complete; no suspect identified,
2e0f2dc8f5a689e9960137ad1b39dfdb720810a4e3d922cf1ff1d6b9ace418b0,2021-05,Durham Constabulary,Durham Constabulary,-1.558135,54.510664,On or near Hammond Drive,E01012358,Darlington 014C,Public order,Investigation complete; no suspect identified,
8502663ffb6cce14a3292d82bb37465b2f760967af68fae4a13c16555301bd3b,2021-05,Durham Constabulary,Durham Constabulary,-1.558061,54.516082,On or near Park/Open Space,E01012358,Darlington 014C,Public order,Investigation complete; no suspect identified,
66276581b4b852e7d422cde2972bff1468cd3919714172d72582f3aff6dbae4f,2021-05,Durham Constabulary,Durham Constabulary,-1.557618,54.511336,On or near Humber Place,E01012358,Darlington 014C,Violence and sexual offences,Unable to prosecute suspect,
0364be301cf7f5075525759d59ef6d4b79a4a8873116e8de498c9dcd7649eeb6,2021-05,Durham Constabulary,Durham Constabulary,-1.557618,54.511336,On or near Humber Place,E01012358,Darlington 014C,Violence and sexual offences,Unable to prosecute suspect,
2278c5f6ba358913761dcaddbfe29799a9408891c994b8b570c93729dbeac241,2021-05,Durham Constabulary,Durham Constabulary,-1.557618,54.511336,On or near Humber Place,E01012358,Darlington 014C,Violence and sexual offences,Unable to prosecute suspect,
46ddd4f4bbd96a752f3a75db4cefe2296d606b27dfb449f7c63c4dff33a1abd4,2021-05,Durham Constabulary,Durham Constabulary,-1.552677,54.514068,On or near Kingsbury Mews,E01012358,Darlington 014C,Violence and sexual offences,Unable to prosecute suspect,
,2021-05,Durham Constabulary,Durham Constabulary,-1.550966,54.512309,On or near Wordsworth Road,E01012359,Darlington 014D,Anti-social behaviour,,
,2021-05,Durham Constabulary,Durham Constabulary,-1.554722,54.509276,On or near Thames Way,E01012359,Darlington 014D,Anti-social behaviour,,
,2021-05,Durham Constabulary,Durham Constabulary,-1.555683,54.510340,On or near Shannon Way,E01012359,Darlington 014D,Anti-social behaviour,,
,2021-05,Durham Constabulary,Durham Constabulary,-1.549120,54.513084,On or near Chaucer Road,E01012359,Darlington 014D,Anti-social behaviour,,
,2021-05,Durham Constabulary,Durham Constabulary,-1.551676,54.509588,On or near Tyne Crescent,E01012359,Darlington 014D,Anti-social behaviour,,
,2021-05,Durham Constabulary,Durham Constabulary,-1.550112,54.511299,On or near Ruskin Road,E01012359,Darlington 014D,Anti-social behaviour,,
,2021-05,Durham Constabulary,Durham Constabulary,-1.554666,54.508719,On or near Arkle Crescent,E01012359,Darlington 014D,Anti-social behaviour,,
,2021-05,Durham Constabulary,Durham Constabulary,-1.552536,54.508603,On or near Paddock Lane,E01012359,Darlington 014D,Anti-social behaviour,,
,2021-05,Durham Constabulary,Durham Constabulary,-1.555683,54.510340,On or near Shannon Way,E01012359,Darlington 014D,Anti-social behaviour,,
0dc524e1a1a855faf3eadf7c9f233d2c8c87b583ee7080db239fac102f68b451,2021-05,Durham Constabulary,Durham Constabulary,-1.550966,54.512309,On or near Wordsworth Road,E01012359,Darlington 014D,Burglary,Investigation complete; no suspect identified,
2c68251fbbd5c0c187850e4a0be5694fa3f7fafb16f8d822e491c6ec8201215a,2021-05,Durham Constabulary,Durham Constabulary,-1.550112,54.511299,On or near Ruskin Road,E01012359,Darlington 014D,Criminal damage and arson,Investigation complete; no suspect identified,
b781225fadf9b67da79556a66fbed5a46e9518d90d352408a2036350debcb756,2021-05,Durham Constabulary,Durham Constabulary,-1.550966,54.512309,On or near Wordsworth Road,E01012359,Darlington 014D,Criminal damage and arson,Unable to prosecute suspect,
5578366fc4e49f040c26eaad7dc32e3211c1c3cf9ac24abeb5530e090f26d9df,2021-05,Durham Constabulary,Durham Constabulary,-1.552536,54.508603,On or near Paddock Lane,E01012359,Darlington 014D,Criminal damage and arson,Unable to prosecute suspect,
b136961574c8b95531de897a6a0f56ea732e711f2c6a6efe67ef607aaf98cfbd,2021-05,Durham Constabulary,Durham Constabulary,-1.554722,54.509276,On or near Thames Way,E01012359,Darlington 014D,Drugs,Further action is not in the public interest,
8446e3bb67ec5a8a64eeaba5fc9cf0d39b695de6e68d624c2967cde52ba5fb5c,2021-05,Durham Constabulary,Durham Constabulary,-1.552941,54.511148,On or near Coleridge Gardens,E01012359,Darlington 014D,Public order,Unable to prosecute suspect,
f1340e37fa9fe5982ebff8f8d49e60313d0dd56e52ff7cf3d8fd458f56f1346b,2021-05,Durham Constabulary,Durham Constabulary,-1.550966,54.512309,On or near Wordsworth Road,E01012359,Darlington 014D,Public order,Further investigation is not in the public interest,
752ceebde8451472ec15636d1c0ec3e7af845459cbae16d4bc5696ed6511f928,2021-05,Durham Constabulary,Durham Constabulary,-1.554722,54.509276,On or near Thames Way,E01012359,Darlington 014D,Vehicle crime,Unable to prosecute suspect,
7b8a7bb954a96ee974dddbaca501b4dcff16250b7dc10070431bfbada03009a5,2021-05,Durham Constabulary,Durham Constabulary,-1.550112,54.511299,On or near Ruskin Road,E01012359,Darlington 014D,Violence and sexual offences,Unable to prosecute suspect,
b2ead78ef0d2f26c2be84d30c76d675ccc45deaddb9d1409c1353e5ec4c02964,2021-05,Durham Constabulary,Durham Constabulary,-1.550112,54.511299,On or near Ruskin Road,E01012359,Darlington 014D,Violence and sexual offences,Action to be taken by another organisation,
6e66371f39f0edd882d8f9f961ad71153530d97ac465da975c31c722574cf608,2021-05,Durham Constabulary,Durham Constabulary,-1.549295,54.509750,On or near Esk Road,E01012359,Darlington 014D,Violence and sexual offences,Unable to prosecute suspect,
aacd4277186ff16a60b5650c1bacae5adccecc84a3884edb000d924f97dda71f,2021-05,Durham Constabulary,Durham Constabulary,-1.550147,54.512342,On or near Tennyson Gardens,E01012359,Darlington 014D,Violence and sexual offences,Unable to prosecute suspect,
5a63958d3aea4b81a8db947ad48ea4c1f94200a2b44ccb493c77bde00fcfd8f5,2021-05,Durham Constabulary,Durham Constabulary,-1.554722,54.509276,On or near Thames Way,E01012359,Darlington 014D,Violence and sexual offences,Unable to prosecute suspect,
d228ec93e1037b60a2e3b15499675a645c07d69d92aa3cfc1a5f584c1be7af63,2021-05,Durham Constabulary,Durham Constabulary,-1.549295,54.509750,On or near Esk Road,E01012359,Darlington 014D,Violence and sexual offences,Investigation complete; no suspect identified,
4073902f7efef9aa7a7b65c7f7dc775c411e58f3bc65fef18ff7304e38bac537,2021-05,Durham Constabulary,Durham Constabulary,-1.551676,54.509588,On or near Tyne Crescent,E01012359,Darlington 014D,Violence and sexual offences,Unable to prosecute suspect,
cd799214bf2971bdd0fe6f100a5a8b9073ed8c6cb4b8091c5687ebd6e2a75414,2021-05,Durham Constabulary,Durham Constabulary,-1.548822,54.512022,On or near Shakespeare Road,E01012359,Darlington 014D,Violence and sexual offences,Action to be taken by another organisation,
,2021-05,Durham Constabulary,Durham Constabulary,-1.548274,54.508506,On or near Pedestrian Subway,E01012338,Darlington 015A,Anti-social behaviour,,
,2021-05,Durham Constabulary,Durham Constabulary,-1.526121,54.486340,On or near Coach Lane,E01012338,Darlington 015A,Anti-social behaviour,,
,2021-05,Durham Constabulary,Durham Constabulary,-1.526121,54.486340,On or near Coach Lane,E01012338,Darlington 015A,Anti-social behaviour,,
,2021-05,Durham Constabulary,Durham Constabulary,-1.513686,54.510583,On or near Parking Area,E01012338,Darlington 015A,Anti-social behaviour,,
,2021-05,Durham Constabulary,Durham Constabulary,-1.519812,54.487349,On or near Timmys Lane,E01012338,Darlington 015A,Anti-social behaviour,,
7a94f11abfe8b66308df6ca44256ead477bd19b18fdaccd1d2bddd29149c7c43,2021-05,Durham Constabulary,Durham Constabulary,-1.553488,54.485007,On or near Tees View,E01012338,Darlington 015A,Burglary,Investigation complete; no suspect identified,
0916504caed47c3cbfc467bcd79f8025778c7f64b4ea13a9bf8cd2ae924b0a67,2021-05,Durham Constabulary,Durham Constabulary,-1.526121,54.486340,On or near Coach Lane,E01012338,Darlington 015A,Criminal damage and arson,Unable to prosecute suspect,
42f73ba5359c0a41370299e98334296f7e5903da78faa47e61b3d11cdc7d4f67,2021-05,Durham Constabulary,Durham Constabulary,-1.526121,54.486340,On or near Coach Lane,E01012338,Darlington 015A,Criminal damage and arson,Investigation complete; no suspect identified,
4617794a5006129b24d56ab84f4d0d00f2c034ae5c6275ed51da5124a982184b,2021-05,Durham Constabulary,Durham Constabulary,-1.526121,54.486340,On or near Coach Lane,E01012338,Darlington 015A,Criminal damage and arson,Investigation complete; no suspect identified,
bbe0cb4c8a2fefdfc540236f5fe46b4c3e43f389e4243d06d7536f826b01695e,2021-05,Durham Constabulary,Durham Constabulary,-1.552828,54.507337,On or near Foss Court,E01012338,Darlington 015A,Criminal damage and arson,Investigation complete; no suspect identified,
6a963000d23597aefbe2af403ab7bee05fa40a8db215585b8af20b60efd8a255,2021-05,Durham Constabulary,Durham Constabulary,-1.523342,54.487687,On or near Sanderson Road,E01012338,Darlington 015A,Drugs,Court result unavailable,
ede4f1d0286c67c844027f4936a35cdaec977e107d74003a302878733b7ec4cd,2021-05,Durham Constabulary,Durham Constabulary,-1.526121,54.486340,On or near Coach Lane,E01012338,Darlington 015A,Drugs,Action to be taken by another organisation,
a0f2d56ac0187eac7338cca2c28952ecf9dffeceb4e59981539ee42d1924a084,2021-05,Durham Constabulary,Durham Constabulary,-1.554216,54.507495,On or near The Lanes,E01012338,Darlington 015A,Other theft,Investigation complete; no suspect identified,
9391abae379d8bdaacc4f30d2928daed45812cd10997fa1a992f47c67a3c85ff,2021-05,Durham Constabulary,Durham Constabulary,-1.523342,54.487687,On or near Sanderson Road,E01012338,Darlington 015A,Public order,Court result unavailable,
3c99e6ead9edff916e7960432025aea687854ff2194b7c34082e1b2df18aedd2,2021-05,Durham Constabulary,Durham Constabulary,-1.492677,54.489656,On or near The Close,E01012338,Darlington 015A,Vehicle crime,Unable to prosecute suspect,
a62a4ff41b288d4517faae42e90a9edc8160953f60efb53e1a2f3e687b1e247a,2021-05,Durham Constabulary,Durham Constabulary,-1.492677,54.489656,On or near The Close,E01012338,Darlington 015A,Violence and sexual offences,Unable to prosecute suspect,
2dd5034684d7ca21569359f99cd25c2fec90901a6442c942fbb66c8f96c08e0f,2021-05,Durham Constabulary,Durham Constabulary,-1.526121,54.486340,On or near Coach Lane,E01012338,Darlington 015A,Violence and sexual offences,Unable to prosecute suspect,
324cb881164e98a52c526bb4f032822c009a7349ae29b6910dd3634eef367ae8,2021-05,Durham Constabulary,Durham Constabulary,-1.554009,54.508078,On or near Skerne Way,E01012338,Darlington 015A,Violence and sexual offences,Unable to prosecute suspect,
9931d1e99e0c67a204d8b1f0e74cd680d43c2b843b5bc0ea4229eddeccbb4864,2021-05,Durham Constabulary,Durham Constabulary,-1.492677,54.489656,On or near The Close,E01012338,Darlington 015A,Violence and sexual offences,Unable to prosecute suspect,
ddd8281550ae2a7d84ecf49f00fa9e1591b5966c01d821564ae44a2b161a9954,2021-05,Durham Constabulary,Durham Constabulary,-1.526121,54.486340,On or near Coach Lane,E01012338,Darlington 015A,Violence and sexual offences,Action to be taken by another organisation,
8099f56a8f2910849657a89983be6bb84d7b49946ad7b73bbfa8dddee83a0977,2021-05,Durham Constabulary,Durham Constabulary,-1.522988,54.487622,On or near The Oval,E01012338,Darlington 015A,Violence and sexual offences,Unable to prosecute suspect,
fddd27202e1aa9d664dc95106d7b60b6df7ce9ece4799b265a51bed8b3ed2129,2021-05,Durham Constabulary,Durham Constabulary,-1.522988,54.487622,On or near The Oval,E01012338,Darlington 015A,Violence and sexual offences,Unable to prosecute suspect,
004b792c69ccb3c518c6a5ec9188ac749a801e66554568681b8f34780fbc9516,2021-05,Durham Constabulary,Durham Constabulary,-1.489082,54.494476,On or near Neasham Covert,E01012338,Darlington 015A,Violence and sexual offences,Unable to prosecute suspect,
,2021-05,Durham Constabulary,Durham Constabulary,-1.542223,54.479258,On or near Pilmore Mews,E01012339,Darlington 015B,Anti-social behaviour,,
,2021-05,Durham Constabulary,Durham Constabulary,-1.531577,54.489804,On or near Greenfield Close,E01012339,Darlington 015B,Anti-social behaviour,,
f247ad724cff166069e1383cdb4b9e58083336cc38533c1315b4eccf1c73aa59,2021-05,Durham Constabulary,Durham Constabulary,-1.551806,54.483509,On or near Baxby Terrace,E01012339,Darlington 015B,Burglary,Investigation complete; no suspect identified,
2273f02c432e67df630d65cf4370edb45120e41087fbc1d65264d5900a7feb15,2021-05,Durham Constabulary,Durham Constabulary,-1.531027,54.486557,On or near Greenside Court,E01012339,Darlington 015B,Criminal damage and arson,Investigation complete; no suspect identified,
81c8880fb7a2111fe953a81a8e0ba767e603ccdb6b5e12ee0cf835601f8e0261,2021-05,Durham Constabulary,Durham Constabulary,-1.547849,54.485453,On or near Eden Close,E01012339,Darlington 015B,Other theft,Investigation complete; no suspect identified,
1852ddb4a2cf56a39553e08849cefaa080caf2158e8de4c440fb0969a51f06d4,2021-05,Durham Constabulary,Durham Constabulary,-1.538851,54.484053,On or near Elmfield Road,E01012339,Darlington 015B,Other theft,Investigation complete; no suspect identified,
274d5d4cc9475a5c76c5ed8d3d30be898f73598e8bfdce39feb6d83f7b0f56b7,2021-05,Durham Constabulary,Durham Constabulary,-1.553017,54.481509,On or near Sports/Recreation Area,E01012339,Darlington 015B,Public order,Unable to prosecute suspect,
ee8eb9301e2037f13f28a34471be372b4679b9d4df973b7a5b1063262e85e71b,2021-05,Durham Constabulary,Durham Constabulary,-1.551806,54.483509,On or near Baxby Terrace,E01012339,Darlington 015B,Vehicle crime,Investigation complete; no suspect identified,
6ce2733baaa24517632aebcdde89626a1e42f8823dc427263fd45b844100b05e,2021-05,Durham Constabulary,Durham Constabulary,-1.538851,54.484053,On or near Elmfield Road,E01012339,Darlington 015B,Violence and sexual offences,Unable to prosecute suspect,
,2021-05,Durham Constabulary,Durham Constabulary,-1.459087,54.516507,On or near Yarm Road,E01012344,Darlington 015C,Anti-social behaviour,,
,2021-05,Durham Constabulary,Durham Constabulary,-1.468642,54.517035,On or near Station Road,E01012344,Darlington 015C,Anti-social behaviour,,
,2021-05,Durham Constabulary,Durham Constabulary,-1.471869,54.512340,On or near Pounteys Close,E01012344,Darlington 015C,Anti-social behaviour,,
,2021-05,Durham Constabulary,Durham Constabulary,-1.471869,54.512340,On or near Pounteys Close,E01012344,Darlington 015C,Anti-social behaviour,,
,2021-05,Durham Constabulary,Durham Constabulary,-1.471869,54.512340,On or near Pounteys Close,E01012344,Darlington 015C,Anti-social behaviour,,
,2021-05,Durham Constabulary,Durham Constabulary,-1.471869,54.512340,On or near Pounteys Close,E01012344,Darlington 015C,Anti-social behaviour,,
970b0b1a1427aeaf397028afa2ad0d8fcee301e52a01785936057c397ddef69f,2021-05,Durham Constabulary,Durham Constabulary,-1.471869,54.512340,On or near Pounteys Close,E01012344,Darlington 015C,Burglary,Investigation complete; no suspect identified,
3d22afe12b87419eee2d7e5a823ca54f11b8591161b1861fa1a5ac5f252ae673,2021-05,Durham Constabulary,Durham Constabulary,-1.468642,54.517035,On or near Station Road,E01012344,Darlington 015C,Public order,Further action is not in the public interest,
492a58a8ab7cf35b027ead91573b5bd024d81ab2336334a0285f121d4b4b22cf,2021-05,Durham Constabulary,Durham Constabulary,-1.468539,54.518949,On or near Sports/Recreation Area,E01012344,Darlington 015C,Violence and sexual offences,Investigation complete; no suspect identified,
0cc70928d4d68c44ef1bfaacf1409c155168caf97516aefb75bd4c991aebda44,2021-05,Durham Constabulary,Durham Constabulary,-1.471869,54.512340,On or near Pounteys Close,E01012344,Darlington 015C,Violence and sexual offences,Unable to prosecute suspect,
b1b538d1c7ca898b846662b80a6d4b2910842462009e49084f83788a0d198984,2021-05,Durham Constabulary,Durham Constabulary,-1.471869,54.512340,On or near Pounteys Close,E01012344,Darlington 015C,Violence and sexual offences,Unable to prosecute suspect,
fd8602dc86d7962d6f924d5537771bc739a06d1fcff10417790f969a9c67837c,2021-05,Durham Constabulary,Durham Constabulary,-1.475738,54.503271,On or near Park/Open Space,E01012344,Darlington 015C,Violence and sexual offences,Investigation complete; no suspect identified,
,2021-05,Durham Constabulary,Durham Constabulary,-1.448199,54.515155,On or near Washington Avenue,E01012345,Darlington 015D,Anti-social behaviour,,
a7a9e6fa1aa1970cad505a9e3cb45fd6b6c49d7cb11970afe0f29a4fe43cbed8,2021-05,Durham Constabulary,Durham Constabulary,-1.430631,54.515505,On or near Aviation Way,E01012345,Darlington 015D,Criminal damage and arson,Unable to prosecute suspect,
46c1c0eb86842563cc2954a3b2a3fe1268f78fd25ee098039f01704b6289c821,2021-05,Durham Constabulary,Durham Constabulary,-1.433585,54.511933,On or near Airport/Airfield,E01012345,Darlington 015D,Other theft,Unable to prosecute suspect,
49c215d15753da2da91cb1fa7a8d09a9052698f8f95195159ef5da99cac2a3b7,2021-05,Durham Constabulary,Durham Constabulary,-1.430631,54.515505,On or near Aviation Way,E01012345,Darlington 015D,Public order,Unable to prosecute suspect,
f8594dc0b3742f4ea01882d8f1b48e5e1c508e33a8a5d0f3732205a56ec56149,2021-05,Durham Constabulary,Durham Constabulary,-1.430631,54.515505,On or near Aviation Way,E01012345,Darlington 015D,Public order,Unable to prosecute suspect,
bb076b35e097ba4340ba2b950e4ca8adedfbe51d97ec3eda290439516df8079c,2021-05,Durham Constabulary,Durham Constabulary,-1.430631,54.515505,On or near Aviation Way,E01012345,Darlington 015D,Violence and sexual offences,Unable to prosecute suspect,
a974527c6759edf7c618e0a53c2349114391308db899ca01a2d69ea13c456d44,2021-05,Durham Constabulary,Durham Constabulary,-1.468545,54.506592,On or near Hunters Green,E01012345,Darlington 015D,Violence and sexual offences,Local resolution,
d422e414a7a374b66a6e4b0ffe2154ee0c2cb02c739b1298e4c1cacbcc41f029,2021-05,Durham Constabulary,Durham Constabulary,-1.468545,54.506592,On or near Hunters Green,E01012345,Darlington 015D,Violence and sexual offences,Local resolution,
0e2facadb321e761cf08ef7252f46c8ace6ccbc561524b376aa3ddd3fdc6b5df,2021-05,Durham Constabulary,Durham Constabulary,-1.430631,54.515505,On or near Aviation Way,E01012345,Darlington 015D,Violence and sexual offences,Unable to prosecute suspect,
08b672fbb207d6d2b613fdcf3cd1b2bd347f585d3541f9a1a45f8359b0bab850,2021-05,Durham Constabulary,Durham Constabulary,-1.430631,54.515505,On or near Aviation Way,E01012345,Darlington 015D,Violence and sexual offences,Local resolution,
,2021-05,Durham Constabulary,Durham Constabulary,-1.472278,54.521374,On or near Haxby Road,E01012346,Darlington 015E,Anti-social behaviour,,
,2021-05,Durham Constabulary,Durham Constabulary,-1.461295,54.517748,On or near Prestwick Court,E01012346,Darlington 015E,Anti-social behaviour,,
,2021-05,Durham Constabulary,Durham Constabulary,-1.471639,54.519385,On or near Station Road,E01012346,Darlington 015E,Anti-social behaviour,,
0d4b1d68b7571e335b2feac254a681b7216baae553caf5779d3e0e07c855e201,2021-05,Durham Constabulary,Durham Constabulary,-1.470460,54.517402,On or near High Stell,E01012346,Darlington 015E,Criminal damage and arson,Investigation complete; no suspect identified,
b6c16d4666311b65d171021f548a2cc877c00734b6a604b1384073dc9e4d6256,2021-05,Durham Constabulary,Durham Constabulary,-1.462889,54.516282,On or near The Beeches,E01012346,Darlington 015E,Public order,Investigation complete; no suspect identified,
7d5cc2be05f268882173406ad8db9fe2765826131bd1869953fd54b579b583d7,2021-05,Durham Constabulary,Durham Constabulary,-1.470460,54.517402,On or near High Stell,E01012346,Darlington 015E,Public order,Investigation complete; no suspect identified,
67b7f6111748866c16186e250b167ef928786e9c7ebf708b0a294d38da87d32b,2021-05,Durham Constabulary,Durham Constabulary,-1.472278,54.521374,On or near Haxby Road,E01012346,Darlington 015E,Violence and sexual offences,Unable to prosecute suspect,
aa98dc87d665c1f5ab1a69ed0820d5e94824dc6e8307eb1475612a30d4fee7d2,2021-05,Durham Constabulary,Durham Constabulary,-1.471639,54.519385,On or near Station Road,E01012346,Darlington 015E,Violence and sexual offences,Investigation complete; no suspect identified,
26e389f4255ae2d51b7898b129dd5b4616e2ccfb50082bc904b08e183876cf56,2021-05,Durham Constabulary,Durham Constabulary,-1.470460,54.517402,On or near High Stell,E01012346,Darlington 015E,Violence and sexual offences,Local resolution,
ed4c7bdc4855bc7253ec4664860c6479bcf70e105552dcbe30610f989d09e297,2021-05,Durham Constabulary,Durham Constabulary,-1.464144,54.518408,On or near Ringway Grove,E01012346,Darlington 015E,Violence and sexual offences,Unable to prosecute suspect,
c7ca9eba0842bb20658f52408c5cfb1d1d77c3391ce1c14e133c7b3bb8680be0,2021-05,Durham Constabulary,Durham Constabulary,-1.464144,54.518408,On or near Ringway Grove,E01012346,Darlington 015E,Violence and sexual offences,Unable to prosecute suspect,
408bbc0fb50aa63d349f85ea0930a75b93e71f477359d3d119c50c08b8db2b9b,2021-05,Durham Constabulary,Durham Constabulary,-0.915816,52.297183,On or near Brampton Lane,E01026997,Daventry 005A,Violence and sexual offences,Investigation complete; no suspect identified,
3d4889e974128e10f4cde31918dbfe853e1d937526099ec79b2a65c61178ed16,2021-05,Durham Constabulary,Durham Constabulary,0.280406,50.771614,On or near The Avenue,E01020968,Eastbourne 011D,Violence and sexual offences,Status update unavailable,
75339e9619098d272ba4b526a4b469b9cd7252b79b89d192b6ff4525a2b34074,2021-05,Durham Constabulary,Durham Constabulary,-1.772370,54.954833,On or near Elmtree Drive,E01008195,Gateshead 002A,Violence and sexual offences,Unable to prosecute suspect,
7e32bbb1b0fc3fb4551d791ccd85d053327399648c4ebe1bb97b3f30da566544,2021-05,Durham Constabulary,Durham Constabulary,-1.727980,54.958984,On or near Tulip Close,E01008180,Gateshead 004B,Violence and sexual offences,Action to be taken by another organisation,
22e288be51ff0b87ce262c7a79bd9c742de0d36e44f799df8a3750999841e80a,2021-05,Durham Constabulary,Durham Constabulary,-1.702347,54.968314,On or near Patterson Street,E01008181,Gateshead 005C,Drugs,Investigation complete; no suspect identified,
3775d6793952650e0a869de398348ca3fb4c3856dd6ff84444d4e5527538ffcb,2021-05,Durham Constabulary,Durham Constabulary,-1.550523,54.941474,On or near Bleachfeld,E01008231,Gateshead 015A,Violence and sexual offences,Action to be taken by another organisation,
3a0b3417dcfe69e53045cd1033e5b82d5456713fa04eede05a51b40c9abd3876,2021-05,Durham Constabulary,Durham Constabulary,-1.675442,54.922649,On or near Supermarket,E01008272,Gateshead 019E,Public order,Unable to prosecute suspect,
,2021-05,Durham Constabulary,Durham Constabulary,-1.744208,54.919192,On or near Supermarket,E01008184,Gateshead 022A,Anti-social behaviour,,
8f3b554757e0a8240ca66a0b4efe521419ced62378c13f69fa7c174ca9b03365,2021-05,Durham Constabulary,Durham Constabulary,-1.582221,54.905794,On or near Elisabeth Avenue,E01008224,Gateshead 025C,Violence and sexual offences,Unable to prosecute suspect,
e960a366318bd9d72ffaa37aabf3f04ceba39117126edd5ac6afe38d1bf8e19f,2021-05,Durham Constabulary,Durham Constabulary,-1.600330,54.960734,On or near Grahamsley Street,E01008166,Gateshead 027C,Violence and sexual offences,Action to be taken by another organisation,
b3d2e25ee76042240a3c8b0a8ce3c90a64690a05967e638f1617038e3d90735e,2021-05,Durham Constabulary,Durham Constabulary,-1.418328,54.340754,On or near Hailstone Drive,E01027609,Hambleton 004D,Violence and sexual offences,Status update unavailable,
1bc159c477c9b69ae24ebab96a48fc8b7ce4d081398152d658759d3675f9540c,2021-05,Durham Constabulary,Durham Constabulary,-1.212064,54.685077,On or near Shopping Area,E01011999,Hartlepool 007D,Violence and sexual offences,Status update unavailable,
6897cca9754aae620690505c6b44cbed0e5c3742512647d12e5b84e8d239b081,2021-05,Durham Constabulary,Durham Constabulary,-1.275175,54.707120,On or near South View,E01011959,Hartlepool 014A,Vehicle crime,Status update unavailable,
c759840bddd668544b073794e05cbc715b261faa6a2d0f689765c45c0b11d092,2021-05,Durham Constabulary,Durham Constabulary,-0.389137,51.522088,On or near Burpham Close,E01002545,Hillingdon 023C,Violence and sexual offences,Status update unavailable,
aa9297c7ebf3c7b719dd98baaf539e68365c384055daa50541aa51ecec2b167a,2021-05,Durham Constabulary,Durham Constabulary,-0.389137,51.522088,On or near Burpham Close,E01002545,Hillingdon 023C,Violence and sexual offences,Status update unavailable,
1b188149af7c5055ca323d1fe12aa23da1308c1a801f6030362e5d4249c40032,2021-05,Durham Constabulary,Durham Constabulary,-1.388533,53.927078,On or near Scott Mews,E01011704,Leeds 002C,Violence and sexual offences,Status update unavailable,
fa7ee2aede1e2cd6364a318d295eb1832a7552f1fb94a36bf7d128bce1206e35,2021-05,Durham Constabulary,Durham Constabulary,-1.134680,52.626548,On or near Leicester Royal Infirmiry,E01013647,Leicester 040B,Violence and sexual offences,Action to be taken by another organisation,
4a7fd0eb162eb8865be022121897f9a43aeea4a5b11dc6823b0da290d5619cab,2021-05,Durham Constabulary,Durham Constabulary,-1.247333,54.566970,On or near Supermarket,E01012040,Middlesbrough 003E,Violence and sexual offences,Investigation complete; no suspect identified,
541e27ac5743dac21579200147b42adfeefa1825fa5f140f610ccab1a6958b9c,2021-05,Durham Constabulary,Durham Constabulary,-1.235608,54.555474,On or near Hebron Road,E01033469,Middlesbrough 006E,Other crime,Status update unavailable,
153e312daf405e77b9417bd765580acaa69ada559b4fe3efea5273d9f3d02d07,2021-05,Durham Constabulary,Durham Constabulary,-1.255949,54.566934,On or near Bell Street,E01012014,Middlesbrough 008D,Violence and sexual offences,Status update unavailable,
560abf1e22ff17578dc7bc8957f59bec1348cb9363e9772b84b1df3647af6c7c,2021-05,Durham Constabulary,Durham Constabulary,-1.214193,54.540958,On or near Grantham Green,E01012051,Middlesbrough 014C,Violence and sexual offences,Unable to prosecute suspect,
321e09956122a49d3851421b5401144572fb94fbe5b2915cacb36b1ed42fa79c,2021-05,Durham Constabulary,Durham Constabulary,-1.231302,54.522159,On or near Beckenham Gardens,E01012045,Middlesbrough 018D,Violence and sexual offences,Unable to prosecute suspect,
d0a05e8d90a6ddbfec868f48188437b5450078727d4a2eee65279986f11e68b6,2021-05,Durham Constabulary,Durham Constabulary,-1.577804,55.049164,On or near Cheviot Grange,E01008478,North Tyneside 002A,Violence and sexual offences,Status update unavailable,
2e9dccadb5c2d4df7639c6f172fe3841f04b26bf9f4fee1ab6f51fe9b9a11e1b,2021-05,Durham Constabulary,Durham Constabulary,-1.482747,54.992498,On or near Mitford Street,E01008540,North Tyneside 027B,Violence and sexual offences,Investigation complete; no suspect identified,
f269999b0205f8128bd4173f4b698e84b30147c46a26732b19f6a11c0bb4993b,2021-05,Durham Constabulary,Durham Constabulary,-2.008181,55.542312,On or near Parking Area,E01027390,Northumberland 003F,Violence and sexual offences,Unable to prosecute suspect,
f8f42fbbad6cdac5840bc29e9b00a09b8367a5321197224d8ffbee2211f34d9d,2021-05,Durham Constabulary,Durham Constabulary,-1.634255,55.296721,On or near Wansbeck Road,E01027444,Northumberland 008B,Violence and sexual offences,Status update unavailable,
1abf50925e3e5d3b09c3fb43e8656d306da21f5553f830f0579cca53d0c697d0,2021-05,Durham Constabulary,Durham Constabulary,-1.581311,55.082164,On or near Adderstone Avenue,E01027411,Northumberland 029C,Violence and sexual offences,Status update unavailable,
db2282338d6f2d29e48b06b53e55b38a10108e9d88a9665c1fff0fcb416e0b5b,2021-05,Durham Constabulary,Durham Constabulary,-2.101011,54.972913,On or near Cecil Terrace,E01027476,Northumberland 035A,Violence and sexual offences,Status update unavailable,
543a273049a2442195760f32043190be9c6950bfbaffdf999a30b3d62a75f64b,2021-05,Durham Constabulary,Durham Constabulary,-1.865441,54.957182,On or near Sandysykes,E01027502,Northumberland 038F,Violence and sexual offences,Unable to prosecute suspect,
b29737ec27dc1c7e8ee250f909b8c5cae49114ad611cfbf3064165ce9a3939cf,2021-05,Durham Constabulary,Durham Constabulary,-2.054585,54.847836,On or near B6306,E01027506,Northumberland 039D,Public order,Unable to prosecute suspect,
6f5e0fc5b23b525a0c6281634569da3aa660c84de56dedc869ddcc44054ebbec,2021-05,Durham Constabulary,Durham Constabulary,-2.054585,54.847836,On or near B6306,E01027506,Northumberland 039D,Violence and sexual offences,Unable to prosecute suspect,
1ec2c3b3aa1443ae437fe3da6ea9a16ea6aafcafbeec1d2354a5dbad8d2b3543,2021-05,Durham Constabulary,Durham Constabulary,-1.208641,52.997359,On or near Lodgewood Close,E01013878,Nottingham 005D,Violence and sexual offences,Action to be taken by another organisation,
1ddd8eaa59deb63043c43b38de358755e127c4fe375f43b11edab699aea3f0aa,2021-05,Durham Constabulary,Durham Constabulary,-1.171047,52.956974,On or near Garden Street,E01033404,Nottingham 028G,Violence and sexual offences,Status update unavailable,
09187fecab790cccfa61944f5e57ba018474736368991cb366872b94768afcd4,2021-05,Durham Constabulary,Durham Constabulary,-2.759014,53.771134,On or near Arnside Road,E01025268,Preston 013E,Violence and sexual offences,Further investigation is not in the public interest,
58e9d75679bf2de32b01ccbee16bac4d83b92f24d7c9479be32d1af9b1f45bd7,2021-05,Durham Constabulary,Durham Constabulary,-1.064262,54.616615,On or near France Street,E01012102,Redcar and Cleveland 001C,Public order,Status update unavailable,
e2ad14f7f8e7d2dfa6d068db0e49c76e34144103e10d6335f94cbfc5f6b13222,2021-05,Durham Constabulary,Durham Constabulary,-0.889366,54.554041,On or near Zetland Road,E01012136,Redcar and Cleveland 013D,Violence and sexual offences,Court result unavailable,
,2021-05,Durham Constabulary,Durham Constabulary,-1.555132,54.482883,On or near Tees View,E01027751,Richmondshire 001B,Anti-social behaviour,,
2ae14d0ab7c87bab5591a473b90f0dc6759b698b7d5617ea9becd0588d336cde,2021-05,Durham Constabulary,Durham Constabulary,-1.672348,54.534123,On or near Parking Area,E01027759,Richmondshire 001D,Violence and sexual offences,Unable to prosecute suspect,
e4c8b67fd589855a36b7def8b163d93331ead375fffd7774053f6691ce3a13eb,2021-05,Durham Constabulary,Durham Constabulary,-1.688977,54.381289,On or near Forest Drive,E01027749,Richmondshire 004A,Violence and sexual offences,Status update unavailable,
1684ee0b7dc34fa3120f376d21de6c9921ce783729e20bb793ec39c5269c54c0,2021-05,Durham Constabulary,Durham Constabulary,-2.040511,52.532339,On or near Spring Meadow,E01009976,Sandwell 016A,Violence and sexual offences,Action to be taken by another organisation,
f0e49ed9f77e58af42f166efebb3507654122f2ab107fe02fd0c633d6e46b2b7,2021-05,Durham Constabulary,Durham Constabulary,-0.660634,52.918562,On or near Dover Close,E01026320,South Kesteven 004A,Violence and sexual offences,Status update unavailable,
a7f4af9116c9d8179a7b1b2701e3188ddeb95a85e08797a9bb7ed7cfc412c9cc,2021-05,Durham Constabulary,Durham Constabulary,-0.660634,52.918562,On or near Dover Close,E01026320,South Kesteven 004A,Violence and sexual offences,Status update unavailable,
b6712e1f947611c96f964745b5b855d09890a40c30b640a53983b721999c0299,2021-05,Durham Constabulary,Durham Constabulary,-3.066097,54.364047,On or near Ferry Terminal,E01019350,South Lakeland 008C,Violence and sexual offences,Action to be taken by another organisation,
892f330b6ad60776974d97f889fbc781218a0b411edc831d87b8b4da1e59919a,2021-05,Durham Constabulary,Durham Constabulary,1.163306,52.651669,On or near Parker'S Close,E01026895,South Norfolk 002D,Violence and sexual offences,Status update unavailable,
83cc389eccefef384ff971738e473ee170bdf703cd45a63d9c0ba10d8f3688fb,2021-05,Durham Constabulary,Durham Constabulary,-1.290438,54.588350,On or near Imperial Road,E01012278,Stockton-on-Tees 004A,Violence and sexual offences,Status update unavailable,
14b0544efa489a9b462a7fdeb07d8867d260609b0b981ab32cbeb8acaff54666,2021-05,Durham Constabulary,Durham Constabulary,-1.420763,54.602668,On or near Mount Pleasant Road,E01012295,Stockton-on-Tees 005E,Public order,Unable to prosecute suspect,
5ed584d79ce125a7506d114ff7200513b2e837d4e9a62680930a139ddca0b28b,2021-05,Durham Constabulary,Durham Constabulary,-1.345025,54.584946,On or near Kepier Close,E01012247,Stockton-on-Tees 008A,Violence and sexual offences,Unable to prosecute suspect,
fb66bfa84d4ff1baa3b4f9ed6d11809fc8526568a008e3d846066fa07c74ac22,2021-05,Durham Constabulary,Durham Constabulary,-1.338885,54.581929,On or near Bede Close,E01012248,Stockton-on-Tees 009D,Violence and sexual offences,Action to be taken by another organisation,
62af8fc31d2d89e7f95698ad5e700e20d37ffda5c6c43c036e22c16d6eef7bd7,2021-05,Durham Constabulary,Durham Constabulary,-1.288509,54.575631,On or near Wetherby Close,E01012258,Stockton-on-Tees 010C,Violence and sexual offences,Action to be taken by another organisation,
d8b51e5b7d14332e4fa4dd3f418d04427f6e178edda4f419a5a781231ac24cd5,2021-05,Durham Constabulary,Durham Constabulary,-1.311868,54.572890,On or near Railway Street,E01012268,Stockton-on-Tees 010E,Other theft,Unable to prosecute suspect,
4947ad94c1fd8e4d00d1b4c9c928f4459ec23790de14979a438f449d8d527673,2021-05,Durham Constabulary,Durham Constabulary,-1.306600,54.575197,On or near Talbot Street,E01012268,Stockton-on-Tees 010E,Violence and sexual offences,Status update unavailable,
69ca86aaa3a01650313ea7ed11be7a4eab2fd737650b1f8181c6d66a11952f23,2021-05,Durham Constabulary,Durham Constabulary,-1.378499,54.921566,On or near Sandringham Road,E01008788,Sunderland 006C,Violence and sexual offences,Action to be taken by another organisation,
1035c12882b470c3020ed8fcb8bec9e7c7b4b2e300d6782fec8b34212c2ce16d,2021-05,Durham Constabulary,Durham Constabulary,-1.387978,54.903462,On or near Albion Place,E01008831,Sunderland 013D,Violence and sexual offences,Status update unavailable,
2fb1bcf688feeecc1a7b90d220c381583b344d5904fa2362e75ccb92ec2bc016,2021-05,Durham Constabulary,Durham Constabulary,-1.361364,54.867550,On or near Hedley Terrace,E01008768,Sunderland 028D,Violence and sexual offences,Action to be taken by another organisation,
d7b90e9f4cacb820c3822390dc0e679b0dc2bf91d39fcafa2b214902ff82c9e1,2021-05,Durham Constabulary,Durham Constabulary,-1.361364,54.867550,On or near Hedley Terrace,E01008768,Sunderland 028D,Violence and sexual offences,Action to be taken by another organisation,
d676b921f61c3371ed1d1b6d30ee305e827a99b05d89d7d65c976b117306d9c2,2021-05,Durham Constabulary,Durham Constabulary,-1.367625,54.859755,On or near Stockton Road,E01008768,Sunderland 028D,Violence and sexual offences,Status update unavailable,
b1fd3e649ac206c896915fba8073d18a7c3cfbdef38aeaf3e4c0cceec65fbcb7,2021-05,Durham Constabulary,Durham Constabulary,-1.361364,54.867550,On or near Hedley Terrace,E01008768,Sunderland 028D,Other crime,Action to be taken by another organisation,
,2021-05,Durham Constabulary,Durham Constabulary,-1.502206,54.858413,On or near Lytham Grange,E01008797,Sunderland 030C,Anti-social behaviour,,
10a037e86ade06d7f808f355bf4ce985c1007c74612da19db10b1604c9651c66,2021-05,Durham Constabulary,Durham Constabulary,-1.488385,54.861168,On or near Blossom Grove,E01008796,Sunderland 032D,Violence and sexual offences,Unable to prosecute suspect,
2cead3ccd74aa7fa59c8dbac51fe316382f0374ec060bd99711eaa982af4f1eb,2021-05,Durham Constabulary,Durham Constabulary,-1.503676,54.840212,On or near Railway Cottages,E01008755,Sunderland 033E,Public order,Local resolution,
3f9ed7c82ffda476dac17b18e471702af6f345f9803ebe106c3d6ec9a559873b,2021-05,Durham Constabulary,Durham Constabulary,-1.497967,54.842256,On or near Blumer Street,E01008755,Sunderland 033E,Violence and sexual offences,Unable to prosecute suspect,
e45cdb4ac30fb8a00572d58cae3b5249b0f3f0e6abb46d3324d62ffcfd094fbd,2021-05,Durham Constabulary,Durham Constabulary,-1.480963,54.843496,On or near Lime Avenue,E01008754,Sunderland 034F,Drugs,Offender given a caution,
490ac4f4a61b6990bf65660378ebb018e885a1d6b65db9ab9fc891eb110e103c,2021-05,Durham Constabulary,Durham Constabulary,-1.480963,54.843496,On or near Lime Avenue,E01008754,Sunderland 034F,Possession of weapons,Status update unavailable,
a9083c1b571d34b7fe539e828a15c80a3a9a848b2acd1f41d04c26fa32af3910,2021-05,Durham Constabulary,Durham Constabulary,-1.448436,54.803309,On or near Parking Area,E01008744,Sunderland 036B,Public order,Unable to prosecute suspect,
,2021-05,Durham Constabulary,Durham Constabulary,-1.423499,54.803283,On or near Salter'S Lane,E01008746,Sunderland 036D,Anti-social behaviour,,
6d80ff9aa519c32581a9132762987e8d63cef738877991d2b52230eb02e979e4,2021-05,Durham Constabulary,Durham Constabulary,-1.436526,54.806211,On or near Grasmere Avenue,E01008746,Sunderland 036D,Violence and sexual offences,Action to be taken by another organisation,
